 0.4000000E+01  0.2016866E-01  0.1527114E-05  0.2620031E-02  0.2279022E-01
 0.8000000E+01  0.2016482E-01  0.5036513E-05  0.2620316E-02  0.2279018E-01
 0.1200000E+02  0.2015846E-01  0.1085365E-04  0.2620789E-02  0.2279010E-01
 0.1600000E+02  0.2014952E-01  0.1901350E-04  0.2621448E-02  0.2278999E-01
 0.2000000E+02  0.2013820E-01  0.2930228E-04  0.2622291E-02  0.2278979E-01
 0.2400000E+02  0.2012444E-01  0.4161525E-04  0.2623317E-02  0.2278938E-01
 0.2800000E+02  0.2010814E-01  0.5601244E-04  0.2624524E-02  0.2278868E-01
 0.3200000E+02  0.2008945E-01  0.7279747E-04  0.2625909E-02  0.2278816E-01
 0.3600000E+02  0.2007016E-01  0.9159631E-04  0.2627585E-02  0.2278934E-01
 0.4000000E+02  0.2004681E-01  0.1128195E-03  0.2629320E-02  0.2278895E-01
 0.4400000E+02  0.2002114E-01  0.1350681E-03  0.2631228E-02  0.2278744E-01
 0.4800000E+02  0.1999335E-01  0.1588896E-03  0.2633307E-02  0.2278555E-01
 0.5200000E+02  0.1996317E-01  0.1844370E-03  0.2635552E-02  0.2278316E-01
 0.5600000E+02  0.1993096E-01  0.2121785E-03  0.2637963E-02  0.2278110E-01
 0.6000000E+02  0.1989701E-01  0.2406616E-03  0.2640537E-02  0.2277820E-01
 0.6400000E+02  0.1985963E-01  0.2705337E-03  0.2643286E-02  0.2277345E-01
 0.6800000E+02  0.1982146E-01  0.3031666E-03  0.2646178E-02  0.2277081E-01
 0.7200000E+02  0.1978115E-01  0.3362941E-03  0.2649224E-02  0.2276666E-01
 0.7600000E+02  0.1973930E-01  0.3700741E-03  0.2652423E-02  0.2276180E-01
 0.8000000E+02  0.1969535E-01  0.4045674E-03  0.2655771E-02  0.2275569E-01
 0.8400000E+02  0.1964931E-01  0.4412017E-03  0.2659530E-02  0.2275004E-01
 0.8800000E+02  0.1960207E-01  0.4792655E-03  0.2663167E-02  0.2274450E-01
 0.9200000E+02  0.1955272E-01  0.5180188E-03  0.2666945E-02  0.2273769E-01
 0.9600000E+02  0.1950214E-01  0.5578948E-03  0.2670860E-02  0.2273090E-01
 0.1000000E+03  0.1944966E-01  0.5981059E-03  0.2674909E-02  0.2272267E-01
 0.1040000E+03  0.1939552E-01  0.6403845E-03  0.2679089E-02  0.2271499E-01
 0.1080000E+03  0.1934063E-01  0.6821665E-03  0.2683397E-02  0.2270619E-01
 0.1120000E+03  0.1928412E-01  0.7239103E-03  0.2687830E-02  0.2269586E-01
 0.1160000E+03  0.1922612E-01  0.7675456E-03  0.2692383E-02  0.2268605E-01
 0.1200000E+03  0.1916725E-01  0.8115904E-03  0.2697053E-02  0.2267589E-01
 0.1240000E+03  0.1910681E-01  0.8552621E-03  0.2701837E-02  0.2266391E-01
 0.1280000E+03  0.1904639E-01  0.8995441E-03  0.2706983E-02  0.2265291E-01
 0.1320000E+03  0.1898367E-01  0.9439867E-03  0.2712092E-02  0.2263975E-01
 0.1360000E+03  0.1892023E-01  0.9886370E-03  0.2717188E-02  0.2262605E-01
 0.1400000E+03  0.1885596E-01  0.1033181E-02  0.2722381E-02  0.2261152E-01
 0.1440000E+03  0.1879091E-01  0.1077934E-02  0.2727670E-02  0.2259651E-01
 0.1480000E+03  0.1872495E-01  0.1121982E-02  0.2733048E-02  0.2257998E-01
 0.1520000E+03  0.1865765E-01  0.1166179E-02  0.2738514E-02  0.2256234E-01
 0.1560000E+03  0.1859107E-01  0.1210688E-02  0.2744101E-02  0.2254585E-01
 0.1600000E+03  0.1852453E-01  0.1254176E-02  0.2749458E-02  0.2252817E-01
 0.1640000E+03  0.1845579E-01  0.1297809E-02  0.2755152E-02  0.2250875E-01
 0.1680000E+03  0.1838602E-01  0.1341219E-02  0.2760915E-02  0.2248815E-01
 0.1720000E+03  0.1831606E-01  0.1385125E-02  0.2766744E-02  0.2246793E-01
 0.1760000E+03  0.1824611E-01  0.1428581E-02  0.2772633E-02  0.2244733E-01
 0.1800000E+03  0.1817562E-01  0.1471027E-02  0.2778577E-02  0.2242523E-01
 0.1840000E+03  0.1810489E-01  0.1513012E-02  0.2784573E-02  0.2240248E-01
 0.1880000E+03  0.1803340E-01  0.1554917E-02  0.2790616E-02  0.2237894E-01
 0.1920000E+03  0.1796090E-01  0.1598064E-02  0.2796701E-02  0.2235567E-01
 0.1960000E+03  0.1788953E-01  0.1640076E-02  0.2802823E-02  0.2233243E-01
 0.2000000E+03  0.1781780E-01  0.1680271E-02  0.2808978E-02  0.2230705E-01
 0.2040000E+03  0.1774445E-01  0.1721770E-02  0.2815160E-02  0.2228138E-01
 0.2080000E+03  0.1767226E-01  0.1762542E-02  0.2821365E-02  0.2225617E-01
 0.2120000E+03  0.1759997E-01  0.1800500E-02  0.2827587E-02  0.2222806E-01
 0.2160000E+03  0.1752683E-01  0.1839523E-02  0.2833823E-02  0.2220018E-01
 0.2200000E+03  0.1745429E-01  0.1878965E-02  0.2839975E-02  0.2217323E-01
 0.2240000E+03  0.1738206E-01  0.1917493E-02  0.2846010E-02  0.2214556E-01
 0.2280000E+03  0.1730943E-01  0.1956098E-02  0.2852249E-02  0.2211778E-01
 0.2320000E+03  0.1723795E-01  0.1992265E-02  0.2858425E-02  0.2208864E-01
 0.2360000E+03  0.1716638E-01  0.2026932E-02  0.2864176E-02  0.2205749E-01
 0.2400000E+03  0.1709429E-01  0.2062427E-02  0.2870076E-02  0.2202680E-01
 0.2440000E+03  0.1702301E-01  0.2096597E-02  0.2876409E-02  0.2199601E-01
 0.2480000E+03  0.1695109E-01  0.2129095E-02  0.2882558E-02  0.2196274E-01
 0.2520000E+03  0.1687979E-01  0.2162883E-02  0.2888675E-02  0.2193135E-01
 0.2560000E+03  0.1680883E-01  0.2195467E-02  0.2894754E-02  0.2189905E-01
 0.2600000E+03  0.1673837E-01  0.2225381E-02  0.2901072E-02  0.2186482E-01
 0.2640000E+03  0.1666714E-01  0.2254406E-02  0.2906807E-02  0.2182836E-01
 0.2680000E+03  0.1659941E-01  0.2283407E-02  0.2912183E-02  0.2179501E-01
 0.2720000E+03  0.1653057E-01  0.2311887E-02  0.2917784E-02  0.2176024E-01
 0.2760000E+03  0.1646191E-01  0.2339504E-02  0.2923584E-02  0.2172499E-01
 0.2800000E+03  0.1639236E-01  0.2366266E-02  0.2929317E-02  0.2168795E-01
 0.2840000E+03  0.1632479E-01  0.2392314E-02  0.2934438E-02  0.2165154E-01
 0.2880000E+03  0.1625837E-01  0.2417750E-02  0.2939778E-02  0.2161590E-01
 0.2920000E+03  0.1619091E-01  0.2442952E-02  0.2945591E-02  0.2157945E-01
 0.2960000E+03  0.1612409E-01  0.2467305E-02  0.2950709E-02  0.2154210E-01
 0.3000000E+03  0.1605706E-01  0.2490078E-02  0.2955804E-02  0.2150294E-01
 0.3040000E+03  0.1599260E-01  0.2512868E-02  0.2960470E-02  0.2146593E-01
 0.3080000E+03  0.1592895E-01  0.2534525E-02  0.2965596E-02  0.2142907E-01
 0.3120000E+03  0.1586426E-01  0.2553281E-02  0.2970597E-02  0.2138814E-01
 0.3160000E+03  0.1579965E-01  0.2572349E-02  0.2974328E-02  0.2134632E-01
 0.3200000E+03  0.1573660E-01  0.2591322E-02  0.2979129E-02  0.2130705E-01
 0.3240000E+03  0.1567468E-01  0.2609003E-02  0.2983728E-02  0.2126741E-01
 0.3280000E+03  0.1561512E-01  0.2624693E-02  0.2987427E-02  0.2122724E-01
 0.3320000E+03  0.1555470E-01  0.2640178E-02  0.2992429E-02  0.2118731E-01
 0.3360000E+03  0.1549361E-01  0.2655860E-02  0.2996703E-02  0.2114618E-01
 0.3400000E+03  0.1543375E-01  0.2672127E-02  0.3000849E-02  0.2110672E-01
 0.3440000E+03  0.1537535E-01  0.2687928E-02  0.3004429E-02  0.2106770E-01
 0.3480000E+03  0.1531736E-01  0.2701155E-02  0.3008236E-02  0.2102675E-01
 0.3520000E+03  0.1525969E-01  0.2711826E-02  0.3011758E-02  0.2098327E-01
 0.3560000E+03  0.1520264E-01  0.2723538E-02  0.3015353E-02  0.2094153E-01
 0.3600000E+03  0.1514754E-01  0.2735272E-02  0.3019297E-02  0.2090211E-01
 0.3640000E+03  0.1509407E-01  0.2746005E-02  0.3021337E-02  0.2086141E-01
 0.3680000E+03  0.1503945E-01  0.2757239E-02  0.3024465E-02  0.2082115E-01
 0.3720000E+03  0.1498443E-01  0.2766861E-02  0.3026816E-02  0.2077811E-01
 0.3760000E+03  0.1493137E-01  0.2774622E-02  0.3029560E-02  0.2073556E-01
 0.3800000E+03  0.1487884E-01  0.2780532E-02  0.3032163E-02  0.2069154E-01
 0.3840000E+03  0.1482551E-01  0.2787951E-02  0.3034706E-02  0.2064817E-01
 0.3880000E+03  0.1477518E-01  0.2796365E-02  0.3036620E-02  0.2060816E-01
 0.3920000E+03  0.1472473E-01  0.2801886E-02  0.3038288E-02  0.2056490E-01
 0.3960000E+03  0.1467435E-01  0.2807078E-02  0.3040219E-02  0.2052165E-01
 0.4000000E+03  0.1462478E-01  0.2811067E-02  0.3042126E-02  0.2047797E-01
 0.4040000E+03  0.1457659E-01  0.2816074E-02  0.3043479E-02  0.2043615E-01
 0.4080000E+03  0.1452901E-01  0.2820490E-02  0.3045130E-02  0.2039463E-01
 0.4120000E+03  0.1448211E-01  0.2823898E-02  0.3046558E-02  0.2035257E-01
 0.4160000E+03  0.1443608E-01  0.2827002E-02  0.3048640E-02  0.2031172E-01
 0.4200000E+03  0.1439085E-01  0.2829676E-02  0.3049329E-02  0.2026985E-01
 0.4240000E+03  0.1434663E-01  0.2830206E-02  0.3050196E-02  0.2022703E-01
 0.4280000E+03  0.1430281E-01  0.2829850E-02  0.3050987E-02  0.2018364E-01
 0.4320000E+03  0.1426042E-01  0.2829056E-02  0.3051619E-02  0.2014110E-01
 0.4360000E+03  0.1421950E-01  0.2827808E-02  0.3051508E-02  0.2009882E-01
 0.4400000E+03  0.1417740E-01  0.2826003E-02  0.3051683E-02  0.2005509E-01
 0.4440000E+03  0.1413758E-01  0.2824187E-02  0.3051619E-02  0.2001339E-01
 0.4480000E+03  0.1410017E-01  0.2819932E-02  0.3051380E-02  0.1997148E-01
 0.4520000E+03  0.1406123E-01  0.2815553E-02  0.3050013E-02  0.1992680E-01
 0.4560000E+03  0.1402317E-01  0.2811852E-02  0.3049708E-02  0.1988473E-01
 0.4600000E+03  0.1398722E-01  0.2807998E-02  0.3049248E-02  0.1984446E-01
 0.4640000E+03  0.1395140E-01  0.2804157E-02  0.3048099E-02  0.1980366E-01
 0.4680000E+03  0.1391512E-01  0.2799925E-02  0.3047668E-02  0.1976271E-01
 0.4720000E+03  0.1387963E-01  0.2795251E-02  0.3046387E-02  0.1972127E-01
 0.4760000E+03  0.1384709E-01  0.2789891E-02  0.3045354E-02  0.1968234E-01
 0.4800000E+03  0.1381485E-01  0.2783232E-02  0.3044057E-02  0.1964213E-01
 0.4840000E+03  0.1378232E-01  0.2776939E-02  0.3041851E-02  0.1960111E-01
 0.4880000E+03  0.1374900E-01  0.2771168E-02  0.3040438E-02  0.1956061E-01
 0.4920000E+03  0.1371660E-01  0.2764862E-02  0.3038762E-02  0.1952022E-01
 0.4960000E+03  0.1368653E-01  0.2757175E-02  0.3036982E-02  0.1948068E-01
 0.5000000E+03  0.1365714E-01  0.2748501E-02  0.3034865E-02  0.1944051E-01
 0.5040000E+03  0.1362699E-01  0.2739619E-02  0.3032875E-02  0.1939949E-01
 0.5080000E+03  0.1359966E-01  0.2730680E-02  0.3030672E-02  0.1936101E-01
 0.5120000E+03  0.1357150E-01  0.2720850E-02  0.3028601E-02  0.1932095E-01
 0.5160000E+03  0.1354506E-01  0.2710613E-02  0.3025896E-02  0.1928157E-01
 0.5200000E+03  0.1351775E-01  0.2698702E-02  0.3023422E-02  0.1923988E-01
 0.5240000E+03  0.1349175E-01  0.2685745E-02  0.3020833E-02  0.1919833E-01
 0.5280000E+03  0.1346805E-01  0.2673824E-02  0.3017822E-02  0.1915970E-01
 0.5320000E+03  0.1344404E-01  0.2662592E-02  0.3014526E-02  0.1912115E-01
 0.5360000E+03  0.1341938E-01  0.2652412E-02  0.3011384E-02  0.1908317E-01
 0.5400000E+03  0.1339694E-01  0.2640991E-02  0.3008115E-02  0.1904605E-01
 0.5440000E+03  0.1337467E-01  0.2629747E-02  0.3005240E-02  0.1900965E-01
 0.5480000E+03  0.1335376E-01  0.2616998E-02  0.3001921E-02  0.1897267E-01
 0.5520000E+03  0.1333261E-01  0.2602048E-02  0.2998601E-02  0.1893326E-01
 0.5560000E+03  0.1331152E-01  0.2587244E-02  0.2995339E-02  0.1889410E-01
 0.5600000E+03  0.1329111E-01  0.2572749E-02  0.2991830E-02  0.1885569E-01
 0.5640000E+03  0.1327093E-01  0.2557684E-02  0.2988415E-02  0.1881703E-01
 0.5680000E+03  0.1325284E-01  0.2542364E-02  0.2984972E-02  0.1878017E-01
 0.5720000E+03  0.1323368E-01  0.2526415E-02  0.2981163E-02  0.1874126E-01
 0.5760000E+03  0.1321534E-01  0.2509242E-02  0.2977699E-02  0.1870228E-01
 0.5800000E+03  0.1319943E-01  0.2492305E-02  0.2973707E-02  0.1866544E-01
 0.5840000E+03  0.1318362E-01  0.2474659E-02  0.2969309E-02  0.1862759E-01
 0.5880000E+03  0.1316703E-01  0.2458327E-02  0.2965223E-02  0.1859058E-01
 0.5920000E+03  0.1315089E-01  0.2442675E-02  0.2961151E-02  0.1855472E-01
 0.5960000E+03  0.1313704E-01  0.2425429E-02  0.2956393E-02  0.1851887E-01
 0.6000000E+03  0.1312296E-01  0.2406794E-02  0.2952024E-02  0.1848178E-01
 0.6040000E+03  0.1310905E-01  0.2388757E-02  0.2947673E-02  0.1844548E-01
 0.6080000E+03  0.1309684E-01  0.2369639E-02  0.2943312E-02  0.1840979E-01
 0.6120000E+03  0.1308488E-01  0.2349280E-02  0.2938629E-02  0.1837279E-01
 0.6160000E+03  0.1307206E-01  0.2330692E-02  0.2934101E-02  0.1833685E-01
 0.6200000E+03  0.1306024E-01  0.2313912E-02  0.2929519E-02  0.1830367E-01
 0.6240000E+03  0.1304962E-01  0.2296416E-02  0.2924078E-02  0.1827011E-01
 0.6280000E+03  0.1303952E-01  0.2279572E-02  0.2919270E-02  0.1823836E-01
 0.6320000E+03  0.1302927E-01  0.2262002E-02  0.2914567E-02  0.1820583E-01
 0.6360000E+03  0.1301805E-01  0.2243459E-02  0.2910581E-02  0.1817209E-01
 0.6400000E+03  0.1300894E-01  0.2225524E-02  0.2905758E-02  0.1814022E-01
 0.6440000E+03  0.1300115E-01  0.2206184E-02  0.2900633E-02  0.1810796E-01
 0.6480000E+03  0.1299322E-01  0.2185021E-02  0.2895917E-02  0.1807416E-01
 0.6520000E+03  0.1298548E-01  0.2165268E-02  0.2891019E-02  0.1804177E-01
 0.6560000E+03  0.1297699E-01  0.2147184E-02  0.2886365E-02  0.1801053E-01
 0.6600000E+03  0.1296941E-01  0.2128230E-02  0.2880948E-02  0.1797859E-01
 0.6640000E+03  0.1296294E-01  0.2109040E-02  0.2876023E-02  0.1794801E-01
 0.6680000E+03  0.1295669E-01  0.2089021E-02  0.2871261E-02  0.1791698E-01
 0.6720000E+03  0.1295053E-01  0.2070680E-02  0.2866707E-02  0.1788791E-01
 0.6760000E+03  0.1294637E-01  0.2053015E-02  0.2861724E-02  0.1786111E-01
 0.6800000E+03  0.1294168E-01  0.2033557E-02  0.2856038E-02  0.1783128E-01
 0.6840000E+03  0.1293832E-01  0.2013274E-02  0.2850913E-02  0.1780250E-01
 0.6880000E+03  0.1293332E-01  0.1992896E-02  0.2845963E-02  0.1777218E-01
 0.6920000E+03  0.1292888E-01  0.1972516E-02  0.2841261E-02  0.1774266E-01
 0.6960000E+03  0.1292489E-01  0.1952877E-02  0.2836362E-02  0.1771413E-01
 0.7000000E+03  0.1292352E-01  0.1933728E-02  0.2831138E-02  0.1768838E-01
 0.7040000E+03  0.1292007E-01  0.1913793E-02  0.2826358E-02  0.1766022E-01
 0.7080000E+03  0.1291776E-01  0.1892739E-02  0.2820789E-02  0.1763129E-01
 0.7120000E+03  0.1291647E-01  0.1871118E-02  0.2815512E-02  0.1760310E-01
 0.7160000E+03  0.1291507E-01  0.1849721E-02  0.2810042E-02  0.1757483E-01
 0.7200000E+03  0.1291263E-01  0.1828984E-02  0.2804776E-02  0.1754639E-01
 0.7240000E+03  0.1291203E-01  0.1807501E-02  0.2799528E-02  0.1751906E-01
 0.7280000E+03  0.1291145E-01  0.1786204E-02  0.2794391E-02  0.1749204E-01
 0.7320000E+03  0.1291062E-01  0.1765929E-02  0.2788930E-02  0.1746548E-01
 0.7360000E+03  0.1291198E-01  0.1745191E-02  0.2783259E-02  0.1744043E-01
 0.7400000E+03  0.1291257E-01  0.1724486E-02  0.2778209E-02  0.1741527E-01
 0.7440000E+03  0.1291344E-01  0.1706068E-02  0.2773152E-02  0.1739266E-01
 0.7480000E+03  0.1291367E-01  0.1687153E-02  0.2768621E-02  0.1736945E-01
 0.7520000E+03  0.1291481E-01  0.1667144E-02  0.2763362E-02  0.1734532E-01
 0.7560000E+03  0.1291561E-01  0.1645524E-02  0.2758607E-02  0.1731974E-01
 0.7600000E+03  0.1291662E-01  0.1624771E-02  0.2753616E-02  0.1729501E-01
 0.7640000E+03  0.1291878E-01  0.1604331E-02  0.2748275E-02  0.1727138E-01
 0.7680000E+03  0.1291966E-01  0.1585805E-02  0.2743149E-02  0.1724861E-01
 0.7720000E+03  0.1292124E-01  0.1566870E-02  0.2737818E-02  0.1722593E-01
 0.7760000E+03  0.1292272E-01  0.1548818E-02  0.2732990E-02  0.1720453E-01
 0.7800000E+03  0.1292360E-01  0.1531904E-02  0.2728020E-02  0.1718352E-01
 0.7840000E+03  0.1292519E-01  0.1515014E-02  0.2723243E-02  0.1716345E-01
 0.7880000E+03  0.1292759E-01  0.1497671E-02  0.2719408E-02  0.1714467E-01
 0.7920000E+03  0.1293037E-01  0.1479645E-02  0.2714359E-02  0.1712438E-01
 0.7960000E+03  0.1293368E-01  0.1461415E-02  0.2709562E-02  0.1710466E-01
 0.8000000E+03  0.1293822E-01  0.1442514E-02  0.2704774E-02  0.1708551E-01
 0.8040000E+03  0.1294110E-01  0.1424277E-02  0.2699526E-02  0.1706490E-01
 0.8080000E+03  0.1294441E-01  0.1406218E-02  0.2694447E-02  0.1704507E-01
 0.8120000E+03  0.1294792E-01  0.1387849E-02  0.2690567E-02  0.1702633E-01
 0.8160000E+03  0.1295104E-01  0.1369072E-02  0.2685363E-02  0.1700548E-01
 0.8200000E+03  0.1295442E-01  0.1351118E-02  0.2680174E-02  0.1698572E-01
 0.8240000E+03  0.1295733E-01  0.1333347E-02  0.2675465E-02  0.1696614E-01
 0.8280000E+03  0.1296143E-01  0.1316381E-02  0.2669952E-02  0.1694777E-01
 0.8320000E+03  0.1296582E-01  0.1299353E-02  0.2665724E-02  0.1693089E-01
 0.8360000E+03  0.1296973E-01  0.1280841E-02  0.2660608E-02  0.1691118E-01
 0.8400000E+03  0.1297190E-01  0.1264844E-02  0.2655833E-02  0.1689258E-01
 0.8440000E+03  0.1297609E-01  0.1248799E-02  0.2650756E-02  0.1687564E-01
 0.8480000E+03  0.1297939E-01  0.1231745E-02  0.2645360E-02  0.1685649E-01
 0.8520000E+03  0.1298328E-01  0.1216278E-02  0.2640091E-02  0.1683965E-01
 0.8560000E+03  0.1298740E-01  0.1199458E-02  0.2635079E-02  0.1682194E-01
 0.8600000E+03  0.1299285E-01  0.1182651E-02  0.2630452E-02  0.1680595E-01
 0.8640000E+03  0.1299699E-01  0.1166795E-02  0.2625863E-02  0.1678965E-01
 0.8680000E+03  0.1300141E-01  0.1150672E-02  0.2621777E-02  0.1677386E-01
 0.8720000E+03  0.1300514E-01  0.1135334E-02  0.2617455E-02  0.1675793E-01
 0.8760000E+03  0.1300941E-01  0.1121468E-02  0.2612786E-02  0.1674366E-01
 0.8800000E+03  0.1301326E-01  0.1106883E-02  0.2609471E-02  0.1672961E-01
 0.8840000E+03  0.1301812E-01  0.1092976E-02  0.2605107E-02  0.1671620E-01
 0.8880000E+03  0.1302250E-01  0.1078419E-02  0.2600920E-02  0.1670183E-01
 0.8920000E+03  0.1302600E-01  0.1064504E-02  0.2596445E-02  0.1668695E-01
 0.8960000E+03  0.1302973E-01  0.1051929E-02  0.2592144E-02  0.1667380E-01
 0.9000000E+03  0.1303413E-01  0.1038369E-02  0.2587699E-02  0.1666020E-01
 0.9040000E+03  0.1303849E-01  0.1025263E-02  0.2582991E-02  0.1664674E-01
 0.9080000E+03  0.1304265E-01  0.1012024E-02  0.2578400E-02  0.1663308E-01
 0.9120000E+03  0.1304668E-01  0.9983215E-03  0.2574365E-02  0.1661936E-01
 0.9160000E+03  0.1305058E-01  0.9844796E-03  0.2569378E-02  0.1660444E-01
 0.9200000E+03  0.1305421E-01  0.9719968E-03  0.2565147E-02  0.1659135E-01
 0.9240000E+03  0.1305783E-01  0.9590814E-03  0.2560589E-02  0.1657750E-01
 0.9280000E+03  0.1306165E-01  0.9467887E-03  0.2556225E-02  0.1656467E-01
 0.9320000E+03  0.1306546E-01  0.9343947E-03  0.2551991E-02  0.1655184E-01
 0.9360000E+03  0.1306954E-01  0.9220432E-03  0.2547524E-02  0.1653911E-01
 0.9400000E+03  0.1307305E-01  0.9093549E-03  0.2543800E-02  0.1652621E-01
 0.9440000E+03  0.1307706E-01  0.8964593E-03  0.2539396E-02  0.1651292E-01
 0.9480000E+03  0.1308022E-01  0.8834263E-03  0.2535623E-02  0.1649927E-01
 0.9520000E+03  0.1308414E-01  0.8716616E-03  0.2531282E-02  0.1648709E-01
 0.9560000E+03  0.1308755E-01  0.8600102E-03  0.2526974E-02  0.1647454E-01
 0.9600000E+03  0.1309091E-01  0.8491045E-03  0.2522786E-02  0.1646280E-01
 0.9640000E+03  0.1309508E-01  0.8374429E-03  0.2519032E-02  0.1645155E-01
 0.9680000E+03  0.1309766E-01  0.8264215E-03  0.2515189E-02  0.1643927E-01
 0.9720000E+03  0.1310068E-01  0.8161218E-03  0.2510947E-02  0.1642775E-01
 0.9760000E+03  0.1310309E-01  0.8062635E-03  0.2506804E-02  0.1641615E-01
 0.9800000E+03  0.1310630E-01  0.7963737E-03  0.2502693E-02  0.1640537E-01
 0.9840000E+03  0.1310942E-01  0.7852139E-03  0.2498617E-02  0.1639325E-01
 0.9880000E+03  0.1311181E-01  0.7743312E-03  0.2494574E-02  0.1638072E-01
