 0.4000000E+01  0.2519567E-01  0.2127747E+00 -0.1013080E-01  0.3524453E+01 -0.3106230E+01 -0.2431997E+00  0.3442492E+01 -0.3840194E+00 -0.3599231E+01 -0.2026612E+00 -0.3414224E+01  0.3539998E+01  0.2519567E-01  0.2127747E+00 -0.1013080E-01  0.3524453E+01 -0.3106230E+01 -0.2431997E+00  0.3442492E+01 -0.3840194E+00 -0.3599231E+01 -0.2026612E+00 -0.3414224E+01  0.3539998E+01
 0.8000000E+01  0.2519789E-01  0.2127980E+00 -0.1012811E-01  0.3524442E+01 -0.3106276E+01 -0.2432005E+00  0.3442494E+01 -0.3839747E+00 -0.3599228E+01 -0.2026624E+00 -0.3414260E+01  0.3539981E+01  0.2519789E-01  0.2127980E+00 -0.1012811E-01  0.3524442E+01 -0.3106276E+01 -0.2432005E+00  0.3442494E+01 -0.3839747E+00 -0.3599228E+01 -0.2026624E+00 -0.3414260E+01  0.3539981E+01
 0.1200000E+02  0.2520156E-01  0.2128368E+00 -0.1012366E-01  0.3524425E+01 -0.3106353E+01 -0.2432017E+00  0.3442497E+01 -0.3839004E+00 -0.3599223E+01 -0.2026645E+00 -0.3414320E+01  0.3539953E+01  0.2520156E-01  0.2128368E+00 -0.1012366E-01  0.3524425E+01 -0.3106353E+01 -0.2432017E+00  0.3442497E+01 -0.3839004E+00 -0.3599223E+01 -0.2026645E+00 -0.3414320E+01  0.3539953E+01
 0.1600000E+02  0.2520667E-01  0.2128908E+00 -0.1011745E-01  0.3524400E+01 -0.3106461E+01 -0.2432035E+00  0.3442501E+01 -0.3837968E+00 -0.3599217E+01 -0.2026673E+00 -0.3414404E+01  0.3539914E+01  0.2520667E-01  0.2128908E+00 -0.1011745E-01  0.3524400E+01 -0.3106461E+01 -0.2432035E+00  0.3442501E+01 -0.3837968E+00 -0.3599217E+01 -0.2026673E+00 -0.3414404E+01  0.3539914E+01
 0.2000000E+02  0.2521320E-01  0.2129600E+00 -0.1010951E-01  0.3524368E+01 -0.3106598E+01 -0.2432058E+00  0.3442507E+01 -0.3836642E+00 -0.3599208E+01 -0.2026709E+00 -0.3414511E+01  0.3539864E+01  0.2521320E-01  0.2129600E+00 -0.1010951E-01  0.3524368E+01 -0.3106598E+01 -0.2432058E+00  0.3442507E+01 -0.3836642E+00 -0.3599208E+01 -0.2026709E+00 -0.3414511E+01  0.3539864E+01
 0.2400000E+02  0.2522112E-01  0.2130443E+00 -0.1009986E-01  0.3524329E+01 -0.3106766E+01 -0.2432086E+00  0.3442513E+01 -0.3835028E+00 -0.3599198E+01 -0.2026753E+00 -0.3414642E+01  0.3539802E+01  0.2522112E-01  0.2130443E+00 -0.1009986E-01  0.3524329E+01 -0.3106766E+01 -0.2432086E+00  0.3442513E+01 -0.3835028E+00 -0.3599198E+01 -0.2026753E+00 -0.3414642E+01  0.3539802E+01
 0.2800000E+02  0.2523040E-01  0.2131434E+00 -0.1008850E-01  0.3524284E+01 -0.3106963E+01 -0.2432119E+00  0.3442521E+01 -0.3833128E+00 -0.3599186E+01 -0.2026806E+00 -0.3414795E+01  0.3539730E+01  0.2523040E-01  0.2131434E+00 -0.1008850E-01  0.3524284E+01 -0.3106963E+01 -0.2432119E+00  0.3442521E+01 -0.3833128E+00 -0.3599186E+01 -0.2026806E+00 -0.3414795E+01  0.3539730E+01
 0.3200000E+02  0.2524102E-01  0.2132574E+00 -0.1007548E-01  0.3524232E+01 -0.3107189E+01 -0.2432157E+00  0.3442530E+01 -0.3830946E+00 -0.3599173E+01 -0.2026866E+00 -0.3414972E+01  0.3539647E+01  0.2524102E-01  0.2132574E+00 -0.1007548E-01  0.3524232E+01 -0.3107189E+01 -0.2432157E+00  0.3442530E+01 -0.3830946E+00 -0.3599173E+01 -0.2026866E+00 -0.3414972E+01  0.3539647E+01
 0.3600000E+02  0.2525295E-01  0.2133861E+00 -0.1006080E-01  0.3524173E+01 -0.3107445E+01 -0.2432200E+00  0.3442540E+01 -0.3828483E+00 -0.3599157E+01 -0.2026934E+00 -0.3415171E+01  0.3539554E+01  0.2525295E-01  0.2133861E+00 -0.1006080E-01  0.3524173E+01 -0.3107445E+01 -0.2432200E+00  0.3442540E+01 -0.3828483E+00 -0.3599157E+01 -0.2026934E+00 -0.3415171E+01  0.3539554E+01
 0.4000000E+02  0.2526623E-01  0.2135293E+00 -0.1004444E-01  0.3524107E+01 -0.3107729E+01 -0.2432249E+00  0.3442551E+01 -0.3825742E+00 -0.3599140E+01 -0.2027010E+00 -0.3415393E+01  0.3539449E+01  0.2526623E-01  0.2135293E+00 -0.1004444E-01  0.3524107E+01 -0.3107729E+01 -0.2432249E+00  0.3442551E+01 -0.3825742E+00 -0.3599140E+01 -0.2027010E+00 -0.3415393E+01  0.3539449E+01
 0.4400000E+02  0.2528081E-01  0.2136869E+00 -0.1002642E-01  0.3524035E+01 -0.3108042E+01 -0.2432305E+00  0.3442564E+01 -0.3822727E+00 -0.3599122E+01 -0.2027094E+00 -0.3415636E+01  0.3539335E+01  0.2528081E-01  0.2136869E+00 -0.1002642E-01  0.3524035E+01 -0.3108042E+01 -0.2432305E+00  0.3442564E+01 -0.3822727E+00 -0.3599122E+01 -0.2027094E+00 -0.3415636E+01  0.3539335E+01
 0.4800000E+02  0.2529667E-01  0.2138588E+00 -0.1000676E-01  0.3523956E+01 -0.3108383E+01 -0.2432366E+00  0.3442577E+01 -0.3819440E+00 -0.3599101E+01 -0.2027186E+00 -0.3415902E+01  0.3539210E+01  0.2529667E-01  0.2138588E+00 -0.1000676E-01  0.3523956E+01 -0.3108383E+01 -0.2432366E+00  0.3442577E+01 -0.3819440E+00 -0.3599101E+01 -0.2027186E+00 -0.3415902E+01  0.3539210E+01
 0.5200000E+02  0.2531376E-01  0.2140450E+00 -0.9985491E-02  0.3523871E+01 -0.3108752E+01 -0.2432434E+00  0.3442592E+01 -0.3815882E+00 -0.3599079E+01 -0.2027286E+00 -0.3416190E+01  0.3539075E+01  0.2531376E-01  0.2140450E+00 -0.9985491E-02  0.3523871E+01 -0.3108752E+01 -0.2432434E+00  0.3442592E+01 -0.3815882E+00 -0.3599079E+01 -0.2027286E+00 -0.3416190E+01  0.3539075E+01
 0.5600000E+02  0.2533203E-01  0.2142452E+00 -0.9962640E-02  0.3523780E+01 -0.3109149E+01 -0.2432508E+00  0.3442608E+01 -0.3812058E+00 -0.3599055E+01 -0.2027393E+00 -0.3416499E+01  0.3538929E+01  0.2533203E-01  0.2142452E+00 -0.9962640E-02  0.3523780E+01 -0.3109149E+01 -0.2432508E+00  0.3442608E+01 -0.3812058E+00 -0.3599055E+01 -0.2027393E+00 -0.3416499E+01  0.3538929E+01
 0.6000000E+02  0.2535143E-01  0.2144594E+00 -0.9938235E-02  0.3523682E+01 -0.3109574E+01 -0.2432588E+00  0.3442625E+01 -0.3807968E+00 -0.3599029E+01 -0.2027509E+00 -0.3416829E+01  0.3538773E+01  0.2535143E-01  0.2144594E+00 -0.9938235E-02  0.3523682E+01 -0.3109574E+01 -0.2432588E+00  0.3442625E+01 -0.3807968E+00 -0.3599029E+01 -0.2027509E+00 -0.3416829E+01  0.3538773E+01
 0.6400000E+02  0.2537193E-01  0.2146875E+00 -0.9912304E-02  0.3523578E+01 -0.3110026E+01 -0.2432674E+00  0.3442643E+01 -0.3803617E+00 -0.3599002E+01 -0.2027633E+00 -0.3417181E+01  0.3538608E+01  0.2537193E-01  0.2146875E+00 -0.9912304E-02  0.3523578E+01 -0.3110026E+01 -0.2432674E+00  0.3442643E+01 -0.3803617E+00 -0.3599002E+01 -0.2027633E+00 -0.3417181E+01  0.3538608E+01
 0.6800000E+02  0.2539357E-01  0.2149291E+00 -0.9884809E-02  0.3523467E+01 -0.3110504E+01 -0.2432769E+00  0.3442662E+01 -0.3799004E+00 -0.3598973E+01 -0.2027766E+00 -0.3417553E+01  0.3538432E+01  0.2539357E-01  0.2149291E+00 -0.9884809E-02  0.3523467E+01 -0.3110504E+01 -0.2432769E+00  0.3442662E+01 -0.3799004E+00 -0.3598973E+01 -0.2027766E+00 -0.3417553E+01  0.3538432E+01
 0.7200000E+02  0.2541630E-01  0.2151843E+00 -0.9855781E-02  0.3523351E+01 -0.3111010E+01 -0.2432871E+00  0.3442682E+01 -0.3794131E+00 -0.3598942E+01 -0.2027907E+00 -0.3417946E+01  0.3538247E+01  0.2541630E-01  0.2151843E+00 -0.9855781E-02  0.3523351E+01 -0.3111010E+01 -0.2432871E+00  0.3442682E+01 -0.3794131E+00 -0.3598942E+01 -0.2027907E+00 -0.3417946E+01  0.3538247E+01
 0.7600000E+02  0.2544006E-01  0.2154528E+00 -0.9825252E-02  0.3523228E+01 -0.3111541E+01 -0.2432981E+00  0.3442703E+01 -0.3789003E+00 -0.3598910E+01 -0.2028056E+00 -0.3418360E+01  0.3538052E+01  0.2544006E-01  0.2154528E+00 -0.9825252E-02  0.3523228E+01 -0.3111541E+01 -0.2432981E+00  0.3442703E+01 -0.3789003E+00 -0.3598910E+01 -0.2028056E+00 -0.3418360E+01  0.3538052E+01
 0.8000000E+02  0.2546480E-01  0.2157346E+00 -0.9793255E-02  0.3523100E+01 -0.3112099E+01 -0.2433100E+00  0.3442725E+01 -0.3783620E+00 -0.3598876E+01 -0.2028215E+00 -0.3418793E+01  0.3537847E+01  0.2546480E-01  0.2157346E+00 -0.9793255E-02  0.3523100E+01 -0.3112099E+01 -0.2433100E+00  0.3442725E+01 -0.3783620E+00 -0.3598876E+01 -0.2028215E+00 -0.3418793E+01  0.3537847E+01
 0.8400000E+02  0.2549046E-01  0.2160296E+00 -0.9759824E-02  0.3522965E+01 -0.3112683E+01 -0.2433226E+00  0.3442748E+01 -0.3777986E+00 -0.3598841E+01 -0.2028382E+00 -0.3419247E+01  0.3537633E+01  0.2549046E-01  0.2160296E+00 -0.9759824E-02  0.3522965E+01 -0.3112683E+01 -0.2433226E+00  0.3442748E+01 -0.3777986E+00 -0.3598841E+01 -0.2028382E+00 -0.3419247E+01  0.3537633E+01
 0.8800000E+02  0.2551705E-01  0.2163378E+00 -0.9725062E-02  0.3522825E+01 -0.3113292E+01 -0.2433363E+00  0.3442773E+01 -0.3772105E+00 -0.3598804E+01 -0.2028559E+00 -0.3419720E+01  0.3537410E+01  0.2551705E-01  0.2163378E+00 -0.9725062E-02  0.3522825E+01 -0.3113292E+01 -0.2433363E+00  0.3442773E+01 -0.3772105E+00 -0.3598804E+01 -0.2028559E+00 -0.3419720E+01  0.3537410E+01
 0.9200000E+02  0.2554452E-01  0.2166590E+00 -0.9689002E-02  0.3522679E+01 -0.3113927E+01 -0.2433509E+00  0.3442798E+01 -0.3765979E+00 -0.3598765E+01 -0.2028747E+00 -0.3420213E+01  0.3537177E+01  0.2554452E-01  0.2166590E+00 -0.9689002E-02  0.3522679E+01 -0.3113927E+01 -0.2433509E+00  0.3442798E+01 -0.3765979E+00 -0.3598765E+01 -0.2028747E+00 -0.3420213E+01  0.3537177E+01
 0.9600000E+02  0.2557279E-01  0.2169931E+00 -0.9651681E-02  0.3522527E+01 -0.3114586E+01 -0.2433666E+00  0.3442824E+01 -0.3759612E+00 -0.3598725E+01 -0.2028944E+00 -0.3420725E+01  0.3536935E+01  0.2557279E-01  0.2169931E+00 -0.9651681E-02  0.3522527E+01 -0.3114586E+01 -0.2433666E+00  0.3442824E+01 -0.3759612E+00 -0.3598725E+01 -0.2028944E+00 -0.3420725E+01  0.3536935E+01
 0.1000000E+03  0.2560179E-01  0.2173402E+00 -0.9613137E-02  0.3522369E+01 -0.3115270E+01 -0.2433833E+00  0.3442852E+01 -0.3753006E+00 -0.3598683E+01 -0.2029152E+00 -0.3421256E+01  0.3536683E+01  0.2560179E-01  0.2173402E+00 -0.9613137E-02  0.3522369E+01 -0.3115270E+01 -0.2433833E+00  0.3442852E+01 -0.3753006E+00 -0.3598683E+01 -0.2029152E+00 -0.3421256E+01  0.3536683E+01
 0.1040000E+03  0.2563147E-01  0.2176999E+00 -0.9573407E-02  0.3522206E+01 -0.3115979E+01 -0.2434011E+00  0.3442880E+01 -0.3746162E+00 -0.3598640E+01 -0.2029371E+00 -0.3421806E+01  0.3536423E+01  0.2563147E-01  0.2176999E+00 -0.9573407E-02  0.3522206E+01 -0.3115979E+01 -0.2434011E+00  0.3442880E+01 -0.3746162E+00 -0.3598640E+01 -0.2029371E+00 -0.3421806E+01  0.3536423E+01
 0.1080000E+03  0.2566173E-01  0.2180724E+00 -0.9532529E-02  0.3522037E+01 -0.3116712E+01 -0.2434199E+00  0.3442909E+01 -0.3739085E+00 -0.3598595E+01 -0.2029601E+00 -0.3422375E+01  0.3536154E+01  0.2566173E-01  0.2180724E+00 -0.9532529E-02  0.3522037E+01 -0.3116712E+01 -0.2434199E+00  0.3442909E+01 -0.3739085E+00 -0.3598595E+01 -0.2029601E+00 -0.3422375E+01  0.3536154E+01
 0.1120000E+03  0.2569250E-01  0.2184574E+00 -0.9490544E-02  0.3521863E+01 -0.3117468E+01 -0.2434398E+00  0.3442940E+01 -0.3731777E+00 -0.3598548E+01 -0.2029841E+00 -0.3422961E+01  0.3535876E+01  0.2569250E-01  0.2184574E+00 -0.9490544E-02  0.3521863E+01 -0.3117468E+01 -0.2434398E+00  0.3442940E+01 -0.3731777E+00 -0.3598548E+01 -0.2029841E+00 -0.3422961E+01  0.3535876E+01
 0.1160000E+03  0.2572371E-01  0.2188549E+00 -0.9447489E-02  0.3521683E+01 -0.3118249E+01 -0.2434608E+00  0.3442971E+01 -0.3724239E+00 -0.3598501E+01 -0.2030094E+00 -0.3423566E+01  0.3535589E+01  0.2572371E-01  0.2188549E+00 -0.9447489E-02  0.3521683E+01 -0.3118249E+01 -0.2434608E+00  0.3442971E+01 -0.3724239E+00 -0.3598501E+01 -0.2030094E+00 -0.3423566E+01  0.3535589E+01
 0.1200000E+03  0.2575528E-01  0.2192649E+00 -0.9403407E-02  0.3521498E+01 -0.3119052E+01 -0.2434829E+00  0.3443003E+01 -0.3716476E+00 -0.3598451E+01 -0.2030358E+00 -0.3424189E+01  0.3535294E+01  0.2575528E-01  0.2192649E+00 -0.9403407E-02  0.3521498E+01 -0.3119052E+01 -0.2434829E+00  0.3443003E+01 -0.3716476E+00 -0.3598451E+01 -0.2030358E+00 -0.3424189E+01  0.3535294E+01
 0.1240000E+03  0.2578713E-01  0.2196871E+00 -0.9358339E-02  0.3521307E+01 -0.3119879E+01 -0.2435061E+00  0.3443037E+01 -0.3708488E+00 -0.3598400E+01 -0.2030634E+00 -0.3424829E+01  0.3534990E+01  0.2578713E-01  0.2196871E+00 -0.9358339E-02  0.3521307E+01 -0.3119879E+01 -0.2435061E+00  0.3443037E+01 -0.3708488E+00 -0.3598400E+01 -0.2030634E+00 -0.3424829E+01  0.3534990E+01
 0.1280000E+03  0.2581916E-01  0.2201215E+00 -0.9312325E-02  0.3521111E+01 -0.3120728E+01 -0.2435304E+00  0.3443071E+01 -0.3700280E+00 -0.3598348E+01 -0.2030923E+00 -0.3425486E+01  0.3534677E+01  0.2581916E-01  0.2201215E+00 -0.9312325E-02  0.3521111E+01 -0.3120728E+01 -0.2435304E+00  0.3443071E+01 -0.3700280E+00 -0.3598348E+01 -0.2030923E+00 -0.3425486E+01  0.3534677E+01
 0.1320000E+03  0.2585137E-01  0.2205681E+00 -0.9265395E-02  0.3520910E+01 -0.3121600E+01 -0.2435559E+00  0.3443106E+01 -0.3691853E+00 -0.3598294E+01 -0.2031223E+00 -0.3426160E+01  0.3534357E+01  0.2585137E-01  0.2205681E+00 -0.9265395E-02  0.3520910E+01 -0.3121600E+01 -0.2435559E+00  0.3443106E+01 -0.3691853E+00 -0.3598294E+01 -0.2031223E+00 -0.3426160E+01  0.3534357E+01
 0.1360000E+03  0.2588383E-01  0.2210266E+00 -0.9217462E-02  0.3520704E+01 -0.3122493E+01 -0.2435828E+00  0.3443143E+01 -0.3683212E+00 -0.3598239E+01 -0.2031534E+00 -0.3426851E+01  0.3534028E+01  0.2588383E-01  0.2210266E+00 -0.9217462E-02  0.3520704E+01 -0.3122493E+01 -0.2435828E+00  0.3443143E+01 -0.3683212E+00 -0.3598239E+01 -0.2031534E+00 -0.3426851E+01  0.3534028E+01
 0.1400000E+03  0.2591647E-01  0.2214969E+00 -0.9168570E-02  0.3520493E+01 -0.3123409E+01 -0.2436110E+00  0.3443180E+01 -0.3674361E+00 -0.3598182E+01 -0.2031856E+00 -0.3427559E+01  0.3533690E+01  0.2591647E-01  0.2214969E+00 -0.9168570E-02  0.3520493E+01 -0.3123409E+01 -0.2436110E+00  0.3443180E+01 -0.3674361E+00 -0.3598182E+01 -0.2031856E+00 -0.3427559E+01  0.3533690E+01
 0.1440000E+03  0.2594918E-01  0.2219789E+00 -0.9118766E-02  0.3520276E+01 -0.3124346E+01 -0.2436405E+00  0.3443218E+01 -0.3665302E+00 -0.3598123E+01 -0.2032191E+00 -0.3428283E+01  0.3533345E+01  0.2594918E-01  0.2219789E+00 -0.9118766E-02  0.3520276E+01 -0.3124346E+01 -0.2436405E+00  0.3443218E+01 -0.3665302E+00 -0.3598123E+01 -0.2032191E+00 -0.3428283E+01  0.3533345E+01
 0.1480000E+03  0.2598189E-01  0.2224725E+00 -0.9068095E-02  0.3520055E+01 -0.3125305E+01 -0.2436714E+00  0.3443257E+01 -0.3656037E+00 -0.3598064E+01 -0.2032538E+00 -0.3429023E+01  0.3532992E+01  0.2598189E-01  0.2224725E+00 -0.9068095E-02  0.3520055E+01 -0.3125305E+01 -0.2436714E+00  0.3443257E+01 -0.3656037E+00 -0.3598064E+01 -0.2032538E+00 -0.3429023E+01  0.3532992E+01
 0.1520000E+03  0.2601449E-01  0.2229777E+00 -0.9016603E-02  0.3519829E+01 -0.3126284E+01 -0.2437037E+00  0.3443297E+01 -0.3646570E+00 -0.3598002E+01 -0.2032897E+00 -0.3429779E+01  0.3532631E+01  0.2601449E-01  0.2229777E+00 -0.9016603E-02  0.3519829E+01 -0.3126284E+01 -0.2437037E+00  0.3443297E+01 -0.3646570E+00 -0.3598002E+01 -0.2032897E+00 -0.3429779E+01  0.3532631E+01
 0.1560000E+03  0.2604690E-01  0.2234943E+00 -0.8964337E-02  0.3519598E+01 -0.3127285E+01 -0.2437373E+00  0.3443338E+01 -0.3636902E+00 -0.3597940E+01 -0.2033269E+00 -0.3430550E+01  0.3532262E+01  0.2604690E-01  0.2234943E+00 -0.8964337E-02  0.3519598E+01 -0.3127285E+01 -0.2437373E+00  0.3443338E+01 -0.3636902E+00 -0.3597940E+01 -0.2033269E+00 -0.3430550E+01  0.3532262E+01
 0.1600000E+03  0.2607909E-01  0.2240223E+00 -0.8911369E-02  0.3519362E+01 -0.3128305E+01 -0.2437724E+00  0.3443380E+01 -0.3627036E+00 -0.3597876E+01 -0.2033654E+00 -0.3431337E+01  0.3531886E+01  0.2607909E-01  0.2240223E+00 -0.8911369E-02  0.3519362E+01 -0.3128305E+01 -0.2437724E+00  0.3443380E+01 -0.3627036E+00 -0.3597876E+01 -0.2033654E+00 -0.3431337E+01  0.3531886E+01
 0.1640000E+03  0.2611103E-01  0.2245612E+00 -0.8857816E-02  0.3519121E+01 -0.3129346E+01 -0.2438088E+00  0.3443423E+01 -0.3616976E+00 -0.3597810E+01 -0.2034053E+00 -0.3432138E+01  0.3531502E+01  0.2611103E-01  0.2245612E+00 -0.8857816E-02  0.3519121E+01 -0.3129346E+01 -0.2438088E+00  0.3443423E+01 -0.3616976E+00 -0.3597810E+01 -0.2034053E+00 -0.3432138E+01  0.3531502E+01
 0.1680000E+03  0.2614261E-01  0.2251110E+00 -0.8803725E-02  0.3518876E+01 -0.3130406E+01 -0.2438467E+00  0.3443467E+01 -0.3606725E+00 -0.3597743E+01 -0.2034465E+00 -0.3432955E+01  0.3531110E+01  0.2614261E-01  0.2251110E+00 -0.8803725E-02  0.3518876E+01 -0.3130406E+01 -0.2438467E+00  0.3443467E+01 -0.3606725E+00 -0.3597743E+01 -0.2034465E+00 -0.3432955E+01  0.3531110E+01
 0.1720000E+03  0.2617374E-01  0.2256716E+00 -0.8749146E-02  0.3518626E+01 -0.3131486E+01 -0.2438860E+00  0.3443512E+01 -0.3596284E+00 -0.3597675E+01 -0.2034893E+00 -0.3433786E+01  0.3530711E+01  0.2617374E-01  0.2256716E+00 -0.8749146E-02  0.3518626E+01 -0.3131486E+01 -0.2438860E+00  0.3443512E+01 -0.3596284E+00 -0.3597675E+01 -0.2034893E+00 -0.3433786E+01  0.3530711E+01
 0.1760000E+03  0.2620432E-01  0.2262430E+00 -0.8694127E-02  0.3518371E+01 -0.3132585E+01 -0.2439267E+00  0.3443558E+01 -0.3585657E+00 -0.3597605E+01 -0.2035335E+00 -0.3434631E+01  0.3530305E+01  0.2620432E-01  0.2262430E+00 -0.8694127E-02  0.3518371E+01 -0.3132585E+01 -0.2439267E+00  0.3443558E+01 -0.3585657E+00 -0.3597605E+01 -0.2035335E+00 -0.3434631E+01  0.3530305E+01
 0.1800000E+03  0.2623425E-01  0.2268251E+00 -0.8638719E-02  0.3518112E+01 -0.3133703E+01 -0.2439690E+00  0.3443604E+01 -0.3574845E+00 -0.3597534E+01 -0.2035792E+00 -0.3435490E+01  0.3529891E+01  0.2623425E-01  0.2268251E+00 -0.8638719E-02  0.3518112E+01 -0.3133703E+01 -0.2439690E+00  0.3443604E+01 -0.3574845E+00 -0.3597534E+01 -0.2035792E+00 -0.3435490E+01  0.3529891E+01
 0.1840000E+03  0.2626342E-01  0.2274178E+00 -0.8582971E-02  0.3517848E+01 -0.3134840E+01 -0.2440127E+00  0.3443652E+01 -0.3563851E+00 -0.3597461E+01 -0.2036266E+00 -0.3436363E+01  0.3529471E+01  0.2626342E-01  0.2274178E+00 -0.8582971E-02  0.3517848E+01 -0.3134840E+01 -0.2440127E+00  0.3443652E+01 -0.3563851E+00 -0.3597461E+01 -0.2036266E+00 -0.3436363E+01  0.3529471E+01
 0.1880000E+03  0.2629173E-01  0.2280210E+00 -0.8526935E-02  0.3517580E+01 -0.3135995E+01 -0.2440579E+00  0.3443701E+01 -0.3552678E+00 -0.3597387E+01 -0.2036755E+00 -0.3437250E+01  0.3529043E+01  0.2629173E-01  0.2280210E+00 -0.8526935E-02  0.3517580E+01 -0.3135995E+01 -0.2440579E+00  0.3443701E+01 -0.3552678E+00 -0.3597387E+01 -0.2036755E+00 -0.3437250E+01  0.3529043E+01
 0.1920000E+03  0.2631908E-01  0.2286348E+00 -0.8470660E-02  0.3517308E+01 -0.3137168E+01 -0.2441047E+00  0.3443750E+01 -0.3541327E+00 -0.3597312E+01 -0.2037261E+00 -0.3438150E+01  0.3528609E+01  0.2631908E-01  0.2286348E+00 -0.8470660E-02  0.3517308E+01 -0.3137168E+01 -0.2441047E+00  0.3443750E+01 -0.3541327E+00 -0.3597312E+01 -0.2037261E+00 -0.3438150E+01  0.3528609E+01
 0.1960000E+03  0.2634536E-01  0.2292590E+00 -0.8414198E-02  0.3517031E+01 -0.3138359E+01 -0.2441531E+00  0.3443800E+01 -0.3529802E+00 -0.3597235E+01 -0.2037783E+00 -0.3439063E+01  0.3528167E+01  0.2634536E-01  0.2292590E+00 -0.8414198E-02  0.3517031E+01 -0.3138359E+01 -0.2441531E+00  0.3443800E+01 -0.3529802E+00 -0.3597235E+01 -0.2037783E+00 -0.3439063E+01  0.3528167E+01
 0.2000000E+03  0.2637046E-01  0.2298935E+00 -0.8357601E-02  0.3516751E+01 -0.3139567E+01 -0.2442030E+00  0.3443852E+01 -0.3518105E+00 -0.3597157E+01 -0.2038323E+00 -0.3439988E+01  0.3527719E+01  0.2637046E-01  0.2298935E+00 -0.8357601E-02  0.3516751E+01 -0.3139567E+01 -0.2442030E+00  0.3443852E+01 -0.3518105E+00 -0.3597157E+01 -0.2038323E+00 -0.3439988E+01  0.3527719E+01
 0.2040000E+03  0.2639428E-01  0.2305384E+00 -0.8300920E-02  0.3516466E+01 -0.3140793E+01 -0.2442545E+00  0.3443904E+01 -0.3506238E+00 -0.3597077E+01 -0.2038881E+00 -0.3440926E+01  0.3527264E+01  0.2639428E-01  0.2305384E+00 -0.8300920E-02  0.3516466E+01 -0.3140793E+01 -0.2442545E+00  0.3443904E+01 -0.3506238E+00 -0.3597077E+01 -0.2038881E+00 -0.3440926E+01  0.3527264E+01
 0.2080000E+03  0.2641670E-01  0.2311935E+00 -0.8244208E-02  0.3516177E+01 -0.3142035E+01 -0.2443077E+00  0.3443957E+01 -0.3494203E+00 -0.3596997E+01 -0.2039457E+00 -0.3441876E+01  0.3526803E+01  0.2641670E-01  0.2311935E+00 -0.8244208E-02  0.3516177E+01 -0.3142035E+01 -0.2443077E+00  0.3443957E+01 -0.3494203E+00 -0.3596997E+01 -0.2039457E+00 -0.3441876E+01  0.3526803E+01
 0.2120000E+03  0.2643763E-01  0.2318588E+00 -0.8187517E-02  0.3515884E+01 -0.3143294E+01 -0.2443625E+00  0.3444011E+01 -0.3482003E+00 -0.3596915E+01 -0.2040052E+00 -0.3442839E+01  0.3526336E+01  0.2643763E-01  0.2318588E+00 -0.8187517E-02  0.3515884E+01 -0.3143294E+01 -0.2443625E+00  0.3444011E+01 -0.3482003E+00 -0.3596915E+01 -0.2040052E+00 -0.3442839E+01  0.3526336E+01
 0.2160000E+03  0.2645695E-01  0.2325342E+00 -0.8130900E-02  0.3515587E+01 -0.3144569E+01 -0.2444189E+00  0.3444066E+01 -0.3469640E+00 -0.3596831E+01 -0.2040665E+00 -0.3443813E+01  0.3525862E+01  0.2645695E-01  0.2325342E+00 -0.8130900E-02  0.3515587E+01 -0.3144569E+01 -0.2444189E+00  0.3444066E+01 -0.3469640E+00 -0.3596831E+01 -0.2040665E+00 -0.3443813E+01  0.3525862E+01
 0.2200000E+03  0.2647454E-01  0.2332198E+00 -0.8074410E-02  0.3515286E+01 -0.3145860E+01 -0.2444771E+00  0.3444122E+01 -0.3457116E+00 -0.3596746E+01 -0.2041298E+00 -0.3444798E+01  0.3525381E+01  0.2647454E-01  0.2332198E+00 -0.8074410E-02  0.3515286E+01 -0.3145860E+01 -0.2444771E+00  0.3444122E+01 -0.3457116E+00 -0.3596746E+01 -0.2041298E+00 -0.3444798E+01  0.3525381E+01
 0.2240000E+03  0.2649046E-01  0.2339156E+00 -0.8018051E-02  0.3514981E+01 -0.3147167E+01 -0.2445367E+00  0.3444178E+01 -0.3444437E+00 -0.3596660E+01 -0.2041953E+00 -0.3445795E+01  0.3524895E+01  0.2649046E-01  0.2339156E+00 -0.8018051E-02  0.3514981E+01 -0.3147167E+01 -0.2445367E+00  0.3444178E+01 -0.3444437E+00 -0.3596660E+01 -0.2041953E+00 -0.3445795E+01  0.3524895E+01
 0.2280000E+03  0.2650456E-01  0.2346217E+00 -0.7962071E-02  0.3514673E+01 -0.3148490E+01 -0.2445981E+00  0.3444236E+01 -0.3431606E+00 -0.3596573E+01 -0.2042631E+00 -0.3446802E+01  0.3524403E+01  0.2650456E-01  0.2346217E+00 -0.7962071E-02  0.3514673E+01 -0.3148490E+01 -0.2445981E+00  0.3444236E+01 -0.3431606E+00 -0.3596573E+01 -0.2042631E+00 -0.3446802E+01  0.3524403E+01
 0.2320000E+03  0.2651673E-01  0.2353380E+00 -0.7906525E-02  0.3514360E+01 -0.3149827E+01 -0.2446611E+00  0.3444294E+01 -0.3418624E+00 -0.3596484E+01 -0.2043331E+00 -0.3447821E+01  0.3523905E+01  0.2651673E-01  0.2353380E+00 -0.7906525E-02  0.3514360E+01 -0.3149827E+01 -0.2446611E+00  0.3444294E+01 -0.3418624E+00 -0.3596484E+01 -0.2043331E+00 -0.3447821E+01  0.3523905E+01
 0.2360000E+03  0.2652672E-01  0.2360643E+00 -0.7851336E-02  0.3514045E+01 -0.3151180E+01 -0.2447258E+00  0.3444353E+01 -0.3405491E+00 -0.3596394E+01 -0.2044054E+00 -0.3448850E+01  0.3523400E+01  0.2652672E-01  0.2360643E+00 -0.7851336E-02  0.3514045E+01 -0.3151180E+01 -0.2447258E+00  0.3444353E+01 -0.3405491E+00 -0.3596394E+01 -0.2044054E+00 -0.3448850E+01  0.3523400E+01
 0.2400000E+03  0.2653433E-01  0.2368004E+00 -0.7796718E-02  0.3513725E+01 -0.3152547E+01 -0.2447923E+00  0.3444414E+01 -0.3392213E+00 -0.3596303E+01 -0.2044798E+00 -0.3449889E+01  0.3522891E+01  0.2653433E-01  0.2368004E+00 -0.7796718E-02  0.3513725E+01 -0.3152547E+01 -0.2447923E+00  0.3444414E+01 -0.3392213E+00 -0.3596303E+01 -0.2044798E+00 -0.3449889E+01  0.3522891E+01
 0.2440000E+03  0.2653974E-01  0.2375464E+00 -0.7742853E-02  0.3513402E+01 -0.3153929E+01 -0.2448601E+00  0.3444474E+01 -0.3378789E+00 -0.3596211E+01 -0.2045565E+00 -0.3450938E+01  0.3522375E+01  0.2653974E-01  0.2375464E+00 -0.7742853E-02  0.3513402E+01 -0.3153929E+01 -0.2448601E+00  0.3444474E+01 -0.3378789E+00 -0.3596211E+01 -0.2045565E+00 -0.3450938E+01  0.3522375E+01
 0.2480000E+03  0.2654274E-01  0.2383018E+00 -0.7689711E-02  0.3513076E+01 -0.3155325E+01 -0.2449297E+00  0.3444536E+01 -0.3365220E+00 -0.3596117E+01 -0.2046357E+00 -0.3451996E+01  0.3521854E+01  0.2654274E-01  0.2383018E+00 -0.7689711E-02  0.3513076E+01 -0.3155325E+01 -0.2449297E+00  0.3444536E+01 -0.3365220E+00 -0.3596117E+01 -0.2046357E+00 -0.3451996E+01  0.3521854E+01
 0.2520000E+03  0.2654324E-01  0.2390668E+00 -0.7637345E-02  0.3512746E+01 -0.3156734E+01 -0.2450010E+00  0.3444599E+01 -0.3351509E+00 -0.3596022E+01 -0.2047173E+00 -0.3453065E+01  0.3521327E+01  0.2654324E-01  0.2390668E+00 -0.7637345E-02  0.3512746E+01 -0.3156734E+01 -0.2450010E+00  0.3444599E+01 -0.3351509E+00 -0.3596022E+01 -0.2047173E+00 -0.3453065E+01  0.3521327E+01
 0.2560000E+03  0.2654112E-01  0.2398413E+00 -0.7585810E-02  0.3512413E+01 -0.3158157E+01 -0.2450740E+00  0.3444662E+01 -0.3337657E+00 -0.3595925E+01 -0.2048015E+00 -0.3454142E+01  0.3520795E+01  0.2654112E-01  0.2398413E+00 -0.7585810E-02  0.3512413E+01 -0.3158157E+01 -0.2450740E+00  0.3444662E+01 -0.3337657E+00 -0.3595925E+01 -0.2048015E+00 -0.3454142E+01  0.3520795E+01
 0.2600000E+03  0.2653626E-01  0.2406253E+00 -0.7535160E-02  0.3512077E+01 -0.3159593E+01 -0.2451487E+00  0.3444726E+01 -0.3323667E+00 -0.3595828E+01 -0.2048882E+00 -0.3455228E+01  0.3520257E+01  0.2653626E-01  0.2406253E+00 -0.7535160E-02  0.3512077E+01 -0.3159593E+01 -0.2451487E+00  0.3444726E+01 -0.3323667E+00 -0.3595828E+01 -0.2048882E+00 -0.3455228E+01  0.3520257E+01
 0.2640000E+03  0.2652874E-01  0.2414188E+00 -0.7485394E-02  0.3511738E+01 -0.3161041E+01 -0.2452252E+00  0.3444791E+01 -0.3309541E+00 -0.3595729E+01 -0.2049774E+00 -0.3456323E+01  0.3519714E+01  0.2652874E-01  0.2414188E+00 -0.7485394E-02  0.3511738E+01 -0.3161041E+01 -0.2452252E+00  0.3444791E+01 -0.3309541E+00 -0.3595729E+01 -0.2049774E+00 -0.3456323E+01  0.3519714E+01
 0.2680000E+03  0.2651831E-01  0.2422217E+00 -0.7436588E-02  0.3511395E+01 -0.3162503E+01 -0.2453032E+00  0.3444857E+01 -0.3295282E+00 -0.3595629E+01 -0.2050694E+00 -0.3457427E+01  0.3519166E+01  0.2651831E-01  0.2422217E+00 -0.7436588E-02  0.3511395E+01 -0.3162503E+01 -0.2453032E+00  0.3444857E+01 -0.3295282E+00 -0.3595629E+01 -0.2050694E+00 -0.3457427E+01  0.3519166E+01
 0.2720000E+03  0.2650501E-01  0.2430339E+00 -0.7388822E-02  0.3511050E+01 -0.3163977E+01 -0.2453827E+00  0.3444923E+01 -0.3280893E+00 -0.3595528E+01 -0.2051642E+00 -0.3458539E+01  0.3518613E+01  0.2650501E-01  0.2430339E+00 -0.7388822E-02  0.3511050E+01 -0.3163977E+01 -0.2453827E+00  0.3444923E+01 -0.3280893E+00 -0.3595528E+01 -0.2051642E+00 -0.3458539E+01  0.3518613E+01
 0.2760000E+03  0.2648874E-01  0.2438554E+00 -0.7342176E-02  0.3510701E+01 -0.3165462E+01 -0.2454638E+00  0.3444991E+01 -0.3266375E+00 -0.3595425E+01 -0.2052616E+00 -0.3459658E+01  0.3518056E+01  0.2648874E-01  0.2438554E+00 -0.7342176E-02  0.3510701E+01 -0.3165462E+01 -0.2454638E+00  0.3444991E+01 -0.3266375E+00 -0.3595425E+01 -0.2052616E+00 -0.3459658E+01  0.3518056E+01
 0.2800000E+03  0.2646939E-01  0.2446862E+00 -0.7296706E-02  0.3510350E+01 -0.3166960E+01 -0.2455464E+00  0.3445059E+01 -0.3251732E+00 -0.3595321E+01 -0.2053617E+00 -0.3460785E+01  0.3517493E+01  0.2646939E-01  0.2446862E+00 -0.7296706E-02  0.3510350E+01 -0.3166960E+01 -0.2455464E+00  0.3445059E+01 -0.3251732E+00 -0.3595321E+01 -0.2053617E+00 -0.3460785E+01  0.3517493E+01
 0.2840000E+03  0.2644686E-01  0.2455262E+00 -0.7252464E-02  0.3509995E+01 -0.3168469E+01 -0.2456306E+00  0.3445128E+01 -0.3236966E+00 -0.3595217E+01 -0.2054646E+00 -0.3461920E+01  0.3516925E+01  0.2644686E-01  0.2455262E+00 -0.7252464E-02  0.3509995E+01 -0.3168469E+01 -0.2456306E+00  0.3445128E+01 -0.3236966E+00 -0.3595217E+01 -0.2054646E+00 -0.3461920E+01  0.3516925E+01
 0.2880000E+03  0.2642092E-01  0.2463752E+00 -0.7209507E-02  0.3509638E+01 -0.3169990E+01 -0.2457162E+00  0.3445198E+01 -0.3222080E+00 -0.3595111E+01 -0.2055704E+00 -0.3463062E+01  0.3516353E+01  0.2642092E-01  0.2463752E+00 -0.7209507E-02  0.3509638E+01 -0.3169990E+01 -0.2457162E+00  0.3445198E+01 -0.3222080E+00 -0.3595111E+01 -0.2055704E+00 -0.3463062E+01  0.3516353E+01
 0.2920000E+03  0.2639180E-01  0.2472331E+00 -0.7168168E-02  0.3509278E+01 -0.3171521E+01 -0.2458028E+00  0.3445268E+01 -0.3207075E+00 -0.3595004E+01 -0.2056790E+00 -0.3464211E+01  0.3515776E+01  0.2639180E-01  0.2472331E+00 -0.7168168E-02  0.3509278E+01 -0.3171521E+01 -0.2458028E+00  0.3445268E+01 -0.3207075E+00 -0.3595004E+01 -0.2056790E+00 -0.3464211E+01  0.3515776E+01
 0.2960000E+03  0.2635947E-01  0.2480998E+00 -0.7128303E-02  0.3508915E+01 -0.3173063E+01 -0.2458907E+00  0.3445340E+01 -0.3191957E+00 -0.3594896E+01 -0.2057904E+00 -0.3465366E+01  0.3515195E+01  0.2635947E-01  0.2480998E+00 -0.7128303E-02  0.3508915E+01 -0.3173063E+01 -0.2458907E+00  0.3445340E+01 -0.3191957E+00 -0.3594896E+01 -0.2057904E+00 -0.3465366E+01  0.3515195E+01
 0.3000000E+03  0.2632381E-01  0.2489754E+00 -0.7089911E-02  0.3508549E+01 -0.3174615E+01 -0.2459799E+00  0.3445412E+01 -0.3176725E+00 -0.3594786E+01 -0.2059047E+00 -0.3466528E+01  0.3514609E+01  0.2632381E-01  0.2489754E+00 -0.7089911E-02  0.3508549E+01 -0.3174615E+01 -0.2459799E+00  0.3445412E+01 -0.3176725E+00 -0.3594786E+01 -0.2059047E+00 -0.3466528E+01  0.3514609E+01
 0.3040000E+03  0.2628483E-01  0.2498597E+00 -0.7053056E-02  0.3508181E+01 -0.3176177E+01 -0.2460707E+00  0.3445485E+01 -0.3161381E+00 -0.3594676E+01 -0.2060218E+00 -0.3467696E+01  0.3514019E+01  0.2628483E-01  0.2498597E+00 -0.7053056E-02  0.3508181E+01 -0.3176177E+01 -0.2460707E+00  0.3445485E+01 -0.3161381E+00 -0.3594676E+01 -0.2060218E+00 -0.3467696E+01  0.3514019E+01
 0.3080000E+03  0.2624254E-01  0.2507523E+00 -0.7017622E-02  0.3507810E+01 -0.3177749E+01 -0.2461629E+00  0.3445559E+01 -0.3145929E+00 -0.3594565E+01 -0.2061418E+00 -0.3468870E+01  0.3513425E+01  0.2624254E-01  0.2507523E+00 -0.7017622E-02  0.3507810E+01 -0.3177749E+01 -0.2461629E+00  0.3445559E+01 -0.3145929E+00 -0.3594565E+01 -0.2061418E+00 -0.3468870E+01  0.3513425E+01
 0.3120000E+03  0.2619692E-01  0.2516530E+00 -0.6983668E-02  0.3507437E+01 -0.3179331E+01 -0.2462564E+00  0.3445633E+01 -0.3130373E+00 -0.3594453E+01 -0.2062646E+00 -0.3470050E+01  0.3512826E+01  0.2619692E-01  0.2516530E+00 -0.6983668E-02  0.3507437E+01 -0.3179331E+01 -0.2462564E+00  0.3445633E+01 -0.3130373E+00 -0.3594453E+01 -0.2062646E+00 -0.3470050E+01  0.3512826E+01
 0.3160000E+03  0.2614785E-01  0.2525618E+00 -0.6951245E-02  0.3507061E+01 -0.3180922E+01 -0.2463513E+00  0.3445708E+01 -0.3114715E+00 -0.3594340E+01 -0.2063901E+00 -0.3471235E+01  0.3512224E+01  0.2614785E-01  0.2525618E+00 -0.6951245E-02  0.3507061E+01 -0.3180922E+01 -0.2463513E+00  0.3445708E+01 -0.3114715E+00 -0.3594340E+01 -0.2063901E+00 -0.3471235E+01  0.3512224E+01
 0.3200000E+03  0.2609520E-01  0.2534785E+00 -0.6920523E-02  0.3506683E+01 -0.3182521E+01 -0.2464475E+00  0.3445784E+01 -0.3098957E+00 -0.3594225E+01 -0.2065184E+00 -0.3472425E+01  0.3511618E+01  0.2609520E-01  0.2534785E+00 -0.6920523E-02  0.3506683E+01 -0.3182521E+01 -0.2464475E+00  0.3445784E+01 -0.3098957E+00 -0.3594225E+01 -0.2065184E+00 -0.3472425E+01  0.3511618E+01
 0.3240000E+03  0.2603921E-01  0.2544030E+00 -0.6891618E-02  0.3506302E+01 -0.3184130E+01 -0.2465452E+00  0.3445861E+01 -0.3083102E+00 -0.3594110E+01 -0.2066493E+00 -0.3473620E+01  0.3511007E+01  0.2603921E-01  0.2544030E+00 -0.6891618E-02  0.3506302E+01 -0.3184130E+01 -0.2465452E+00  0.3445861E+01 -0.3083102E+00 -0.3594110E+01 -0.2066493E+00 -0.3473620E+01  0.3511007E+01
 0.3280000E+03  0.2597980E-01  0.2553350E+00 -0.6864342E-02  0.3505919E+01 -0.3185747E+01 -0.2466446E+00  0.3445939E+01 -0.3067153E+00 -0.3593994E+01 -0.2067827E+00 -0.3474820E+01  0.3510393E+01  0.2597980E-01  0.2553350E+00 -0.6864342E-02  0.3505919E+01 -0.3185747E+01 -0.2466446E+00  0.3445939E+01 -0.3067153E+00 -0.3593994E+01 -0.2067827E+00 -0.3474820E+01  0.3510393E+01
 0.3320000E+03  0.2591685E-01  0.2562742E+00 -0.6838762E-02  0.3505534E+01 -0.3187372E+01 -0.2467453E+00  0.3446017E+01 -0.3051115E+00 -0.3593878E+01 -0.2069184E+00 -0.3476024E+01  0.3509776E+01  0.2591685E-01  0.2562742E+00 -0.6838762E-02  0.3505534E+01 -0.3187372E+01 -0.2467453E+00  0.3446017E+01 -0.3051115E+00 -0.3593878E+01 -0.2069184E+00 -0.3476024E+01  0.3509776E+01
 0.3360000E+03  0.2585041E-01  0.2572206E+00 -0.6815102E-02  0.3505147E+01 -0.3189005E+01 -0.2468473E+00  0.3446096E+01 -0.3034990E+00 -0.3593760E+01 -0.2070565E+00 -0.3477233E+01  0.3509155E+01  0.2585041E-01  0.2572206E+00 -0.6815102E-02  0.3505147E+01 -0.3189005E+01 -0.2468473E+00  0.3446096E+01 -0.3034990E+00 -0.3593760E+01 -0.2070565E+00 -0.3477233E+01  0.3509155E+01
 0.3400000E+03  0.2578039E-01  0.2581742E+00 -0.6793406E-02  0.3504757E+01 -0.3190646E+01 -0.2469508E+00  0.3446176E+01 -0.3018780E+00 -0.3593642E+01 -0.2071969E+00 -0.3478445E+01  0.3508530E+01  0.2578039E-01  0.2581742E+00 -0.6793406E-02  0.3504757E+01 -0.3190646E+01 -0.2469508E+00  0.3446176E+01 -0.3018780E+00 -0.3593642E+01 -0.2071969E+00 -0.3478445E+01  0.3508530E+01
 0.3440000E+03  0.2570667E-01  0.2591349E+00 -0.6773717E-02  0.3504365E+01 -0.3192294E+01 -0.2470556E+00  0.3446256E+01 -0.3002487E+00 -0.3593522E+01 -0.2073397E+00 -0.3479661E+01  0.3507902E+01  0.2570667E-01  0.2591349E+00 -0.6773717E-02  0.3504365E+01 -0.3192294E+01 -0.2470556E+00  0.3446256E+01 -0.3002487E+00 -0.3593522E+01 -0.2073397E+00 -0.3479661E+01  0.3507902E+01
 0.3480000E+03  0.2562942E-01  0.2601026E+00 -0.6756049E-02  0.3503971E+01 -0.3193949E+01 -0.2471619E+00  0.3446337E+01 -0.2986110E+00 -0.3593402E+01 -0.2074849E+00 -0.3480880E+01  0.3507270E+01  0.2562942E-01  0.2601026E+00 -0.6756049E-02  0.3503971E+01 -0.3193949E+01 -0.2471619E+00  0.3446337E+01 -0.2986110E+00 -0.3593402E+01 -0.2074849E+00 -0.3480880E+01  0.3507270E+01
 0.3520000E+03  0.2554854E-01  0.2610772E+00 -0.6740460E-02  0.3503575E+01 -0.3195611E+01 -0.2472695E+00  0.3446419E+01 -0.2969651E+00 -0.3593281E+01 -0.2076326E+00 -0.3482103E+01  0.3506635E+01  0.2554854E-01  0.2610772E+00 -0.6740460E-02  0.3503575E+01 -0.3195611E+01 -0.2472695E+00  0.3446419E+01 -0.2969651E+00 -0.3593281E+01 -0.2076326E+00 -0.3482103E+01  0.3506635E+01
 0.3560000E+03  0.2546398E-01  0.2620586E+00 -0.6726918E-02  0.3503177E+01 -0.3197280E+01 -0.2473786E+00  0.3446502E+01 -0.2953114E+00 -0.3593159E+01 -0.2077828E+00 -0.3483329E+01  0.3505997E+01  0.2546398E-01  0.2620586E+00 -0.6726918E-02  0.3503177E+01 -0.3197280E+01 -0.2473786E+00  0.3446502E+01 -0.2953114E+00 -0.3593159E+01 -0.2077828E+00 -0.3483329E+01  0.3505997E+01
 0.3600000E+03  0.2537565E-01  0.2630470E+00 -0.6715463E-02  0.3502777E+01 -0.3198955E+01 -0.2474892E+00  0.3446586E+01 -0.2936498E+00 -0.3593037E+01 -0.2079355E+00 -0.3484557E+01  0.3505356E+01  0.2537565E-01  0.2630470E+00 -0.6715463E-02  0.3502777E+01 -0.3198955E+01 -0.2474892E+00  0.3446586E+01 -0.2936498E+00 -0.3593037E+01 -0.2079355E+00 -0.3484557E+01  0.3505356E+01
 0.3640000E+03  0.2528341E-01  0.2640423E+00 -0.6706365E-02  0.3502375E+01 -0.3200636E+01 -0.2476011E+00  0.3446670E+01 -0.2919811E+00 -0.3592913E+01 -0.2080903E+00 -0.3485788E+01  0.3504712E+01  0.2528341E-01  0.2640423E+00 -0.6706365E-02  0.3502375E+01 -0.3200636E+01 -0.2476011E+00  0.3446670E+01 -0.2919811E+00 -0.3592913E+01 -0.2080903E+00 -0.3485788E+01  0.3504712E+01
 0.3680000E+03  0.2518727E-01  0.2650445E+00 -0.6699826E-02  0.3501971E+01 -0.3202322E+01 -0.2477149E+00  0.3446755E+01 -0.2903056E+00 -0.3592789E+01 -0.2082470E+00 -0.3487022E+01  0.3504065E+01  0.2518727E-01  0.2650445E+00 -0.6699826E-02  0.3501971E+01 -0.3202322E+01 -0.2477149E+00  0.3446755E+01 -0.2903056E+00 -0.3592789E+01 -0.2082470E+00 -0.3487022E+01  0.3504065E+01
 0.3720000E+03  0.2508707E-01  0.2660535E+00 -0.6695788E-02  0.3501565E+01 -0.3204015E+01 -0.2478303E+00  0.3446841E+01 -0.2886236E+00 -0.3592664E+01 -0.2084055E+00 -0.3488257E+01  0.3503415E+01  0.2508707E-01  0.2660535E+00 -0.6695788E-02  0.3501565E+01 -0.3204015E+01 -0.2478303E+00  0.3446841E+01 -0.2886236E+00 -0.3592664E+01 -0.2084055E+00 -0.3488257E+01  0.3503415E+01
 0.3760000E+03  0.2498266E-01  0.2670690E+00 -0.6693897E-02  0.3501157E+01 -0.3205712E+01 -0.2479470E+00  0.3446927E+01 -0.2869356E+00 -0.3592538E+01 -0.2085658E+00 -0.3489494E+01  0.3502762E+01  0.2498266E-01  0.2670690E+00 -0.6693897E-02  0.3501157E+01 -0.3205712E+01 -0.2479470E+00  0.3446927E+01 -0.2869356E+00 -0.3592538E+01 -0.2085658E+00 -0.3489494E+01  0.3502762E+01
 0.3800000E+03  0.2487414E-01  0.2680909E+00 -0.6694019E-02  0.3500748E+01 -0.3207415E+01 -0.2480647E+00  0.3447014E+01 -0.2852417E+00 -0.3592412E+01 -0.2087279E+00 -0.3490733E+01  0.3502107E+01  0.2487414E-01  0.2680909E+00 -0.6694019E-02  0.3500748E+01 -0.3207415E+01 -0.2480647E+00  0.3447014E+01 -0.2852417E+00 -0.3592412E+01 -0.2087279E+00 -0.3490733E+01  0.3502107E+01
 0.3840000E+03  0.2476170E-01  0.2691190E+00 -0.6696289E-02  0.3500337E+01 -0.3209122E+01 -0.2481834E+00  0.3447102E+01 -0.2835422E+00 -0.3592285E+01 -0.2088916E+00 -0.3491973E+01  0.3501449E+01  0.2476170E-01  0.2691190E+00 -0.6696289E-02  0.3500337E+01 -0.3209122E+01 -0.2481834E+00  0.3447102E+01 -0.2835422E+00 -0.3592285E+01 -0.2088916E+00 -0.3491973E+01  0.3501449E+01
 0.3880000E+03  0.2464525E-01  0.2701532E+00 -0.6700739E-02  0.3499924E+01 -0.3210833E+01 -0.2483030E+00  0.3447191E+01 -0.2818374E+00 -0.3592158E+01 -0.2090571E+00 -0.3493214E+01  0.3500788E+01  0.2464525E-01  0.2701532E+00 -0.6700739E-02  0.3499924E+01 -0.3210833E+01 -0.2483030E+00  0.3447191E+01 -0.2818374E+00 -0.3592158E+01 -0.2090571E+00 -0.3493214E+01  0.3500788E+01
 0.3920000E+03  0.2452488E-01  0.2711937E+00 -0.6707221E-02  0.3499510E+01 -0.3212549E+01 -0.2484233E+00  0.3447280E+01 -0.2801273E+00 -0.3592029E+01 -0.2092246E+00 -0.3494456E+01  0.3500124E+01  0.2452488E-01  0.2711937E+00 -0.6707221E-02  0.3499510E+01 -0.3212549E+01 -0.2484233E+00  0.3447280E+01 -0.2801273E+00 -0.3592029E+01 -0.2092246E+00 -0.3494456E+01  0.3500124E+01
 0.3960000E+03  0.2440032E-01  0.2722405E+00 -0.6715577E-02  0.3499094E+01 -0.3214269E+01 -0.2485444E+00  0.3447369E+01 -0.2784120E+00 -0.3591900E+01 -0.2093940E+00 -0.3495698E+01  0.3499459E+01  0.2440032E-01  0.2722405E+00 -0.6715577E-02  0.3499094E+01 -0.3214269E+01 -0.2485444E+00  0.3447369E+01 -0.2784120E+00 -0.3591900E+01 -0.2093940E+00 -0.3495698E+01  0.3499459E+01
 0.4000000E+03  0.2427174E-01  0.2732934E+00 -0.6726223E-02  0.3498677E+01 -0.3215993E+01 -0.2486663E+00  0.3447460E+01 -0.2766915E+00 -0.3591771E+01 -0.2095654E+00 -0.3496941E+01  0.3498790E+01  0.2427174E-01  0.2732934E+00 -0.6726223E-02  0.3498677E+01 -0.3215993E+01 -0.2486663E+00  0.3447460E+01 -0.2766915E+00 -0.3591771E+01 -0.2095654E+00 -0.3496941E+01  0.3498790E+01
 0.4040000E+03  0.2413906E-01  0.2743524E+00 -0.6739190E-02  0.3498258E+01 -0.3217720E+01 -0.2487891E+00  0.3447551E+01 -0.2749661E+00 -0.3591641E+01 -0.2097388E+00 -0.3498184E+01  0.3498120E+01  0.2413906E-01  0.2743524E+00 -0.6739190E-02  0.3498258E+01 -0.3217720E+01 -0.2487891E+00  0.3447551E+01 -0.2749661E+00 -0.3591641E+01 -0.2097388E+00 -0.3498184E+01  0.3498120E+01
 0.4080000E+03  0.2400259E-01  0.2754172E+00 -0.6754700E-02  0.3497838E+01 -0.3219450E+01 -0.2489125E+00  0.3447642E+01 -0.2732361E+00 -0.3591510E+01 -0.2099141E+00 -0.3499427E+01  0.3497447E+01  0.2400259E-01  0.2754172E+00 -0.6754700E-02  0.3497838E+01 -0.3219450E+01 -0.2489125E+00  0.3447642E+01 -0.2732361E+00 -0.3591510E+01 -0.2099141E+00 -0.3499427E+01  0.3497447E+01
 0.4120000E+03  0.2386244E-01  0.2764878E+00 -0.6772674E-02  0.3497416E+01 -0.3221184E+01 -0.2490365E+00  0.3447734E+01 -0.2715018E+00 -0.3591379E+01 -0.2100912E+00 -0.3500670E+01  0.3496773E+01  0.2386244E-01  0.2764878E+00 -0.6772674E-02  0.3497416E+01 -0.3221184E+01 -0.2490365E+00  0.3447734E+01 -0.2715018E+00 -0.3591379E+01 -0.2100912E+00 -0.3500670E+01  0.3496773E+01
 0.4160000E+03  0.2371854E-01  0.2775642E+00 -0.6793139E-02  0.3496993E+01 -0.3222920E+01 -0.2491611E+00  0.3447827E+01 -0.2697632E+00 -0.3591247E+01 -0.2102703E+00 -0.3501912E+01  0.3496096E+01  0.2371854E-01  0.2775642E+00 -0.6793139E-02  0.3496993E+01 -0.3222920E+01 -0.2491611E+00  0.3447827E+01 -0.2697632E+00 -0.3591247E+01 -0.2102703E+00 -0.3501912E+01  0.3496096E+01
 0.4200000E+03  0.2357078E-01  0.2786463E+00 -0.6816435E-02  0.3496569E+01 -0.3224659E+01 -0.2492861E+00  0.3447920E+01 -0.2680206E+00 -0.3591114E+01 -0.2104513E+00 -0.3503154E+01  0.3495418E+01  0.2357078E-01  0.2786463E+00 -0.6816435E-02  0.3496569E+01 -0.3224659E+01 -0.2492861E+00  0.3447920E+01 -0.2680206E+00 -0.3591114E+01 -0.2104513E+00 -0.3503154E+01  0.3495418E+01
 0.4240000E+03  0.2341908E-01  0.2797340E+00 -0.6842254E-02  0.3496144E+01 -0.3226400E+01 -0.2494116E+00  0.3448014E+01 -0.2662740E+00 -0.3590981E+01 -0.2106344E+00 -0.3504395E+01  0.3494737E+01  0.2341908E-01  0.2797340E+00 -0.6842254E-02  0.3496144E+01 -0.3226400E+01 -0.2494116E+00  0.3448014E+01 -0.2662740E+00 -0.3590981E+01 -0.2106344E+00 -0.3504395E+01  0.3494737E+01
 0.4280000E+03  0.2326353E-01  0.2808275E+00 -0.6870807E-02  0.3495717E+01 -0.3228143E+01 -0.2495375E+00  0.3448108E+01 -0.2645240E+00 -0.3590847E+01 -0.2108196E+00 -0.3505635E+01  0.3494055E+01  0.2326353E-01  0.2808275E+00 -0.6870807E-02  0.3495717E+01 -0.3228143E+01 -0.2495375E+00  0.3448108E+01 -0.2645240E+00 -0.3590847E+01 -0.2108196E+00 -0.3505635E+01  0.3494055E+01
 0.4320000E+03  0.2310405E-01  0.2819265E+00 -0.6902117E-02  0.3495289E+01 -0.3229888E+01 -0.2496638E+00  0.3448203E+01 -0.2627706E+00 -0.3590712E+01 -0.2110068E+00 -0.3506873E+01  0.3493371E+01  0.2310405E-01  0.2819265E+00 -0.6902117E-02  0.3495289E+01 -0.3229888E+01 -0.2496638E+00  0.3448203E+01 -0.2627706E+00 -0.3590712E+01 -0.2110068E+00 -0.3506873E+01  0.3493371E+01
 0.4360000E+03  0.2294064E-01  0.2830309E+00 -0.6935917E-02  0.3494859E+01 -0.3231634E+01 -0.2497905E+00  0.3448298E+01 -0.2610143E+00 -0.3590577E+01 -0.2111958E+00 -0.3508110E+01  0.3492686E+01  0.2294064E-01  0.2830309E+00 -0.6935917E-02  0.3494859E+01 -0.3231634E+01 -0.2497905E+00  0.3448298E+01 -0.2610143E+00 -0.3590577E+01 -0.2111958E+00 -0.3508110E+01  0.3492686E+01
 0.4400000E+03  0.2277333E-01  0.2841402E+00 -0.6972353E-02  0.3494429E+01 -0.3233382E+01 -0.2499174E+00  0.3448394E+01 -0.2592553E+00 -0.3590442E+01 -0.2113864E+00 -0.3509346E+01  0.3491999E+01  0.2277333E-01  0.2841402E+00 -0.6972353E-02  0.3494429E+01 -0.3233382E+01 -0.2499174E+00  0.3448394E+01 -0.2592553E+00 -0.3590442E+01 -0.2113864E+00 -0.3509346E+01  0.3491999E+01
 0.4440000E+03  0.2260239E-01  0.2852543E+00 -0.7011432E-02  0.3493998E+01 -0.3235131E+01 -0.2500444E+00  0.3448490E+01 -0.2574938E+00 -0.3590306E+01 -0.2115785E+00 -0.3510579E+01  0.3491310E+01  0.2260239E-01  0.2852543E+00 -0.7011432E-02  0.3493998E+01 -0.3235131E+01 -0.2500444E+00  0.3448490E+01 -0.2574938E+00 -0.3590306E+01 -0.2115785E+00 -0.3510579E+01  0.3491310E+01
 0.4480000E+03  0.2242774E-01  0.2863730E+00 -0.7053536E-02  0.3493566E+01 -0.3236880E+01 -0.2501716E+00  0.3448587E+01 -0.2557302E+00 -0.3590170E+01 -0.2117722E+00 -0.3511811E+01  0.3490621E+01  0.2242774E-01  0.2863730E+00 -0.7053536E-02  0.3493566E+01 -0.3236880E+01 -0.2501716E+00  0.3448587E+01 -0.2557302E+00 -0.3590170E+01 -0.2117722E+00 -0.3511811E+01  0.3490621E+01
 0.4520000E+03  0.2224950E-01  0.2874960E+00 -0.7098902E-02  0.3493132E+01 -0.3238631E+01 -0.2502992E+00  0.3448684E+01 -0.2539646E+00 -0.3590033E+01 -0.2119672E+00 -0.3513040E+01  0.3489929E+01  0.2224950E-01  0.2874960E+00 -0.7098902E-02  0.3493132E+01 -0.3238631E+01 -0.2502992E+00  0.3448684E+01 -0.2539646E+00 -0.3590033E+01 -0.2119672E+00 -0.3513040E+01  0.3489929E+01
 0.4560000E+03  0.2206780E-01  0.2886224E+00 -0.7147322E-02  0.3492698E+01 -0.3240381E+01 -0.2504268E+00  0.3448782E+01 -0.2521972E+00 -0.3589895E+01 -0.2121635E+00 -0.3514267E+01  0.3489236E+01  0.2206780E-01  0.2886224E+00 -0.7147322E-02  0.3492698E+01 -0.3240381E+01 -0.2504268E+00  0.3448782E+01 -0.2521972E+00 -0.3589895E+01 -0.2121635E+00 -0.3514267E+01  0.3489236E+01
 0.4600000E+03  0.2188257E-01  0.2897524E+00 -0.7198811E-02  0.3492263E+01 -0.3242132E+01 -0.2505545E+00  0.3448880E+01 -0.2504281E+00 -0.3589757E+01 -0.2123613E+00 -0.3515491E+01  0.3488542E+01  0.2188257E-01  0.2897524E+00 -0.7198811E-02  0.3492263E+01 -0.3242132E+01 -0.2505545E+00  0.3448880E+01 -0.2504281E+00 -0.3589757E+01 -0.2123613E+00 -0.3515491E+01  0.3488542E+01
 0.4640000E+03  0.2169294E-01  0.2908859E+00 -0.7252417E-02  0.3491827E+01 -0.3243882E+01 -0.2506816E+00  0.3448978E+01 -0.2486580E+00 -0.3589619E+01 -0.2125597E+00 -0.3516713E+01  0.3487847E+01  0.2169294E-01  0.2908859E+00 -0.7252417E-02  0.3491827E+01 -0.3243882E+01 -0.2506816E+00  0.3448978E+01 -0.2486580E+00 -0.3589619E+01 -0.2125597E+00 -0.3516713E+01  0.3487847E+01
 0.4680000E+03  0.2149912E-01  0.2920227E+00 -0.7308140E-02  0.3491391E+01 -0.3245632E+01 -0.2508080E+00  0.3449077E+01 -0.2468869E+00 -0.3589480E+01 -0.2127589E+00 -0.3517931E+01  0.3487151E+01  0.2149912E-01  0.2920227E+00 -0.7308140E-02  0.3491391E+01 -0.3245632E+01 -0.2508080E+00  0.3449077E+01 -0.2468869E+00 -0.3589480E+01 -0.2127589E+00 -0.3517931E+01  0.3487151E+01
 0.4720000E+03  0.2130089E-01  0.2931625E+00 -0.7365533E-02  0.3490953E+01 -0.3247381E+01 -0.2509338E+00  0.3449176E+01 -0.2451147E+00 -0.3589341E+01 -0.2129592E+00 -0.3519146E+01  0.3486453E+01  0.2130089E-01  0.2931625E+00 -0.7365533E-02  0.3490953E+01 -0.3247381E+01 -0.2509338E+00  0.3449176E+01 -0.2451147E+00 -0.3589341E+01 -0.2129592E+00 -0.3519146E+01  0.3486453E+01
 0.4760000E+03  0.2109847E-01  0.2943052E+00 -0.7424603E-02  0.3490515E+01 -0.3249130E+01 -0.2510589E+00  0.3449276E+01 -0.2433417E+00 -0.3589202E+01 -0.2131606E+00 -0.3520357E+01  0.3485755E+01  0.2109847E-01  0.2943052E+00 -0.7424603E-02  0.3490515E+01 -0.3249130E+01 -0.2510589E+00  0.3449276E+01 -0.2433417E+00 -0.3589202E+01 -0.2131606E+00 -0.3520357E+01  0.3485755E+01
 0.4800000E+03  0.2089175E-01  0.2954504E+00 -0.7485432E-02  0.3490076E+01 -0.3250877E+01 -0.2511835E+00  0.3449376E+01 -0.2415686E+00 -0.3589063E+01 -0.2133627E+00 -0.3521565E+01  0.3485056E+01  0.2089175E-01  0.2954504E+00 -0.7485432E-02  0.3490076E+01 -0.3250877E+01 -0.2511835E+00  0.3449376E+01 -0.2415686E+00 -0.3589063E+01 -0.2133627E+00 -0.3521565E+01  0.3485056E+01
 0.4840000E+03  0.2068094E-01  0.2965980E+00 -0.7548057E-02  0.3489637E+01 -0.3252623E+01 -0.2513078E+00  0.3449476E+01 -0.2397958E+00 -0.3588923E+01 -0.2135651E+00 -0.3522768E+01  0.3484356E+01  0.2068094E-01  0.2965980E+00 -0.7548057E-02  0.3489637E+01 -0.3252623E+01 -0.2513078E+00  0.3449476E+01 -0.2397958E+00 -0.3588923E+01 -0.2135651E+00 -0.3522768E+01  0.3484356E+01
 0.4880000E+03  0.2046588E-01  0.2977476E+00 -0.7612422E-02  0.3489197E+01 -0.3254368E+01 -0.2514322E+00  0.3449576E+01 -0.2380234E+00 -0.3588783E+01 -0.2137674E+00 -0.3523968E+01  0.3483655E+01  0.2046588E-01  0.2977476E+00 -0.7612422E-02  0.3489197E+01 -0.3254368E+01 -0.2514322E+00  0.3449576E+01 -0.2380234E+00 -0.3588783E+01 -0.2137674E+00 -0.3523968E+01  0.3483655E+01
 0.4920000E+03  0.2024638E-01  0.2988990E+00 -0.7678408E-02  0.3488756E+01 -0.3256111E+01 -0.2515565E+00  0.3449676E+01 -0.2362516E+00 -0.3588644E+01 -0.2139695E+00 -0.3525163E+01  0.3482954E+01  0.2024638E-01  0.2988990E+00 -0.7678408E-02  0.3488756E+01 -0.3256111E+01 -0.2515565E+00  0.3449676E+01 -0.2362516E+00 -0.3588644E+01 -0.2139695E+00 -0.3525163E+01  0.3482954E+01
 0.4960000E+03  0.2002246E-01  0.3000518E+00 -0.7745851E-02  0.3488314E+01 -0.3257852E+01 -0.2516810E+00  0.3449777E+01 -0.2344805E+00 -0.3588503E+01 -0.2141713E+00 -0.3526354E+01  0.3482252E+01  0.2002246E-01  0.3000518E+00 -0.7745851E-02  0.3488314E+01 -0.3257852E+01 -0.2516810E+00  0.3449777E+01 -0.2344805E+00 -0.3588503E+01 -0.2141713E+00 -0.3526354E+01  0.3482252E+01
 0.5000000E+03  0.1979413E-01  0.3012059E+00 -0.7814898E-02  0.3487872E+01 -0.3259590E+01 -0.2518057E+00  0.3449877E+01 -0.2327100E+00 -0.3588363E+01 -0.2143727E+00 -0.3527540E+01  0.3481550E+01  0.1979413E-01  0.3012059E+00 -0.7814898E-02  0.3487872E+01 -0.3259590E+01 -0.2518057E+00  0.3449877E+01 -0.2327100E+00 -0.3588363E+01 -0.2143727E+00 -0.3527540E+01  0.3481550E+01
 0.5040000E+03  0.1956155E-01  0.3023614E+00 -0.7885409E-02  0.3487430E+01 -0.3261327E+01 -0.2519304E+00  0.3449978E+01 -0.2309404E+00 -0.3588223E+01 -0.2145740E+00 -0.3528722E+01  0.3480847E+01  0.1956155E-01  0.3023614E+00 -0.7885409E-02  0.3487430E+01 -0.3261327E+01 -0.2519304E+00  0.3449978E+01 -0.2309404E+00 -0.3588223E+01 -0.2145740E+00 -0.3528722E+01  0.3480847E+01
 0.5080000E+03  0.1932471E-01  0.3035181E+00 -0.7957405E-02  0.3486987E+01 -0.3263060E+01 -0.2520553E+00  0.3450079E+01 -0.2291719E+00 -0.3588082E+01 -0.2147751E+00 -0.3529898E+01  0.3480144E+01  0.1932471E-01  0.3035181E+00 -0.7957405E-02  0.3486987E+01 -0.3263060E+01 -0.2520553E+00  0.3450079E+01 -0.2291719E+00 -0.3588082E+01 -0.2147751E+00 -0.3529898E+01  0.3480144E+01
 0.5120000E+03  0.1908352E-01  0.3046760E+00 -0.8030933E-02  0.3486543E+01 -0.3264791E+01 -0.2521803E+00  0.3450180E+01 -0.2274046E+00 -0.3587942E+01 -0.2149758E+00 -0.3531070E+01  0.3479441E+01  0.1908352E-01  0.3046760E+00 -0.8030933E-02  0.3486543E+01 -0.3264791E+01 -0.2521803E+00  0.3450180E+01 -0.2274046E+00 -0.3587942E+01 -0.2149758E+00 -0.3531070E+01  0.3479441E+01
 0.5160000E+03  0.1883794E-01  0.3058347E+00 -0.8105916E-02  0.3486099E+01 -0.3266519E+01 -0.2523056E+00  0.3450281E+01 -0.2256391E+00 -0.3587801E+01 -0.2151754E+00 -0.3532236E+01  0.3478737E+01  0.1883794E-01  0.3058347E+00 -0.8105916E-02  0.3486099E+01 -0.3266519E+01 -0.2523056E+00  0.3450281E+01 -0.2256391E+00 -0.3587801E+01 -0.2151754E+00 -0.3532236E+01  0.3478737E+01
 0.5200000E+03  0.1858793E-01  0.3069941E+00 -0.8182290E-02  0.3485655E+01 -0.3268244E+01 -0.2524313E+00  0.3450382E+01 -0.2238756E+00 -0.3587660E+01 -0.2153739E+00 -0.3533396E+01  0.3478034E+01  0.1858793E-01  0.3069941E+00 -0.8182290E-02  0.3485655E+01 -0.3268244E+01 -0.2524313E+00  0.3450382E+01 -0.2238756E+00 -0.3587660E+01 -0.2153739E+00 -0.3533396E+01  0.3478034E+01
 0.5240000E+03  0.1833348E-01  0.3081540E+00 -0.8260068E-02  0.3485210E+01 -0.3269965E+01 -0.2525574E+00  0.3450484E+01 -0.2221144E+00 -0.3587519E+01 -0.2155713E+00 -0.3534551E+01  0.3477330E+01  0.1833348E-01  0.3081540E+00 -0.8260068E-02  0.3485210E+01 -0.3269965E+01 -0.2525574E+00  0.3450484E+01 -0.2221144E+00 -0.3587519E+01 -0.2155713E+00 -0.3534551E+01  0.3477330E+01
 0.5280000E+03  0.1807458E-01  0.3093145E+00 -0.8339265E-02  0.3484765E+01 -0.3271683E+01 -0.2526838E+00  0.3450585E+01 -0.2203555E+00 -0.3587378E+01 -0.2157676E+00 -0.3535700E+01  0.3476627E+01  0.1807458E-01  0.3093145E+00 -0.8339265E-02  0.3484765E+01 -0.3271683E+01 -0.2526838E+00  0.3450585E+01 -0.2203555E+00 -0.3587378E+01 -0.2157676E+00 -0.3535700E+01  0.3476627E+01
 0.5320000E+03  0.1781119E-01  0.3104746E+00 -0.8419776E-02  0.3484320E+01 -0.3273398E+01 -0.2528107E+00  0.3450686E+01 -0.2185993E+00 -0.3587237E+01 -0.2159624E+00 -0.3536843E+01  0.3475923E+01  0.1781119E-01  0.3104746E+00 -0.8419776E-02  0.3484320E+01 -0.3273398E+01 -0.2528107E+00  0.3450686E+01 -0.2185993E+00 -0.3587237E+01 -0.2159624E+00 -0.3536843E+01  0.3475923E+01
 0.5360000E+03  0.1754376E-01  0.3116343E+00 -0.8501762E-02  0.3483874E+01 -0.3275108E+01 -0.2529380E+00  0.3450787E+01 -0.2168461E+00 -0.3587096E+01 -0.2161554E+00 -0.3537979E+01  0.3475220E+01  0.1754376E-01  0.3116343E+00 -0.8501762E-02  0.3483874E+01 -0.3275108E+01 -0.2529380E+00  0.3450787E+01 -0.2168461E+00 -0.3587096E+01 -0.2161554E+00 -0.3537979E+01  0.3475220E+01
 0.5400000E+03  0.1727229E-01  0.3127934E+00 -0.8585031E-02  0.3483429E+01 -0.3276814E+01 -0.2530661E+00  0.3450888E+01 -0.2150958E+00 -0.3586954E+01 -0.2163464E+00 -0.3539109E+01  0.3474517E+01  0.1727229E-01  0.3127934E+00 -0.8585031E-02  0.3483429E+01 -0.3276814E+01 -0.2530661E+00  0.3450888E+01 -0.2150958E+00 -0.3586954E+01 -0.2163464E+00 -0.3539109E+01  0.3474517E+01
 0.5440000E+03  0.1699682E-01  0.3139520E+00 -0.8669810E-02  0.3482983E+01 -0.3278515E+01 -0.2531948E+00  0.3450989E+01 -0.2133486E+00 -0.3586813E+01 -0.2165351E+00 -0.3540233E+01  0.3473814E+01  0.1699682E-01  0.3139520E+00 -0.8669810E-02  0.3482983E+01 -0.3278515E+01 -0.2531948E+00  0.3450989E+01 -0.2133486E+00 -0.3586813E+01 -0.2165351E+00 -0.3540233E+01  0.3473814E+01
 0.5480000E+03  0.1671763E-01  0.3151100E+00 -0.8756217E-02  0.3482537E+01 -0.3280212E+01 -0.2533238E+00  0.3451090E+01 -0.2116049E+00 -0.3586673E+01 -0.2167214E+00 -0.3541349E+01  0.3473111E+01  0.1671763E-01  0.3151100E+00 -0.8756217E-02  0.3482537E+01 -0.3280212E+01 -0.2533238E+00  0.3451090E+01 -0.2116049E+00 -0.3586673E+01 -0.2167214E+00 -0.3541349E+01  0.3473111E+01
 0.5520000E+03  0.1643491E-01  0.3162670E+00 -0.8844413E-02  0.3482091E+01 -0.3281905E+01 -0.2534530E+00  0.3451191E+01 -0.2098645E+00 -0.3586532E+01 -0.2169052E+00 -0.3542459E+01  0.3472409E+01  0.1643491E-01  0.3162670E+00 -0.8844413E-02  0.3482091E+01 -0.3281905E+01 -0.2534530E+00  0.3451191E+01 -0.2098645E+00 -0.3586532E+01 -0.2169052E+00 -0.3542459E+01  0.3472409E+01
 0.5560000E+03  0.1614896E-01  0.3174227E+00 -0.8934638E-02  0.3481645E+01 -0.3283592E+01 -0.2535822E+00  0.3451291E+01 -0.2081282E+00 -0.3586391E+01 -0.2170867E+00 -0.3543562E+01  0.3471708E+01  0.1614896E-01  0.3174227E+00 -0.8934638E-02  0.3481645E+01 -0.3283592E+01 -0.2535822E+00  0.3451291E+01 -0.2081282E+00 -0.3586391E+01 -0.2170867E+00 -0.3543562E+01  0.3471708E+01
 0.5600000E+03  0.1585978E-01  0.3185768E+00 -0.9026985E-02  0.3481199E+01 -0.3285275E+01 -0.2537113E+00  0.3451391E+01 -0.2063962E+00 -0.3586251E+01 -0.2172657E+00 -0.3544658E+01  0.3471006E+01  0.1585978E-01  0.3185768E+00 -0.9026985E-02  0.3481199E+01 -0.3285275E+01 -0.2537113E+00  0.3451391E+01 -0.2063962E+00 -0.3586251E+01 -0.2172657E+00 -0.3544658E+01  0.3471006E+01
 0.5640000E+03  0.1556736E-01  0.3197292E+00 -0.9121454E-02  0.3480753E+01 -0.3286952E+01 -0.2538403E+00  0.3451491E+01 -0.2046686E+00 -0.3586111E+01 -0.2174423E+00 -0.3545746E+01  0.3470306E+01  0.1556736E-01  0.3197292E+00 -0.9121454E-02  0.3480753E+01 -0.3286952E+01 -0.2538403E+00  0.3451491E+01 -0.2046686E+00 -0.3586111E+01 -0.2174423E+00 -0.3545746E+01  0.3470306E+01
 0.5680000E+03  0.1527163E-01  0.3208798E+00 -0.9218161E-02  0.3480307E+01 -0.3288623E+01 -0.2539693E+00  0.3451591E+01 -0.2029458E+00 -0.3585970E+01 -0.2176162E+00 -0.3546826E+01  0.3469606E+01  0.1527163E-01  0.3208798E+00 -0.9218161E-02  0.3480307E+01 -0.3288623E+01 -0.2539693E+00  0.3451591E+01 -0.2029458E+00 -0.3585970E+01 -0.2176162E+00 -0.3546826E+01  0.3469606E+01
 0.5720000E+03  0.1497264E-01  0.3220285E+00 -0.9317143E-02  0.3479861E+01 -0.3290289E+01 -0.2540984E+00  0.3451691E+01 -0.2012283E+00 -0.3585831E+01 -0.2177870E+00 -0.3547899E+01  0.3468907E+01  0.1497264E-01  0.3220285E+00 -0.9317143E-02  0.3479861E+01 -0.3290289E+01 -0.2540984E+00  0.3451691E+01 -0.2012283E+00 -0.3585831E+01 -0.2177870E+00 -0.3547899E+01  0.3468907E+01
 0.5760000E+03  0.1467060E-01  0.3231749E+00 -0.9418392E-02  0.3479415E+01 -0.3291950E+01 -0.2542277E+00  0.3451790E+01 -0.1995162E+00 -0.3585691E+01 -0.2179548E+00 -0.3548964E+01  0.3468208E+01  0.1467060E-01  0.3231749E+00 -0.9418392E-02  0.3479415E+01 -0.3291950E+01 -0.2542277E+00  0.3451790E+01 -0.1995162E+00 -0.3585691E+01 -0.2179548E+00 -0.3548964E+01  0.3468208E+01
 0.5800000E+03  0.1436536E-01  0.3243189E+00 -0.9521782E-02  0.3478970E+01 -0.3293604E+01 -0.2543574E+00  0.3451889E+01 -0.1978096E+00 -0.3585552E+01 -0.2181198E+00 -0.3550021E+01  0.3467511E+01  0.1436536E-01  0.3243189E+00 -0.9521782E-02  0.3478970E+01 -0.3293604E+01 -0.2543574E+00  0.3451889E+01 -0.1978096E+00 -0.3585552E+01 -0.2181198E+00 -0.3550021E+01  0.3467511E+01
 0.5840000E+03  0.1405707E-01  0.3254603E+00 -0.9627221E-02  0.3478524E+01 -0.3295252E+01 -0.2544880E+00  0.3451987E+01 -0.1961088E+00 -0.3585412E+01 -0.2182818E+00 -0.3551069E+01  0.3466814E+01  0.1405707E-01  0.3254603E+00 -0.9627221E-02  0.3478524E+01 -0.3295252E+01 -0.2544880E+00  0.3451987E+01 -0.1961088E+00 -0.3585412E+01 -0.2182818E+00 -0.3551069E+01  0.3466814E+01
 0.5880000E+03  0.1374622E-01  0.3265986E+00 -0.9734899E-02  0.3478079E+01 -0.3296894E+01 -0.2546193E+00  0.3452086E+01 -0.1944140E+00 -0.3585273E+01 -0.2184411E+00 -0.3552110E+01  0.3466118E+01  0.1374622E-01  0.3265986E+00 -0.9734899E-02  0.3478079E+01 -0.3296894E+01 -0.2546193E+00  0.3452086E+01 -0.1944140E+00 -0.3585273E+01 -0.2184411E+00 -0.3552110E+01  0.3466118E+01
 0.5920000E+03  0.1343282E-01  0.3277339E+00 -0.9844780E-02  0.3477634E+01 -0.3298529E+01 -0.2547512E+00  0.3452184E+01 -0.1927256E+00 -0.3585135E+01 -0.2185977E+00 -0.3553141E+01  0.3465424E+01  0.1343282E-01  0.3277339E+00 -0.9844780E-02  0.3477634E+01 -0.3298529E+01 -0.2547512E+00  0.3452184E+01 -0.1927256E+00 -0.3585135E+01 -0.2185977E+00 -0.3553141E+01  0.3465424E+01
 0.5960000E+03  0.1311691E-01  0.3288660E+00 -0.9956727E-02  0.3477189E+01 -0.3300158E+01 -0.2548834E+00  0.3452281E+01 -0.1910437E+00 -0.3584996E+01 -0.2187517E+00 -0.3554165E+01  0.3464730E+01  0.1311691E-01  0.3288660E+00 -0.9956727E-02  0.3477189E+01 -0.3300158E+01 -0.2548834E+00  0.3452281E+01 -0.1910437E+00 -0.3584996E+01 -0.2187517E+00 -0.3554165E+01  0.3464730E+01
 0.6000000E+03  0.1279886E-01  0.3299945E+00 -0.1007078E-01  0.3476744E+01 -0.3301779E+01 -0.2550160E+00  0.3452378E+01 -0.1893687E+00 -0.3584858E+01 -0.2189031E+00 -0.3555179E+01  0.3464038E+01  0.1279886E-01  0.3299945E+00 -0.1007078E-01  0.3476744E+01 -0.3301779E+01 -0.2550160E+00  0.3452378E+01 -0.1893687E+00 -0.3584858E+01 -0.2189031E+00 -0.3555179E+01  0.3464038E+01
 0.6040000E+03  0.1247891E-01  0.3311195E+00 -0.1018696E-01  0.3476300E+01 -0.3303394E+01 -0.2551487E+00  0.3452475E+01 -0.1877007E+00 -0.3584721E+01 -0.2190518E+00 -0.3556185E+01  0.3463346E+01  0.1247891E-01  0.3311195E+00 -0.1018696E-01  0.3476300E+01 -0.3303394E+01 -0.2551487E+00  0.3452475E+01 -0.1877007E+00 -0.3584721E+01 -0.2190518E+00 -0.3556185E+01  0.3463346E+01
 0.6080000E+03  0.1215703E-01  0.3322408E+00 -0.1030525E-01  0.3475855E+01 -0.3305002E+01 -0.2552816E+00  0.3452571E+01 -0.1860398E+00 -0.3584583E+01 -0.2191980E+00 -0.3557181E+01  0.3462656E+01  0.1215703E-01  0.3322408E+00 -0.1030525E-01  0.3475855E+01 -0.3305002E+01 -0.2552816E+00  0.3452571E+01 -0.1860398E+00 -0.3584583E+01 -0.2191980E+00 -0.3557181E+01  0.3462656E+01
 0.6120000E+03  0.1183362E-01  0.3333580E+00 -0.1042583E-01  0.3475412E+01 -0.3306602E+01 -0.2554144E+00  0.3452666E+01 -0.1843859E+00 -0.3584446E+01 -0.2193417E+00 -0.3558168E+01  0.3461968E+01  0.1183362E-01  0.3333580E+00 -0.1042583E-01  0.3475412E+01 -0.3306602E+01 -0.2554144E+00  0.3452666E+01 -0.1843859E+00 -0.3584446E+01 -0.2193417E+00 -0.3558168E+01  0.3461968E+01
 0.6160000E+03  0.1150835E-01  0.3344707E+00 -0.1054876E-01  0.3474968E+01 -0.3308195E+01 -0.2555473E+00  0.3452761E+01 -0.1827396E+00 -0.3584309E+01 -0.2194829E+00 -0.3559146E+01  0.3461280E+01  0.1150835E-01  0.3344707E+00 -0.1054876E-01  0.3474968E+01 -0.3308195E+01 -0.2555473E+00  0.3452761E+01 -0.1827396E+00 -0.3584309E+01 -0.2194829E+00 -0.3559146E+01  0.3461280E+01
 0.6200000E+03  0.1118122E-01  0.3355791E+00 -0.1067405E-01  0.3474525E+01 -0.3309781E+01 -0.2556800E+00  0.3452856E+01 -0.1811009E+00 -0.3584173E+01 -0.2196217E+00 -0.3560114E+01  0.3460594E+01  0.1118122E-01  0.3355791E+00 -0.1067405E-01  0.3474525E+01 -0.3309781E+01 -0.2556800E+00  0.3452856E+01 -0.1811009E+00 -0.3584173E+01 -0.2196217E+00 -0.3560114E+01  0.3460594E+01
 0.6240000E+03  0.1085221E-01  0.3366828E+00 -0.1080169E-01  0.3474082E+01 -0.3311359E+01 -0.2558126E+00  0.3452950E+01 -0.1794699E+00 -0.3584038E+01 -0.2197580E+00 -0.3561072E+01  0.3459910E+01  0.1085221E-01  0.3366828E+00 -0.1080169E-01  0.3474082E+01 -0.3311359E+01 -0.2558126E+00  0.3452950E+01 -0.1794699E+00 -0.3584038E+01 -0.2197580E+00 -0.3561072E+01  0.3459910E+01
 0.6280000E+03  0.1052134E-01  0.3377820E+00 -0.1093202E-01  0.3473639E+01 -0.3312928E+01 -0.2559451E+00  0.3453043E+01 -0.1778470E+00 -0.3583903E+01 -0.2198914E+00 -0.3562021E+01  0.3459226E+01  0.1052134E-01  0.3377820E+00 -0.1093202E-01  0.3473639E+01 -0.3312928E+01 -0.2559451E+00  0.3453043E+01 -0.1778470E+00 -0.3583903E+01 -0.2198914E+00 -0.3562021E+01  0.3459226E+01
 0.6320000E+03  0.1018841E-01  0.3388767E+00 -0.1106509E-01  0.3473197E+01 -0.3314490E+01 -0.2560775E+00  0.3453136E+01 -0.1762319E+00 -0.3583768E+01 -0.2200217E+00 -0.3562960E+01  0.3458545E+01  0.1018841E-01  0.3388767E+00 -0.1106509E-01  0.3473197E+01 -0.3314490E+01 -0.2560775E+00  0.3453136E+01 -0.1762319E+00 -0.3583768E+01 -0.2200217E+00 -0.3562960E+01  0.3458545E+01
 0.6360000E+03  0.9853453E-02  0.3399666E+00 -0.1120091E-01  0.3472755E+01 -0.3316044E+01 -0.2562099E+00  0.3453228E+01 -0.1746250E+00 -0.3583634E+01 -0.2201491E+00 -0.3563888E+01  0.3457865E+01  0.9853453E-02  0.3399666E+00 -0.1120091E-01  0.3472755E+01 -0.3316044E+01 -0.2562099E+00  0.3453228E+01 -0.1746250E+00 -0.3583634E+01 -0.2201491E+00 -0.3563888E+01  0.3457865E+01
 0.6400000E+03  0.9516702E-02  0.3410517E+00 -0.1133954E-01  0.3472314E+01 -0.3317589E+01 -0.2563421E+00  0.3453320E+01 -0.1730267E+00 -0.3583500E+01 -0.2202735E+00 -0.3564807E+01  0.3457187E+01  0.9516702E-02  0.3410517E+00 -0.1133954E-01  0.3472314E+01 -0.3317589E+01 -0.2563421E+00  0.3453320E+01 -0.1730267E+00 -0.3583500E+01 -0.2202735E+00 -0.3564807E+01  0.3457187E+01
 0.6440000E+03  0.9178156E-02  0.3421318E+00 -0.1148098E-01  0.3471873E+01 -0.3319126E+01 -0.2564741E+00  0.3453411E+01 -0.1714370E+00 -0.3583368E+01 -0.2203949E+00 -0.3565715E+01  0.3456510E+01  0.9178156E-02  0.3421318E+00 -0.1148098E-01  0.3471873E+01 -0.3319126E+01 -0.2564741E+00  0.3453411E+01 -0.1714370E+00 -0.3583368E+01 -0.2203949E+00 -0.3565715E+01  0.3456510E+01
 0.6480000E+03  0.8837869E-02  0.3432069E+00 -0.1162527E-01  0.3471433E+01 -0.3320654E+01 -0.2566059E+00  0.3453501E+01 -0.1698563E+00 -0.3583235E+01 -0.2205132E+00 -0.3566613E+01  0.3455835E+01  0.8837869E-02  0.3432069E+00 -0.1162527E-01  0.3471433E+01 -0.3320654E+01 -0.2566059E+00  0.3453501E+01 -0.1698563E+00 -0.3583235E+01 -0.2205132E+00 -0.3566613E+01  0.3455835E+01
 0.6520000E+03  0.8495897E-02  0.3442770E+00 -0.1177246E-01  0.3470993E+01 -0.3322173E+01 -0.2567373E+00  0.3453591E+01 -0.1682847E+00 -0.3583104E+01 -0.2206286E+00 -0.3567500E+01  0.3455162E+01  0.8495897E-02  0.3442770E+00 -0.1177246E-01  0.3470993E+01 -0.3322173E+01 -0.2567373E+00  0.3453591E+01 -0.1682847E+00 -0.3583104E+01 -0.2206286E+00 -0.3567500E+01  0.3455162E+01
 0.6560000E+03  0.8152382E-02  0.3453420E+00 -0.1192248E-01  0.3470554E+01 -0.3323684E+01 -0.2568683E+00  0.3453679E+01 -0.1667223E+00 -0.3582973E+01 -0.2207409E+00 -0.3568377E+01  0.3454491E+01  0.8152382E-02  0.3453420E+00 -0.1192248E-01  0.3470554E+01 -0.3323684E+01 -0.2568683E+00  0.3453679E+01 -0.1667223E+00 -0.3582973E+01 -0.2207409E+00 -0.3568377E+01  0.3454491E+01
 0.6600000E+03  0.7807341E-02  0.3464017E+00 -0.1207522E-01  0.3470116E+01 -0.3325186E+01 -0.2569989E+00  0.3453768E+01 -0.1651694E+00 -0.3582843E+01 -0.2208503E+00 -0.3569243E+01  0.3453821E+01  0.7807341E-02  0.3464017E+00 -0.1207522E-01  0.3470116E+01 -0.3325186E+01 -0.2569989E+00  0.3453768E+01 -0.1651694E+00 -0.3582843E+01 -0.2208503E+00 -0.3569243E+01  0.3453821E+01
 0.6640000E+03  0.7460832E-02  0.3474557E+00 -0.1223058E-01  0.3469678E+01 -0.3326678E+01 -0.2571291E+00  0.3453855E+01 -0.1636258E+00 -0.3582713E+01 -0.2209567E+00 -0.3570099E+01  0.3453154E+01  0.7460832E-02  0.3474557E+00 -0.1223058E-01  0.3469678E+01 -0.3326678E+01 -0.2571291E+00  0.3453855E+01 -0.1636258E+00 -0.3582713E+01 -0.2209567E+00 -0.3570099E+01  0.3453154E+01
 0.6680000E+03  0.7112817E-02  0.3485036E+00 -0.1238885E-01  0.3469240E+01 -0.3328161E+01 -0.2572589E+00  0.3453942E+01 -0.1620917E+00 -0.3582584E+01 -0.2210602E+00 -0.3570944E+01  0.3452489E+01  0.7112817E-02  0.3485036E+00 -0.1238885E-01  0.3469240E+01 -0.3328161E+01 -0.2572589E+00  0.3453942E+01 -0.1620917E+00 -0.3582584E+01 -0.2210602E+00 -0.3570944E+01  0.3452489E+01
 0.6720000E+03  0.6762807E-02  0.3495451E+00 -0.1255025E-01  0.3468804E+01 -0.3329634E+01 -0.2573883E+00  0.3454027E+01 -0.1605671E+00 -0.3582456E+01 -0.2211605E+00 -0.3571777E+01  0.3451825E+01  0.6762807E-02  0.3495451E+00 -0.1255025E-01  0.3468804E+01 -0.3329634E+01 -0.2573883E+00  0.3454027E+01 -0.1605671E+00 -0.3582456E+01 -0.2211605E+00 -0.3571777E+01  0.3451825E+01
 0.6760000E+03  0.6410629E-02  0.3505799E+00 -0.1271436E-01  0.3468368E+01 -0.3331099E+01 -0.2575174E+00  0.3454112E+01 -0.1590524E+00 -0.3582329E+01 -0.2212572E+00 -0.3572600E+01  0.3451164E+01  0.6410629E-02  0.3505799E+00 -0.1271436E-01  0.3468368E+01 -0.3331099E+01 -0.2575174E+00  0.3454112E+01 -0.1590524E+00 -0.3582329E+01 -0.2212572E+00 -0.3572600E+01  0.3451164E+01
 0.6800000E+03  0.6056860E-02  0.3516072E+00 -0.1288094E-01  0.3467933E+01 -0.3332553E+01 -0.2576460E+00  0.3454196E+01 -0.1575471E+00 -0.3582203E+01 -0.2213507E+00 -0.3573411E+01  0.3450505E+01  0.6056860E-02  0.3516072E+00 -0.1288094E-01  0.3467933E+01 -0.3332553E+01 -0.2576460E+00  0.3454196E+01 -0.1575471E+00 -0.3582203E+01 -0.2213507E+00 -0.3573411E+01  0.3450505E+01
 0.6840000E+03  0.5701522E-02  0.3526267E+00 -0.1304994E-01  0.3467498E+01 -0.3333998E+01 -0.2577739E+00  0.3454279E+01 -0.1560511E+00 -0.3582077E+01 -0.2214416E+00 -0.3574211E+01  0.3449848E+01  0.5701522E-02  0.3526267E+00 -0.1304994E-01  0.3467498E+01 -0.3333998E+01 -0.2577739E+00  0.3454279E+01 -0.1560511E+00 -0.3582077E+01 -0.2214416E+00 -0.3574211E+01  0.3449848E+01
 0.6880000E+03  0.5344431E-02  0.3536383E+00 -0.1322130E-01  0.3467065E+01 -0.3335432E+01 -0.2579015E+00  0.3454362E+01 -0.1545643E+00 -0.3581952E+01 -0.2215300E+00 -0.3574999E+01  0.3449193E+01  0.5344431E-02  0.3536383E+00 -0.1322130E-01  0.3467065E+01 -0.3335432E+01 -0.2579015E+00  0.3454362E+01 -0.1545643E+00 -0.3581952E+01 -0.2215300E+00 -0.3574999E+01  0.3449193E+01
 0.6920000E+03  0.4985449E-02  0.3546418E+00 -0.1339490E-01  0.3466632E+01 -0.3336857E+01 -0.2580286E+00  0.3454443E+01 -0.1530871E+00 -0.3581829E+01 -0.2216160E+00 -0.3575776E+01  0.3448540E+01  0.4985449E-02  0.3546418E+00 -0.1339490E-01  0.3466632E+01 -0.3336857E+01 -0.2580286E+00  0.3454443E+01 -0.1530871E+00 -0.3581829E+01 -0.2216160E+00 -0.3575776E+01  0.3448540E+01
 0.6960000E+03  0.4624840E-02  0.3556376E+00 -0.1357075E-01  0.3466199E+01 -0.3338271E+01 -0.2581553E+00  0.3454524E+01 -0.1516199E+00 -0.3581706E+01 -0.2216994E+00 -0.3576541E+01  0.3447890E+01  0.4624840E-02  0.3556376E+00 -0.1357075E-01  0.3466199E+01 -0.3338271E+01 -0.2581553E+00  0.3454524E+01 -0.1516199E+00 -0.3581706E+01 -0.2216994E+00 -0.3576541E+01  0.3447890E+01
 0.7000000E+03  0.4262546E-02  0.3566249E+00 -0.1374886E-01  0.3465768E+01 -0.3339675E+01 -0.2582815E+00  0.3454604E+01 -0.1501625E+00 -0.3581585E+01 -0.2217805E+00 -0.3577295E+01  0.3447242E+01  0.4262546E-02  0.3566249E+00 -0.1374886E-01  0.3465768E+01 -0.3339675E+01 -0.2582815E+00  0.3454604E+01 -0.1501625E+00 -0.3581585E+01 -0.2217805E+00 -0.3577295E+01  0.3447242E+01
 0.7040000E+03  0.3898700E-02  0.3576037E+00 -0.1392916E-01  0.3465337E+01 -0.3341069E+01 -0.2584073E+00  0.3454683E+01 -0.1487148E+00 -0.3581465E+01 -0.2218594E+00 -0.3578036E+01  0.3446596E+01  0.3898700E-02  0.3576037E+00 -0.1392916E-01  0.3465337E+01 -0.3341069E+01 -0.2584073E+00  0.3454683E+01 -0.1487148E+00 -0.3581465E+01 -0.2218594E+00 -0.3578036E+01  0.3446596E+01
 0.7080000E+03  0.3533463E-02  0.3585736E+00 -0.1411171E-01  0.3464908E+01 -0.3342452E+01 -0.2585326E+00  0.3454760E+01 -0.1472767E+00 -0.3581345E+01 -0.2219361E+00 -0.3578765E+01  0.3445953E+01  0.3533463E-02  0.3585736E+00 -0.1411171E-01  0.3464908E+01 -0.3342452E+01 -0.2585326E+00  0.3454760E+01 -0.1472767E+00 -0.3581345E+01 -0.2219361E+00 -0.3578765E+01  0.3445953E+01
 0.7120000E+03  0.3166726E-02  0.3595347E+00 -0.1429633E-01  0.3464479E+01 -0.3343825E+01 -0.2586575E+00  0.3454837E+01 -0.1458488E+00 -0.3581227E+01 -0.2220106E+00 -0.3579482E+01  0.3445312E+01  0.3166726E-02  0.3595347E+00 -0.1429633E-01  0.3464479E+01 -0.3343825E+01 -0.2586575E+00  0.3454837E+01 -0.1458488E+00 -0.3581227E+01 -0.2220106E+00 -0.3579482E+01  0.3445312E+01
 0.7160000E+03  0.2798520E-02  0.3604869E+00 -0.1448312E-01  0.3464051E+01 -0.3345187E+01 -0.2587817E+00  0.3454913E+01 -0.1444311E+00 -0.3581110E+01 -0.2220826E+00 -0.3580187E+01  0.3444673E+01  0.2798520E-02  0.3604869E+00 -0.1448312E-01  0.3464051E+01 -0.3345187E+01 -0.2587817E+00  0.3454913E+01 -0.1444311E+00 -0.3581110E+01 -0.2220826E+00 -0.3580187E+01  0.3444673E+01
 0.7200000E+03  0.2428794E-02  0.3614303E+00 -0.1467204E-01  0.3463624E+01 -0.3346538E+01 -0.2589055E+00  0.3454988E+01 -0.1430238E+00 -0.3580994E+01 -0.2221521E+00 -0.3580879E+01  0.3444037E+01  0.2428794E-02  0.3614303E+00 -0.1467204E-01  0.3463624E+01 -0.3346538E+01 -0.2589055E+00  0.3454988E+01 -0.1430238E+00 -0.3580994E+01 -0.2221521E+00 -0.3580879E+01  0.3444037E+01
 0.7240000E+03  0.2057585E-02  0.3623645E+00 -0.1486307E-01  0.3463197E+01 -0.3347878E+01 -0.2590287E+00  0.3455062E+01 -0.1416268E+00 -0.3580880E+01 -0.2222192E+00 -0.3581560E+01  0.3443404E+01  0.2057585E-02  0.3623645E+00 -0.1486307E-01  0.3463197E+01 -0.3347878E+01 -0.2590287E+00  0.3455062E+01 -0.1416268E+00 -0.3580880E+01 -0.2222192E+00 -0.3581560E+01  0.3443404E+01
 0.7280000E+03  0.1685125E-02  0.3632894E+00 -0.1505617E-01  0.3462772E+01 -0.3349208E+01 -0.2591514E+00  0.3455134E+01 -0.1402402E+00 -0.3580766E+01 -0.2222840E+00 -0.3582228E+01  0.3442773E+01  0.1685125E-02  0.3632894E+00 -0.1505617E-01  0.3462772E+01 -0.3349208E+01 -0.2591514E+00  0.3455134E+01 -0.1402402E+00 -0.3580766E+01 -0.2222840E+00 -0.3582228E+01  0.3442773E+01
 0.7320000E+03  0.1311714E-02  0.3642049E+00 -0.1525168E-01  0.3462348E+01 -0.3350526E+01 -0.2592736E+00  0.3455206E+01 -0.1388638E+00 -0.3580654E+01 -0.2223467E+00 -0.3582883E+01  0.3442144E+01  0.1311714E-02  0.3642049E+00 -0.1525168E-01  0.3462348E+01 -0.3350526E+01 -0.2592736E+00  0.3455206E+01 -0.1388638E+00 -0.3580654E+01 -0.2223467E+00 -0.3582883E+01  0.3442144E+01
 0.7360000E+03  0.9370563E-03  0.3651110E+00 -0.1544952E-01  0.3461925E+01 -0.3351833E+01 -0.2593951E+00  0.3455277E+01 -0.1374978E+00 -0.3580543E+01 -0.2224073E+00 -0.3583526E+01  0.3441518E+01  0.9370563E-03  0.3651110E+00 -0.1544952E-01  0.3461925E+01 -0.3351833E+01 -0.2593951E+00  0.3455277E+01 -0.1374978E+00 -0.3580543E+01 -0.2224073E+00 -0.3583526E+01  0.3441518E+01
 0.7400000E+03  0.5615495E-03  0.3660076E+00 -0.1564975E-01  0.3461502E+01 -0.3353129E+01 -0.2595161E+00  0.3455346E+01 -0.1361421E+00 -0.3580433E+01 -0.2224658E+00 -0.3584156E+01  0.3440895E+01  0.5615495E-03  0.3660076E+00 -0.1564975E-01  0.3461502E+01 -0.3353129E+01 -0.2595161E+00  0.3455346E+01 -0.1361421E+00 -0.3580433E+01 -0.2224658E+00 -0.3584156E+01  0.3440895E+01
 0.7440000E+03  0.1852650E-03  0.3668946E+00 -0.1585254E-01  0.3461081E+01 -0.3354414E+01 -0.2596365E+00  0.3455415E+01 -0.1347969E+00 -0.3580324E+01 -0.2225222E+00 -0.3584774E+01  0.3440274E+01  0.1852650E-03  0.3668946E+00 -0.1585254E-01  0.3461081E+01 -0.3354414E+01 -0.2596365E+00  0.3455415E+01 -0.1347969E+00 -0.3580324E+01 -0.2225222E+00 -0.3584774E+01  0.3440274E+01
 0.7480000E+03 -0.1918057E-03  0.3677721E+00 -0.1605785E-01  0.3460661E+01 -0.3355687E+01 -0.2597563E+00  0.3455482E+01 -0.1334625E+00 -0.3580216E+01 -0.2225766E+00 -0.3585379E+01  0.3439656E+01 -0.1918057E-03  0.3677721E+00 -0.1605785E-01  0.3460661E+01 -0.3355687E+01 -0.2597563E+00  0.3455482E+01 -0.1334625E+00 -0.3580216E+01 -0.2225766E+00 -0.3585379E+01  0.3439656E+01
 0.7520000E+03 -0.5697302E-03  0.3686399E+00 -0.1626561E-01  0.3460242E+01 -0.3356949E+01 -0.2598756E+00  0.3455548E+01 -0.1321394E+00 -0.3580110E+01 -0.2226288E+00 -0.3585971E+01  0.3439041E+01 -0.5697302E-03  0.3686399E+00 -0.1626561E-01  0.3460242E+01 -0.3356949E+01 -0.2598756E+00  0.3455548E+01 -0.1321394E+00 -0.3580110E+01 -0.2226288E+00 -0.3585971E+01  0.3439041E+01
 0.7560000E+03 -0.9486006E-03  0.3694980E+00 -0.1647559E-01  0.3459824E+01 -0.3358199E+01 -0.2599948E+00  0.3455613E+01 -0.1308277E+00 -0.3580005E+01 -0.2226787E+00 -0.3586550E+01  0.3438428E+01 -0.9486006E-03  0.3694980E+00 -0.1647559E-01  0.3459824E+01 -0.3358199E+01 -0.2599948E+00  0.3455613E+01 -0.1308277E+00 -0.3580005E+01 -0.2226787E+00 -0.3586550E+01  0.3438428E+01
 0.7600000E+03 -0.1328328E-02  0.3703463E+00 -0.1668799E-01  0.3459407E+01 -0.3359438E+01 -0.2601136E+00  0.3455677E+01 -0.1295277E+00 -0.3579901E+01 -0.2227262E+00 -0.3587116E+01  0.3437818E+01 -0.1328328E-02  0.3703463E+00 -0.1668799E-01  0.3459407E+01 -0.3359438E+01 -0.2601136E+00  0.3455677E+01 -0.1295277E+00 -0.3579901E+01 -0.2227262E+00 -0.3587116E+01  0.3437818E+01
 0.7640000E+03 -0.1708905E-02  0.3711849E+00 -0.1690264E-01  0.3458991E+01 -0.3360664E+01 -0.2602321E+00  0.3455739E+01 -0.1282393E+00 -0.3579799E+01 -0.2227712E+00 -0.3587669E+01  0.3437210E+01 -0.1708905E-02  0.3711849E+00 -0.1690264E-01  0.3458991E+01 -0.3360664E+01 -0.2602321E+00  0.3455739E+01 -0.1282393E+00 -0.3579799E+01 -0.2227712E+00 -0.3587669E+01  0.3437210E+01
 0.7680000E+03 -0.2090323E-02  0.3720137E+00 -0.1711953E-01  0.3458576E+01 -0.3361880E+01 -0.2603502E+00  0.3455801E+01 -0.1269625E+00 -0.3579698E+01 -0.2228138E+00 -0.3588210E+01  0.3436606E+01 -0.2090323E-02  0.3720137E+00 -0.1711953E-01  0.3458576E+01 -0.3361880E+01 -0.2603502E+00  0.3455801E+01 -0.1269625E+00 -0.3579698E+01 -0.2228138E+00 -0.3588210E+01  0.3436606E+01
 0.7720000E+03 -0.2472624E-02  0.3728326E+00 -0.1733871E-01  0.3458162E+01 -0.3363083E+01 -0.2604677E+00  0.3455861E+01 -0.1256973E+00 -0.3579598E+01 -0.2228538E+00 -0.3588737E+01  0.3436004E+01 -0.2472624E-02  0.3728326E+00 -0.1733871E-01  0.3458162E+01 -0.3363083E+01 -0.2604677E+00  0.3455861E+01 -0.1256973E+00 -0.3579598E+01 -0.2228538E+00 -0.3588737E+01  0.3436004E+01
 0.7760000E+03 -0.2855798E-02  0.3736415E+00 -0.1756015E-01  0.3457750E+01 -0.3364274E+01 -0.2605848E+00  0.3455920E+01 -0.1244437E+00 -0.3579500E+01 -0.2228912E+00 -0.3589251E+01  0.3435405E+01 -0.2855798E-02  0.3736415E+00 -0.1756015E-01  0.3457750E+01 -0.3364274E+01 -0.2605848E+00  0.3455920E+01 -0.1244437E+00 -0.3579500E+01 -0.2228912E+00 -0.3589251E+01  0.3435405E+01
 0.7800000E+03 -0.3239801E-02  0.3744404E+00 -0.1778376E-01  0.3457338E+01 -0.3365454E+01 -0.2607013E+00  0.3455978E+01 -0.1232017E+00 -0.3579403E+01 -0.2229262E+00 -0.3589752E+01  0.3434809E+01 -0.3239801E-02  0.3744404E+00 -0.1778376E-01  0.3457338E+01 -0.3365454E+01 -0.2607013E+00  0.3455978E+01 -0.1232017E+00 -0.3579403E+01 -0.2229262E+00 -0.3589752E+01  0.3434809E+01
 0.7840000E+03 -0.3624642E-02  0.3752294E+00 -0.1800962E-01  0.3456928E+01 -0.3366621E+01 -0.2608171E+00  0.3456034E+01 -0.1219714E+00 -0.3579307E+01 -0.2229585E+00 -0.3590240E+01  0.3434216E+01 -0.3624642E-02  0.3752294E+00 -0.1800962E-01  0.3456928E+01 -0.3366621E+01 -0.2608171E+00  0.3456034E+01 -0.1219714E+00 -0.3579307E+01 -0.2229585E+00 -0.3590240E+01  0.3434216E+01
 0.7880000E+03 -0.4010646E-02  0.3760082E+00 -0.1823769E-01  0.3456519E+01 -0.3367776E+01 -0.2609322E+00  0.3456089E+01 -0.1207530E+00 -0.3579213E+01 -0.2229880E+00 -0.3590715E+01  0.3433626E+01 -0.4010646E-02  0.3760082E+00 -0.1823769E-01  0.3456519E+01 -0.3367776E+01 -0.2609322E+00  0.3456089E+01 -0.1207530E+00 -0.3579213E+01 -0.2229880E+00 -0.3590715E+01  0.3433626E+01
 0.7920000E+03 -0.4398185E-02  0.3767767E+00 -0.1846748E-01  0.3456111E+01 -0.3368920E+01 -0.2610469E+00  0.3456143E+01 -0.1195464E+00 -0.3579120E+01 -0.2230144E+00 -0.3591176E+01  0.3433039E+01 -0.4398185E-02  0.3767767E+00 -0.1846748E-01  0.3456111E+01 -0.3368920E+01 -0.2610469E+00  0.3456143E+01 -0.1195464E+00 -0.3579120E+01 -0.2230144E+00 -0.3591176E+01  0.3433039E+01
 0.7960000E+03 -0.4787255E-02  0.3775344E+00 -0.1869913E-01  0.3455704E+01 -0.3370051E+01 -0.2611611E+00  0.3456196E+01 -0.1183515E+00 -0.3579029E+01 -0.2230375E+00 -0.3591624E+01  0.3432454E+01 -0.4787255E-02  0.3775344E+00 -0.1869913E-01  0.3455704E+01 -0.3370051E+01 -0.2611611E+00  0.3456196E+01 -0.1183515E+00 -0.3579029E+01 -0.2230375E+00 -0.3591624E+01  0.3432454E+01
 0.8000000E+03 -0.5177692E-02  0.3782815E+00 -0.1893272E-01  0.3455298E+01 -0.3371170E+01 -0.2612747E+00  0.3456248E+01 -0.1171680E+00 -0.3578940E+01 -0.2230578E+00 -0.3592059E+01  0.3431873E+01 -0.5177692E-02  0.3782815E+00 -0.1893272E-01  0.3455298E+01 -0.3371170E+01 -0.2612747E+00  0.3456248E+01 -0.1171680E+00 -0.3578940E+01 -0.2230578E+00 -0.3592059E+01  0.3431873E+01
 0.8040000E+03 -0.5569398E-02  0.3790178E+00 -0.1916850E-01  0.3454893E+01 -0.3372276E+01 -0.2613875E+00  0.3456299E+01 -0.1159960E+00 -0.3578852E+01 -0.2230748E+00 -0.3592480E+01  0.3431295E+01 -0.5569398E-02  0.3790178E+00 -0.1916850E-01  0.3454893E+01 -0.3372276E+01 -0.2613875E+00  0.3456299E+01 -0.1159960E+00 -0.3578852E+01 -0.2230748E+00 -0.3592480E+01  0.3431295E+01
 0.8080000E+03 -0.5962356E-02  0.3797435E+00 -0.1940646E-01  0.3454489E+01 -0.3373370E+01 -0.2614995E+00  0.3456348E+01 -0.1148355E+00 -0.3578766E+01 -0.2230888E+00 -0.3592888E+01  0.3430720E+01 -0.5962356E-02  0.3797435E+00 -0.1940646E-01  0.3454489E+01 -0.3373370E+01 -0.2614995E+00  0.3456348E+01 -0.1148355E+00 -0.3578766E+01 -0.2230888E+00 -0.3592888E+01  0.3430720E+01
 0.8120000E+03 -0.6356455E-02  0.3804582E+00 -0.1964667E-01  0.3454087E+01 -0.3374452E+01 -0.2616107E+00  0.3456396E+01 -0.1136865E+00 -0.3578682E+01 -0.2230996E+00 -0.3593283E+01  0.3430148E+01 -0.6356455E-02  0.3804582E+00 -0.1964667E-01  0.3454087E+01 -0.3374452E+01 -0.2616107E+00  0.3456396E+01 -0.1136865E+00 -0.3578682E+01 -0.2230996E+00 -0.3593283E+01  0.3430148E+01
 0.8160000E+03 -0.6751923E-02  0.3811623E+00 -0.1988908E-01  0.3453685E+01 -0.3375521E+01 -0.2617210E+00  0.3456444E+01 -0.1125496E+00 -0.3578599E+01 -0.2231069E+00 -0.3593664E+01  0.3429580E+01 -0.6751923E-02  0.3811623E+00 -0.1988908E-01  0.3453685E+01 -0.3375521E+01 -0.2617210E+00  0.3456444E+01 -0.1125496E+00 -0.3578599E+01 -0.2231069E+00 -0.3593664E+01  0.3429580E+01
 0.8200000E+03 -0.7148743E-02  0.3818557E+00 -0.2013368E-01  0.3453285E+01 -0.3376578E+01 -0.2618304E+00  0.3456489E+01 -0.1114248E+00 -0.3578518E+01 -0.2231107E+00 -0.3594032E+01  0.3429014E+01 -0.7148743E-02  0.3818557E+00 -0.2013368E-01  0.3453285E+01 -0.3376578E+01 -0.2618304E+00  0.3456489E+01 -0.1114248E+00 -0.3578518E+01 -0.2231107E+00 -0.3594032E+01  0.3429014E+01
 0.8240000E+03 -0.7546899E-02  0.3825384E+00 -0.2038045E-01  0.3452886E+01 -0.3377623E+01 -0.2619388E+00  0.3456534E+01 -0.1103121E+00 -0.3578439E+01 -0.2231111E+00 -0.3594387E+01  0.3428452E+01 -0.7546899E-02  0.3825384E+00 -0.2038045E-01  0.3452886E+01 -0.3377623E+01 -0.2619388E+00  0.3456534E+01 -0.1103121E+00 -0.3578439E+01 -0.2231111E+00 -0.3594387E+01  0.3428452E+01
 0.8280000E+03 -0.7946121E-02  0.3832104E+00 -0.2062940E-01  0.3452489E+01 -0.3378654E+01 -0.2620462E+00  0.3456577E+01 -0.1092118E+00 -0.3578362E+01 -0.2231082E+00 -0.3594728E+01  0.3427893E+01 -0.7946121E-02  0.3832104E+00 -0.2062940E-01  0.3452489E+01 -0.3378654E+01 -0.2620462E+00  0.3456577E+01 -0.1092118E+00 -0.3578362E+01 -0.2231082E+00 -0.3594728E+01  0.3427893E+01
 0.8320000E+03 -0.8346411E-02  0.3838715E+00 -0.2088059E-01  0.3452092E+01 -0.3379674E+01 -0.2621525E+00  0.3456619E+01 -0.1081236E+00 -0.3578287E+01 -0.2231021E+00 -0.3595056E+01  0.3427338E+01 -0.8346411E-02  0.3838715E+00 -0.2088059E-01  0.3452092E+01 -0.3379674E+01 -0.2621525E+00  0.3456619E+01 -0.1081236E+00 -0.3578287E+01 -0.2231021E+00 -0.3595056E+01  0.3427338E+01
 0.8360000E+03 -0.8747828E-02  0.3845222E+00 -0.2113427E-01  0.3451697E+01 -0.3380680E+01 -0.2622577E+00  0.3456660E+01 -0.1070480E+00 -0.3578213E+01 -0.2230926E+00 -0.3595370E+01  0.3426786E+01 -0.8747828E-02  0.3845222E+00 -0.2113427E-01  0.3451697E+01 -0.3380680E+01 -0.2622577E+00  0.3456660E+01 -0.1070480E+00 -0.3578213E+01 -0.2230926E+00 -0.3595370E+01  0.3426786E+01
 0.8400000E+03 -0.9150360E-02  0.3851624E+00 -0.2139041E-01  0.3451302E+01 -0.3381674E+01 -0.2623617E+00  0.3456700E+01 -0.1059848E+00 -0.3578142E+01 -0.2230797E+00 -0.3595671E+01  0.3426237E+01 -0.9150360E-02  0.3851624E+00 -0.2139041E-01  0.3451302E+01 -0.3381674E+01 -0.2623617E+00  0.3456700E+01 -0.1059848E+00 -0.3578142E+01 -0.2230797E+00 -0.3595671E+01  0.3426237E+01
 0.8440000E+03 -0.9553862E-02  0.3857921E+00 -0.2164903E-01  0.3450909E+01 -0.3382655E+01 -0.2624643E+00  0.3456739E+01 -0.1049340E+00 -0.3578072E+01 -0.2230635E+00 -0.3595959E+01  0.3425692E+01 -0.9553862E-02  0.3857921E+00 -0.2164903E-01  0.3450909E+01 -0.3382655E+01 -0.2624643E+00  0.3456739E+01 -0.1049340E+00 -0.3578072E+01 -0.2230635E+00 -0.3595959E+01  0.3425692E+01
 0.8480000E+03 -0.9958321E-02  0.3864112E+00 -0.2191010E-01  0.3450518E+01 -0.3383623E+01 -0.2625657E+00  0.3456776E+01 -0.1038955E+00 -0.3578004E+01 -0.2230441E+00 -0.3596233E+01  0.3425150E+01 -0.9958321E-02  0.3864112E+00 -0.2191010E-01  0.3450518E+01 -0.3383623E+01 -0.2625657E+00  0.3456776E+01 -0.1038955E+00 -0.3578004E+01 -0.2230441E+00 -0.3596233E+01  0.3425150E+01
 0.8520000E+03 -0.1036371E-01  0.3870198E+00 -0.2217358E-01  0.3450127E+01 -0.3384579E+01 -0.2626657E+00  0.3456812E+01 -0.1028693E+00 -0.3577939E+01 -0.2230215E+00 -0.3596494E+01  0.3424612E+01 -0.1036371E-01  0.3870198E+00 -0.2217358E-01  0.3450127E+01 -0.3384579E+01 -0.2626657E+00  0.3456812E+01 -0.1028693E+00 -0.3577939E+01 -0.2230215E+00 -0.3596494E+01  0.3424612E+01
 0.8560000E+03 -0.1077003E-01  0.3876177E+00 -0.2243951E-01  0.3449738E+01 -0.3385521E+01 -0.2627643E+00  0.3456847E+01 -0.1018551E+00 -0.3577875E+01 -0.2229958E+00 -0.3596741E+01  0.3424077E+01 -0.1077003E-01  0.3876177E+00 -0.2243951E-01  0.3449738E+01 -0.3385521E+01 -0.2627643E+00  0.3456847E+01 -0.1018551E+00 -0.3577875E+01 -0.2229958E+00 -0.3596741E+01  0.3424077E+01
 0.8600000E+03 -0.1117727E-01  0.3882050E+00 -0.2270787E-01  0.3449350E+01 -0.3386451E+01 -0.2628614E+00  0.3456880E+01 -0.1008530E+00 -0.3577813E+01 -0.2229670E+00 -0.3596976E+01  0.3423546E+01 -0.1117727E-01  0.3882050E+00 -0.2270787E-01  0.3449350E+01 -0.3386451E+01 -0.2628614E+00  0.3456880E+01 -0.1008530E+00 -0.3577813E+01 -0.2229670E+00 -0.3596976E+01  0.3423546E+01
 0.8640000E+03 -0.1158527E-01  0.3887814E+00 -0.2297856E-01  0.3448964E+01 -0.3387368E+01 -0.2629572E+00  0.3456912E+01 -0.9986281E-01 -0.3577754E+01 -0.2229352E+00 -0.3597197E+01  0.3423018E+01 -0.1158527E-01  0.3887814E+00 -0.2297856E-01  0.3448964E+01 -0.3387368E+01 -0.2629572E+00  0.3456912E+01 -0.9986281E-01 -0.3577754E+01 -0.2229352E+00 -0.3597197E+01  0.3423018E+01
 0.8680000E+03 -0.1199420E-01  0.3893466E+00 -0.2325130E-01  0.3448579E+01 -0.3388272E+01 -0.2630518E+00  0.3456943E+01 -0.9888432E-01 -0.3577696E+01 -0.2229003E+00 -0.3597405E+01  0.3422493E+01 -0.1199420E-01  0.3893466E+00 -0.2325130E-01  0.3448579E+01 -0.3388272E+01 -0.2630518E+00  0.3456943E+01 -0.9888432E-01 -0.3577696E+01 -0.2229003E+00 -0.3597405E+01  0.3422493E+01
 0.8720000E+03 -0.1240424E-01  0.3899008E+00 -0.2352617E-01  0.3448195E+01 -0.3389164E+01 -0.2631452E+00  0.3456973E+01 -0.9791761E-01 -0.3577640E+01 -0.2228622E+00 -0.3597599E+01  0.3421972E+01 -0.1240424E-01  0.3899008E+00 -0.2352617E-01  0.3448195E+01 -0.3389164E+01 -0.2631452E+00  0.3456973E+01 -0.9791761E-01 -0.3577640E+01 -0.2228622E+00 -0.3597599E+01  0.3421972E+01
 0.8760000E+03 -0.1281572E-01  0.3904437E+00 -0.2380327E-01  0.3447812E+01 -0.3390042E+01 -0.2632373E+00  0.3457001E+01 -0.9696274E-01 -0.3577586E+01 -0.2228205E+00 -0.3597781E+01  0.3421455E+01 -0.1281572E-01  0.3904437E+00 -0.2380327E-01  0.3447812E+01 -0.3390042E+01 -0.2632373E+00  0.3457001E+01 -0.9696274E-01 -0.3577586E+01 -0.2228205E+00 -0.3597781E+01  0.3421455E+01
 0.8800000E+03 -0.1322857E-01  0.3909754E+00 -0.2408262E-01  0.3447431E+01 -0.3390907E+01 -0.2633282E+00  0.3457028E+01 -0.9601960E-01 -0.3577535E+01 -0.2227752E+00 -0.3597949E+01  0.3420941E+01 -0.1322857E-01  0.3909754E+00 -0.2408262E-01  0.3447431E+01 -0.3390907E+01 -0.2633282E+00  0.3457028E+01 -0.9601960E-01 -0.3577535E+01 -0.2227752E+00 -0.3597949E+01  0.3420941E+01
 0.8840000E+03 -0.1364311E-01  0.3914962E+00 -0.2436432E-01  0.3447052E+01 -0.3391760E+01 -0.2634179E+00  0.3457053E+01 -0.9508857E-01 -0.3577486E+01 -0.2227262E+00 -0.3598104E+01  0.3420430E+01 -0.1364311E-01  0.3914962E+00 -0.2436432E-01  0.3447052E+01 -0.3391760E+01 -0.2634179E+00  0.3457053E+01 -0.9508857E-01 -0.3577486E+01 -0.2227262E+00 -0.3598104E+01  0.3420430E+01
 0.8880000E+03 -0.1405937E-01  0.3920059E+00 -0.2464830E-01  0.3446674E+01 -0.3392599E+01 -0.2635063E+00  0.3457078E+01 -0.9416950E-01 -0.3577439E+01 -0.2226735E+00 -0.3598246E+01  0.3419923E+01 -0.1405937E-01  0.3920059E+00 -0.2464830E-01  0.3446674E+01 -0.3392599E+01 -0.2635063E+00  0.3457078E+01 -0.9416950E-01 -0.3577439E+01 -0.2226735E+00 -0.3598246E+01  0.3419923E+01
 0.8920000E+03 -0.1447728E-01  0.3925042E+00 -0.2493456E-01  0.3446297E+01 -0.3393425E+01 -0.2635937E+00  0.3457101E+01 -0.9326220E-01 -0.3577394E+01 -0.2226171E+00 -0.3598375E+01  0.3419420E+01 -0.1447728E-01  0.3925042E+00 -0.2493456E-01  0.3446297E+01 -0.3393425E+01 -0.2635937E+00  0.3457101E+01 -0.9326220E-01 -0.3577394E+01 -0.2226171E+00 -0.3598375E+01  0.3419420E+01
 0.8960000E+03 -0.1489672E-01  0.3929912E+00 -0.2522314E-01  0.3445921E+01 -0.3394238E+01 -0.2636800E+00  0.3457122E+01 -0.9236666E-01 -0.3577351E+01 -0.2225570E+00 -0.3598491E+01  0.3418921E+01 -0.1489672E-01  0.3929912E+00 -0.2522314E-01  0.3445921E+01 -0.3394238E+01 -0.2636800E+00  0.3457122E+01 -0.9236666E-01 -0.3577351E+01 -0.2225570E+00 -0.3598491E+01  0.3418921E+01
 0.9000000E+03 -0.1531768E-01  0.3934667E+00 -0.2551408E-01  0.3445547E+01 -0.3395037E+01 -0.2637651E+00  0.3457143E+01 -0.9148276E-01 -0.3577311E+01 -0.2224934E+00 -0.3598594E+01  0.3418425E+01 -0.1531768E-01  0.3934667E+00 -0.2551408E-01  0.3445547E+01 -0.3395037E+01 -0.2637651E+00  0.3457143E+01 -0.9148276E-01 -0.3577311E+01 -0.2224934E+00 -0.3598594E+01  0.3418425E+01
 0.9040000E+03 -0.1574026E-01  0.3939307E+00 -0.2580737E-01  0.3445175E+01 -0.3395824E+01 -0.2638489E+00  0.3457162E+01 -0.9061056E-01 -0.3577273E+01 -0.2224263E+00 -0.3598684E+01  0.3417933E+01 -0.1574026E-01  0.3939307E+00 -0.2580737E-01  0.3445175E+01 -0.3395824E+01 -0.2638489E+00  0.3457162E+01 -0.9061056E-01 -0.3577273E+01 -0.2224263E+00 -0.3598684E+01  0.3417933E+01
 0.9080000E+03 -0.1616444E-01  0.3943832E+00 -0.2610299E-01  0.3444804E+01 -0.3396597E+01 -0.2639314E+00  0.3457180E+01 -0.8975002E-01 -0.3577237E+01 -0.2223557E+00 -0.3598761E+01  0.3417444E+01 -0.1616444E-01  0.3943832E+00 -0.2610299E-01  0.3444804E+01 -0.3396597E+01 -0.2639314E+00  0.3457180E+01 -0.8975002E-01 -0.3577237E+01 -0.2223557E+00 -0.3598761E+01  0.3417444E+01
 0.9120000E+03 -0.1658999E-01  0.3948242E+00 -0.2640099E-01  0.3444434E+01 -0.3397357E+01 -0.2640126E+00  0.3457196E+01 -0.8890094E-01 -0.3577204E+01 -0.2222818E+00 -0.3598825E+01  0.3416959E+01 -0.1658999E-01  0.3948242E+00 -0.2640099E-01  0.3444434E+01 -0.3397357E+01 -0.2640126E+00  0.3457196E+01 -0.8890094E-01 -0.3577204E+01 -0.2222818E+00 -0.3598825E+01  0.3416959E+01
 0.9160000E+03 -0.1701669E-01  0.3952534E+00 -0.2670149E-01  0.3444066E+01 -0.3398103E+01 -0.2640922E+00  0.3457211E+01 -0.8806320E-01 -0.3577173E+01 -0.2222050E+00 -0.3598877E+01  0.3416477E+01 -0.1701669E-01  0.3952534E+00 -0.2670149E-01  0.3444066E+01 -0.3398103E+01 -0.2640922E+00  0.3457211E+01 -0.8806320E-01 -0.3577173E+01 -0.2222050E+00 -0.3598877E+01  0.3416477E+01
 0.9200000E+03 -0.1744433E-01  0.3956707E+00 -0.2700446E-01  0.3443699E+01 -0.3398837E+01 -0.2641703E+00  0.3457225E+01 -0.8723681E-01 -0.3577144E+01 -0.2221254E+00 -0.3598915E+01  0.3416000E+01 -0.1744433E-01  0.3956707E+00 -0.2700446E-01  0.3443699E+01 -0.3398837E+01 -0.2641703E+00  0.3457225E+01 -0.8723681E-01 -0.3577144E+01 -0.2221254E+00 -0.3598915E+01  0.3416000E+01
 0.9240000E+03 -0.1787302E-01  0.3960761E+00 -0.2730990E-01  0.3443334E+01 -0.3399557E+01 -0.2642466E+00  0.3457237E+01 -0.8642139E-01 -0.3577118E+01 -0.2220432E+00 -0.3598942E+01  0.3415525E+01 -0.1787302E-01  0.3960761E+00 -0.2730990E-01  0.3443334E+01 -0.3399557E+01 -0.2642466E+00  0.3457237E+01 -0.8642139E-01 -0.3577118E+01 -0.2220432E+00 -0.3598942E+01  0.3415525E+01
