 0.1000000E+02  0.1381351E-01  0.1167470E+00 -0.5512948E-02  0.3568802E+01  0.3905989E+01 -0.1333478E+00  0.3523874E+01 -0.2105362E+00  0.3635600E+01 -0.1111541E+00  0.3737060E+01  0.3577334E+01  0.1381351E-01  0.1167470E+00 -0.5512948E-02  0.3568802E+01  0.3905989E+01 -0.1333478E+00  0.3523874E+01 -0.2105362E+00  0.3635600E+01 -0.1111541E+00  0.3737060E+01  0.3577334E+01
 0.2000000E+02  0.1385465E-01  0.1173747E+00 -0.5403990E-02  0.3568476E+01  0.3906960E+01 -0.1337722E+00  0.3523446E+01 -0.2111098E+00  0.3635517E+01 -0.1116090E+00  0.3737340E+01  0.3577056E+01  0.1385465E-01  0.1173747E+00 -0.5403990E-02  0.3568476E+01  0.3906960E+01 -0.1337722E+00  0.3523446E+01 -0.2111098E+00  0.3635517E+01 -0.1116090E+00  0.3737340E+01  0.3577056E+01
 0.3000000E+02  0.1392358E-01  0.1184156E+00 -0.5223252E-02  0.3567934E+01  0.3908566E+01 -0.1344741E+00  0.3522735E+01 -0.2120586E+00  0.3635379E+01 -0.1123612E+00  0.3737803E+01  0.3576595E+01  0.1392358E-01  0.1184156E+00 -0.5223252E-02  0.3567934E+01  0.3908566E+01 -0.1344741E+00  0.3522735E+01 -0.2120586E+00  0.3635379E+01 -0.1123612E+00  0.3737803E+01  0.3576595E+01
 0.4000000E+02  0.1402082E-01  0.1198623E+00 -0.4971937E-02  0.3567183E+01  0.3910792E+01 -0.1354458E+00  0.3521747E+01 -0.2133721E+00  0.3635185E+01 -0.1134025E+00  0.3738443E+01  0.3575954E+01  0.1402082E-01  0.1198623E+00 -0.4971937E-02  0.3567183E+01  0.3910792E+01 -0.1354458E+00  0.3521747E+01 -0.2133721E+00  0.3635185E+01 -0.1134025E+00  0.3738443E+01  0.3575954E+01
 0.5000000E+02  0.1414699E-01  0.1217049E+00 -0.4651623E-02  0.3566227E+01  0.3913615E+01 -0.1366770E+00  0.3520487E+01 -0.2150362E+00  0.3634934E+01 -0.1147218E+00  0.3739255E+01  0.3575136E+01  0.1414699E-01  0.1217049E+00 -0.4651623E-02  0.3566227E+01  0.3913615E+01 -0.1366770E+00  0.3520487E+01 -0.2150362E+00  0.3634934E+01 -0.1147218E+00  0.3739255E+01  0.3575136E+01
 0.6000000E+02  0.1430279E-01  0.1239313E+00 -0.4264178E-02  0.3565073E+01  0.3917008E+01 -0.1381550E+00  0.3518965E+01 -0.2170338E+00  0.3634626E+01 -0.1163056E+00  0.3740231E+01  0.3574146E+01  0.1430279E-01  0.1239313E+00 -0.4264178E-02  0.3565073E+01  0.3917008E+01 -0.1381550E+00  0.3518965E+01 -0.2170338E+00  0.3634626E+01 -0.1163056E+00  0.3740231E+01  0.3574146E+01
 0.7000000E+02  0.1448884E-01  0.1265279E+00 -0.3811675E-02  0.3563731E+01  0.3920940E+01 -0.1398655E+00  0.3517188E+01 -0.2193448E+00  0.3634259E+01 -0.1181387E+00  0.3741360E+01  0.3572990E+01  0.1448884E-01  0.1265279E+00 -0.3811675E-02  0.3563731E+01  0.3920940E+01 -0.1398655E+00  0.3517188E+01 -0.2193448E+00  0.3634259E+01 -0.1181387E+00  0.3741360E+01  0.3572990E+01
 0.8000000E+02  0.1470567E-01  0.1294800E+00 -0.3296307E-02  0.3562207E+01  0.3925378E+01 -0.1417925E+00  0.3515166E+01 -0.2219467E+00  0.3633832E+01 -0.1202048E+00  0.3742632E+01  0.3571674E+01  0.1470567E-01  0.1294800E+00 -0.3296307E-02  0.3562207E+01  0.3925378E+01 -0.1417925E+00  0.3515166E+01 -0.2219467E+00  0.3633832E+01 -0.1202048E+00  0.3742632E+01  0.3571674E+01
 0.9000000E+02  0.1495364E-01  0.1327719E+00 -0.2720311E-02  0.3560511E+01  0.3930284E+01 -0.1439191E+00  0.3512911E+01 -0.2248156E+00  0.3633343E+01 -0.1224864E+00  0.3744035E+01  0.3570202E+01  0.1495364E-01  0.1327719E+00 -0.2720311E-02  0.3560511E+01  0.3930284E+01 -0.1439191E+00  0.3512911E+01 -0.2248156E+00  0.3633343E+01 -0.1224864E+00  0.3744035E+01  0.3570202E+01
 0.1000000E+03  0.1523289E-01  0.1363878E+00 -0.2085906E-02  0.3558653E+01  0.3935621E+01 -0.1462277E+00  0.3510434E+01 -0.2279260E+00  0.3632790E+01 -0.1249661E+00  0.3745558E+01  0.3568583E+01  0.1523289E-01  0.1363878E+00 -0.2085906E-02  0.3558653E+01  0.3935621E+01 -0.1462277E+00  0.3510434E+01 -0.2279260E+00  0.3632790E+01 -0.1249661E+00  0.3745558E+01  0.3568583E+01
 0.1100000E+03  0.1554328E-01  0.1403116E+00 -0.1395239E-02  0.3556642E+01  0.3941352E+01 -0.1487007E+00  0.3507745E+01 -0.2312518E+00  0.3632173E+01 -0.1276263E+00  0.3747189E+01  0.3566821E+01  0.1554328E-01  0.1403116E+00 -0.1395239E-02  0.3556642E+01  0.3941352E+01 -0.1487007E+00  0.3507745E+01 -0.2312518E+00  0.3632173E+01 -0.1276263E+00  0.3747189E+01  0.3566821E+01
 0.1200000E+03  0.1588442E-01  0.1445278E+00 -0.6503585E-03  0.3554486E+01  0.3947438E+01 -0.1513203E+00  0.3504855E+01 -0.2347666E+00  0.3631489E+01 -0.1304498E+00  0.3748913E+01  0.3564924E+01  0.1588442E-01  0.1445278E+00 -0.6503585E-03  0.3554486E+01  0.3947438E+01 -0.1513203E+00  0.3504855E+01 -0.2347666E+00  0.3631489E+01 -0.1304498E+00  0.3748913E+01  0.3564924E+01
 0.1300000E+03  0.1625564E-01  0.1490211E+00  0.1468114E-03  0.3552195E+01  0.3953841E+01 -0.1540690E+00  0.3501778E+01 -0.2384436E+00  0.3630736E+01 -0.1334203E+00  0.3750720E+01  0.3562897E+01  0.1625564E-01  0.1490211E+00  0.1468114E-03  0.3552195E+01  0.3953841E+01 -0.1540690E+00  0.3501778E+01 -0.2384436E+00  0.3630736E+01 -0.1334203E+00  0.3750720E+01  0.3562897E+01
 0.1400000E+03  0.1665602E-01  0.1537771E+00  0.9944779E-03  0.3549776E+01  0.3960526E+01 -0.1569297E+00  0.3498522E+01 -0.2422567E+00  0.3629913E+01 -0.1365219E+00  0.3752595E+01  0.3560746E+01  0.1665602E-01  0.1537771E+00  0.9944779E-03  0.3549776E+01  0.3960526E+01 -0.1569297E+00  0.3498522E+01 -0.2422567E+00  0.3629913E+01 -0.1365219E+00  0.3752595E+01  0.3560746E+01
 0.1500000E+03  0.1708436E-01  0.1587819E+00  0.1890980E-02  0.3547239E+01  0.3967456E+01 -0.1598861E+00  0.3495099E+01 -0.2461800E+00  0.3629016E+01 -0.1397398E+00  0.3754528E+01  0.3558477E+01  0.1708436E-01  0.1587819E+00  0.1890980E-02  0.3547239E+01  0.3967456E+01 -0.1598861E+00  0.3495099E+01 -0.2461800E+00  0.3629016E+01 -0.1397398E+00  0.3754528E+01  0.3558477E+01
 0.1600000E+03  0.1753929E-01  0.1640227E+00  0.2834780E-02  0.3544590E+01  0.3974597E+01 -0.1629226E+00  0.3491520E+01 -0.2501885E+00  0.3628044E+01 -0.1430604E+00  0.3756507E+01  0.3556095E+01  0.1753929E-01  0.1640227E+00  0.2834780E-02  0.3544590E+01  0.3974597E+01 -0.1629226E+00  0.3491520E+01 -0.2501885E+00  0.3628044E+01 -0.1430604E+00  0.3756507E+01  0.3556095E+01
 0.1700000E+03  0.1801919E-01  0.1694873E+00  0.3824455E-02  0.3541836E+01  0.3981918E+01 -0.1660243E+00  0.3487794E+01 -0.2542579E+00  0.3626996E+01 -0.1464708E+00  0.3758519E+01  0.3553606E+01  0.1801919E-01  0.1694873E+00  0.3824455E-02  0.3541836E+01  0.3981918E+01 -0.1660243E+00  0.3487794E+01 -0.2542579E+00  0.3626996E+01 -0.1464708E+00  0.3758519E+01  0.3553606E+01
 0.1800000E+03  0.1852232E-01  0.1751646E+00  0.4858682E-02  0.3538985E+01  0.3989388E+01 -0.1691769E+00  0.3483930E+01 -0.2583648E+00  0.3625868E+01 -0.1499592E+00  0.3760555E+01  0.3551013E+01  0.1852232E-01  0.1751646E+00  0.4858682E-02  0.3538985E+01  0.3989388E+01 -0.1691769E+00  0.3483930E+01 -0.2583648E+00  0.3625868E+01 -0.1499592E+00  0.3760555E+01  0.3551013E+01
 0.1900000E+03  0.1904676E-01  0.1810442E+00  0.5936221E-02  0.3536042E+01  0.3996978E+01 -0.1723674E+00  0.3479938E+01 -0.2624870E+00  0.3624658E+01 -0.1535149E+00  0.3762604E+01  0.3548322E+01  0.1904676E-01  0.1810442E+00  0.5936221E-02  0.3536042E+01  0.3996978E+01 -0.1723674E+00  0.3479938E+01 -0.2624870E+00  0.3624658E+01 -0.1535149E+00  0.3762604E+01  0.3548322E+01
 0.2000000E+03  0.1959051E-01  0.1871164E+00  0.7055905E-02  0.3533014E+01  0.4004661E+01 -0.1755833E+00  0.3475826E+01 -0.2666032E+00  0.3623365E+01 -0.1571280E+00  0.3764656E+01  0.3545536E+01  0.1959051E-01  0.1871164E+00  0.7055905E-02  0.3533014E+01  0.4004661E+01 -0.1755833E+00  0.3475826E+01 -0.2666032E+00  0.3623365E+01 -0.1571280E+00  0.3764656E+01  0.3545536E+01
