 0.1000000E+02  0.1381351E-01  0.1167470E+00 -0.5512948E-02  0.3568802E+01  0.3905989E+01 -0.1333478E+00  0.3523874E+01 -0.2105362E+00  0.3635600E+01 -0.1111541E+00  0.3737060E+01  0.3577334E+01  0.1381351E-01  0.1167470E+00 -0.5512948E-02  0.3568802E+01  0.3905989E+01 -0.1333478E+00  0.3523874E+01 -0.2105362E+00  0.3635600E+01 -0.1111541E+00  0.3737060E+01  0.3577334E+01
 0.2000000E+02  0.1385465E-01  0.1173747E+00 -0.5403990E-02  0.3568476E+01  0.3906960E+01 -0.1337722E+00  0.3523446E+01 -0.2111098E+00  0.3635517E+01 -0.1116090E+00  0.3737340E+01  0.3577056E+01  0.1385465E-01  0.1173747E+00 -0.5403990E-02  0.3568476E+01  0.3906960E+01 -0.1337722E+00  0.3523446E+01 -0.2111098E+00  0.3635517E+01 -0.1116090E+00  0.3737340E+01  0.3577056E+01
 0.3000000E+02  0.1392358E-01  0.1184156E+00 -0.5223252E-02  0.3567934E+01  0.3908566E+01 -0.1344741E+00  0.3522735E+01 -0.2120586E+00  0.3635379E+01 -0.1123612E+00  0.3737803E+01  0.3576595E+01  0.1392358E-01  0.1184156E+00 -0.5223252E-02  0.3567934E+01  0.3908566E+01 -0.1344741E+00  0.3522735E+01 -0.2120586E+00  0.3635379E+01 -0.1123612E+00  0.3737803E+01  0.3576595E+01
 0.4000000E+02  0.1402082E-01  0.1198623E+00 -0.4971937E-02  0.3567183E+01  0.3910792E+01 -0.1354458E+00  0.3521747E+01 -0.2133721E+00  0.3635185E+01 -0.1134025E+00  0.3738443E+01  0.3575954E+01  0.1402082E-01  0.1198623E+00 -0.4971937E-02  0.3567183E+01  0.3910792E+01 -0.1354458E+00  0.3521747E+01 -0.2133721E+00  0.3635185E+01 -0.1134025E+00  0.3738443E+01  0.3575954E+01
 0.5000000E+02  0.1414699E-01  0.1217049E+00 -0.4651623E-02  0.3566227E+01  0.3913615E+01 -0.1366770E+00  0.3520487E+01 -0.2150362E+00  0.3634934E+01 -0.1147218E+00  0.3739255E+01  0.3575136E+01  0.1414699E-01  0.1217049E+00 -0.4651623E-02  0.3566227E+01  0.3913615E+01 -0.1366770E+00  0.3520487E+01 -0.2150362E+00  0.3634934E+01 -0.1147218E+00  0.3739255E+01  0.3575136E+01
 0.6000000E+02  0.1430279E-01  0.1239313E+00 -0.4264178E-02  0.3565073E+01  0.3917008E+01 -0.1381550E+00  0.3518965E+01 -0.2170338E+00  0.3634626E+01 -0.1163056E+00  0.3740231E+01  0.3574146E+01  0.1430279E-01  0.1239313E+00 -0.4264178E-02  0.3565073E+01  0.3917008E+01 -0.1381550E+00  0.3518965E+01 -0.2170338E+00  0.3634626E+01 -0.1163056E+00  0.3740231E+01  0.3574146E+01
 0.7000000E+02  0.1448884E-01  0.1265279E+00 -0.3811675E-02  0.3563731E+01  0.3920940E+01 -0.1398655E+00  0.3517188E+01 -0.2193448E+00  0.3634259E+01 -0.1181387E+00  0.3741360E+01  0.3572990E+01  0.1448884E-01  0.1265279E+00 -0.3811675E-02  0.3563731E+01  0.3920940E+01 -0.1398655E+00  0.3517188E+01 -0.2193448E+00  0.3634259E+01 -0.1181387E+00  0.3741360E+01  0.3572990E+01
 0.8000000E+02  0.1470567E-01  0.1294800E+00 -0.3296307E-02  0.3562207E+01  0.3925378E+01 -0.1417925E+00  0.3515166E+01 -0.2219467E+00  0.3633832E+01 -0.1202048E+00  0.3742632E+01  0.3571674E+01  0.1470567E-01  0.1294800E+00 -0.3296307E-02  0.3562207E+01  0.3925378E+01 -0.1417925E+00  0.3515166E+01 -0.2219467E+00  0.3633832E+01 -0.1202048E+00  0.3742632E+01  0.3571674E+01
 0.9000000E+02  0.1495364E-01  0.1327719E+00 -0.2720311E-02  0.3560511E+01  0.3930284E+01 -0.1439191E+00  0.3512911E+01 -0.2248156E+00  0.3633343E+01 -0.1224864E+00  0.3744035E+01  0.3570202E+01  0.1495364E-01  0.1327719E+00 -0.2720311E-02  0.3560511E+01  0.3930284E+01 -0.1439191E+00  0.3512911E+01 -0.2248156E+00  0.3633343E+01 -0.1224864E+00  0.3744035E+01  0.3570202E+01
 0.1000000E+03  0.1523289E-01  0.1363878E+00 -0.2085906E-02  0.3558653E+01  0.3935621E+01 -0.1462277E+00  0.3510434E+01 -0.2279260E+00  0.3632790E+01 -0.1249661E+00  0.3745558E+01  0.3568583E+01  0.1523289E-01  0.1363878E+00 -0.2085906E-02  0.3558653E+01  0.3935621E+01 -0.1462277E+00  0.3510434E+01 -0.2279260E+00  0.3632790E+01 -0.1249661E+00  0.3745558E+01  0.3568583E+01
 0.1100000E+03  0.1554328E-01  0.1403116E+00 -0.1395239E-02  0.3556642E+01  0.3941352E+01 -0.1487007E+00  0.3507745E+01 -0.2312518E+00  0.3632173E+01 -0.1276263E+00  0.3747189E+01  0.3566821E+01  0.1554328E-01  0.1403116E+00 -0.1395239E-02  0.3556642E+01  0.3941352E+01 -0.1487007E+00  0.3507745E+01 -0.2312518E+00  0.3632173E+01 -0.1276263E+00  0.3747189E+01  0.3566821E+01
 0.1200000E+03  0.1588442E-01  0.1445278E+00 -0.6503585E-03  0.3554486E+01  0.3947438E+01 -0.1513203E+00  0.3504855E+01 -0.2347666E+00  0.3631489E+01 -0.1304498E+00  0.3748913E+01  0.3564924E+01  0.1588442E-01  0.1445278E+00 -0.6503585E-03  0.3554486E+01  0.3947438E+01 -0.1513203E+00  0.3504855E+01 -0.2347666E+00  0.3631489E+01 -0.1304498E+00  0.3748913E+01  0.3564924E+01
 0.1300000E+03  0.1625564E-01  0.1490211E+00  0.1468114E-03  0.3552195E+01  0.3953841E+01 -0.1540690E+00  0.3501778E+01 -0.2384436E+00  0.3630736E+01 -0.1334203E+00  0.3750720E+01  0.3562897E+01  0.1625564E-01  0.1490211E+00  0.1468114E-03  0.3552195E+01  0.3953841E+01 -0.1540690E+00  0.3501778E+01 -0.2384436E+00  0.3630736E+01 -0.1334203E+00  0.3750720E+01  0.3562897E+01
 0.1400000E+03  0.1665602E-01  0.1537771E+00  0.9944779E-03  0.3549776E+01  0.3960526E+01 -0.1569297E+00  0.3498522E+01 -0.2422567E+00  0.3629913E+01 -0.1365219E+00  0.3752595E+01  0.3560746E+01  0.1665602E-01  0.1537771E+00  0.9944779E-03  0.3549776E+01  0.3960526E+01 -0.1569297E+00  0.3498522E+01 -0.2422567E+00  0.3629913E+01 -0.1365219E+00  0.3752595E+01  0.3560746E+01
 0.1500000E+03  0.1708436E-01  0.1587819E+00  0.1890980E-02  0.3547239E+01  0.3967456E+01 -0.1598861E+00  0.3495099E+01 -0.2461800E+00  0.3629016E+01 -0.1397398E+00  0.3754528E+01  0.3558477E+01  0.1708436E-01  0.1587819E+00  0.1890980E-02  0.3547239E+01  0.3967456E+01 -0.1598861E+00  0.3495099E+01 -0.2461800E+00  0.3629016E+01 -0.1397398E+00  0.3754528E+01  0.3558477E+01
 0.1600000E+03  0.1753929E-01  0.1640227E+00  0.2834780E-02  0.3544590E+01  0.3974597E+01 -0.1629226E+00  0.3491520E+01 -0.2501885E+00  0.3628044E+01 -0.1430604E+00  0.3756507E+01  0.3556095E+01  0.1753929E-01  0.1640227E+00  0.2834780E-02  0.3544590E+01  0.3974597E+01 -0.1629226E+00  0.3491520E+01 -0.2501885E+00  0.3628044E+01 -0.1430604E+00  0.3756507E+01  0.3556095E+01
 0.1700000E+03  0.1801919E-01  0.1694873E+00  0.3824455E-02  0.3541836E+01  0.3981918E+01 -0.1660243E+00  0.3487794E+01 -0.2542579E+00  0.3626996E+01 -0.1464708E+00  0.3758519E+01  0.3553606E+01  0.1801919E-01  0.1694873E+00  0.3824455E-02  0.3541836E+01  0.3981918E+01 -0.1660243E+00  0.3487794E+01 -0.2542579E+00  0.3626996E+01 -0.1464708E+00  0.3758519E+01  0.3553606E+01
 0.1800000E+03  0.1852232E-01  0.1751646E+00  0.4858682E-02  0.3538985E+01  0.3989388E+01 -0.1691769E+00  0.3483930E+01 -0.2583648E+00  0.3625868E+01 -0.1499592E+00  0.3760555E+01  0.3551013E+01  0.1852232E-01  0.1751646E+00  0.4858682E-02  0.3538985E+01  0.3989388E+01 -0.1691769E+00  0.3483930E+01 -0.2583648E+00  0.3625868E+01 -0.1499592E+00  0.3760555E+01  0.3551013E+01
 0.1900000E+03  0.1904676E-01  0.1810442E+00  0.5936221E-02  0.3536042E+01  0.3996978E+01 -0.1723674E+00  0.3479938E+01 -0.2624870E+00  0.3624658E+01 -0.1535149E+00  0.3762604E+01  0.3548322E+01  0.1904676E-01  0.1810442E+00  0.5936221E-02  0.3536042E+01  0.3996978E+01 -0.1723674E+00  0.3479938E+01 -0.2624870E+00  0.3624658E+01 -0.1535149E+00  0.3762604E+01  0.3548322E+01
 0.2000000E+03  0.1959051E-01  0.1871164E+00  0.7055905E-02  0.3533014E+01  0.4004661E+01 -0.1755833E+00  0.3475826E+01 -0.2666032E+00  0.3623365E+01 -0.1571280E+00  0.3764656E+01  0.3545536E+01  0.1959051E-01  0.1871164E+00  0.7055905E-02  0.3533014E+01  0.4004661E+01 -0.1755833E+00  0.3475826E+01 -0.2666032E+00  0.3623365E+01 -0.1571280E+00  0.3764656E+01  0.3545536E+01
 0.2100000E+03  0.2015146E-01  0.1933724E+00  0.8216619E-02  0.3529906E+01  0.4012411E+01 -0.1788129E+00  0.3471602E+01 -0.2706932E+00  0.3621987E+01 -0.1607896E+00  0.3766701E+01  0.3542660E+01  0.2015146E-01  0.1933724E+00  0.8216619E-02  0.3529906E+01  0.4012411E+01 -0.1788129E+00  0.3471602E+01 -0.2706932E+00  0.3621987E+01 -0.1607896E+00  0.3766701E+01  0.3542660E+01
 0.2200000E+03  0.2072743E-01  0.1998041E+00  0.9417291E-02  0.3526723E+01  0.4020206E+01 -0.1820454E+00  0.3467273E+01 -0.2747377E+00  0.3620521E+01 -0.1644917E+00  0.3768733E+01  0.3539697E+01  0.2072743E-01  0.1998041E+00  0.9417291E-02  0.3526723E+01  0.4020206E+01 -0.1820454E+00  0.3467273E+01 -0.2747377E+00  0.3620521E+01 -0.1644917E+00  0.3768733E+01  0.3539697E+01
 0.2300000E+03  0.2131620E-01  0.2064040E+00  0.1065688E-01  0.3523469E+01  0.4028022E+01 -0.1852706E+00  0.3462847E+01 -0.2787186E+00  0.3618966E+01 -0.1682269E+00  0.3770742E+01  0.3536650E+01  0.2131620E-01  0.2064040E+00  0.1065688E-01  0.3523469E+01  0.4028022E+01 -0.1852706E+00  0.3462847E+01 -0.2787186E+00  0.3618966E+01 -0.1682269E+00  0.3770742E+01  0.3536650E+01
 0.2400000E+03  0.2191551E-01  0.2131650E+00  0.1193436E-01  0.3520150E+01  0.4035838E+01 -0.1884791E+00  0.3458329E+01 -0.2826188E+00  0.3617319E+01 -0.1719886E+00  0.3772720E+01  0.3533523E+01  0.2191551E-01  0.2131650E+00  0.1193436E-01  0.3520150E+01  0.4035838E+01 -0.1884791E+00  0.3458329E+01 -0.2826188E+00  0.3617319E+01 -0.1719886E+00  0.3772720E+01  0.3533523E+01
 0.2500000E+03  0.2252309E-01  0.2200809E+00  0.1324871E-01  0.3516769E+01  0.4043637E+01 -0.1916623E+00  0.3453727E+01 -0.2864220E+00  0.3615578E+01 -0.1757709E+00  0.3774662E+01  0.3530318E+01  0.2252309E-01  0.2200809E+00  0.1324871E-01  0.3516769E+01  0.4043637E+01 -0.1916623E+00  0.3453727E+01 -0.2864220E+00  0.3615578E+01 -0.1757709E+00  0.3774662E+01  0.3530318E+01
 0.2600000E+03  0.2313666E-01  0.2271455E+00  0.1459893E-01  0.3513331E+01  0.4051399E+01 -0.1948118E+00  0.3449045E+01 -0.2901132E+00  0.3613743E+01 -0.1795684E+00  0.3776561E+01  0.3527039E+01  0.2313666E-01  0.2271455E+00  0.1459893E-01  0.3513331E+01  0.4051399E+01 -0.1948118E+00  0.3449045E+01 -0.2901132E+00  0.3613743E+01 -0.1795684E+00  0.3776561E+01  0.3527039E+01
 0.2700000E+03  0.2375395E-01  0.2343534E+00  0.1598400E-01  0.3509838E+01  0.4059108E+01 -0.1979204E+00  0.3444290E+01 -0.2936779E+00  0.3611811E+01 -0.1833764E+00  0.3778411E+01  0.3523688E+01  0.2375395E-01  0.2343534E+00  0.1598400E-01  0.3509838E+01  0.4059108E+01 -0.1979204E+00  0.3444290E+01 -0.2936779E+00  0.3611811E+01 -0.1833764E+00  0.3778411E+01  0.3523688E+01
 0.2800000E+03  0.2437270E-01  0.2416994E+00  0.1740287E-01  0.3506296E+01  0.4066749E+01 -0.2009808E+00  0.3439466E+01 -0.2971026E+00  0.3609780E+01 -0.1871905E+00  0.3780206E+01  0.3520267E+01  0.2437270E-01  0.2416994E+00  0.1740287E-01  0.3506296E+01  0.4066749E+01 -0.2009808E+00  0.3439466E+01 -0.2971026E+00  0.3609780E+01 -0.1871905E+00  0.3780206E+01  0.3520267E+01
 0.2900000E+03  0.2499068E-01  0.2491784E+00  0.1885451E-01  0.3502705E+01  0.4074306E+01 -0.2039869E+00  0.3434579E+01 -0.3003749E+00  0.3607650E+01 -0.1910069E+00  0.3781942E+01  0.3516780E+01  0.2499068E-01  0.2491784E+00  0.1885451E-01  0.3502705E+01  0.4074306E+01 -0.2039869E+00  0.3434579E+01 -0.3003749E+00  0.3607650E+01 -0.1910069E+00  0.3781942E+01  0.3516780E+01
 0.3000000E+03  0.2560568E-01  0.2567860E+00  0.2033785E-01  0.3499071E+01  0.4081768E+01 -0.2069325E+00  0.3429632E+01 -0.3034827E+00  0.3605419E+01 -0.1948221E+00  0.3783614E+01  0.3513228E+01  0.2560568E-01  0.2567860E+00  0.2033785E-01  0.3499071E+01  0.4081768E+01 -0.2069325E+00  0.3429632E+01 -0.3034827E+00  0.3605419E+01 -0.1948221E+00  0.3783614E+01  0.3513228E+01
 0.3100000E+03  0.2621555E-01  0.2645176E+00  0.2185179E-01  0.3495395E+01  0.4089121E+01 -0.2098124E+00  0.3424631E+01 -0.3064152E+00  0.3603085E+01 -0.1986330E+00  0.3785218E+01  0.3509614E+01  0.2621555E-01  0.2645176E+00  0.2185179E-01  0.3495395E+01  0.4089121E+01 -0.2098124E+00  0.3424631E+01 -0.3064152E+00  0.3603085E+01 -0.1986330E+00  0.3785218E+01  0.3509614E+01
 0.3200000E+03  0.2681817E-01  0.2723691E+00  0.2339521E-01  0.3491681E+01  0.4096353E+01 -0.2126214E+00  0.3419578E+01 -0.3091620E+00  0.3600648E+01 -0.2024369E+00  0.3786751E+01  0.3505939E+01  0.2681817E-01  0.2723691E+00  0.2339521E-01  0.3491681E+01  0.4096353E+01 -0.2126214E+00  0.3419578E+01 -0.3091620E+00  0.3600648E+01 -0.2024369E+00  0.3786751E+01  0.3505939E+01
 0.3300000E+03  0.2741145E-01  0.2803364E+00  0.2496696E-01  0.3487931E+01  0.4103455E+01 -0.2153550E+00  0.3414478E+01 -0.3117134E+00  0.3598106E+01 -0.2062314E+00  0.3788209E+01  0.3502206E+01  0.2741145E-01  0.2803364E+00  0.2496696E-01  0.3487931E+01  0.4103455E+01 -0.2153550E+00  0.3414478E+01 -0.3117134E+00  0.3598106E+01 -0.2062314E+00  0.3788209E+01  0.3502206E+01
 0.3400000E+03  0.2799339E-01  0.2884156E+00  0.2656587E-01  0.3484148E+01  0.4110417E+01 -0.2180091E+00  0.3409335E+01 -0.3140605E+00  0.3595459E+01 -0.2100143E+00  0.3789590E+01  0.3498417E+01  0.2799339E-01  0.2884156E+00  0.2656587E-01  0.3484148E+01  0.4110417E+01 -0.2180091E+00  0.3409335E+01 -0.3140605E+00  0.3595459E+01 -0.2100143E+00  0.3789590E+01  0.3498417E+01
 0.3500000E+03  0.2856200E-01  0.2966027E+00  0.2819073E-01  0.3480333E+01  0.4117229E+01 -0.2205800E+00  0.3404151E+01 -0.3161951E+00  0.3592706E+01 -0.2137835E+00  0.3790891E+01  0.3494574E+01  0.2856200E-01  0.2966027E+00  0.2819073E-01  0.3480333E+01  0.4117229E+01 -0.2205800E+00  0.3404151E+01 -0.3161951E+00  0.3592706E+01 -0.2137835E+00  0.3790891E+01  0.3494574E+01
 0.3600000E+03  0.2911539E-01  0.3048940E+00  0.2984029E-01  0.3476489E+01  0.4123884E+01 -0.2230642E+00  0.3398931E+01 -0.3181096E+00  0.3589847E+01 -0.2175374E+00  0.3792110E+01  0.3490678E+01  0.2911539E-01  0.3048940E+00  0.2984029E-01  0.3476489E+01  0.4123884E+01 -0.2230642E+00  0.3398931E+01 -0.3181096E+00  0.3589847E+01 -0.2175374E+00  0.3792110E+01  0.3490678E+01
 0.3700000E+03  0.2965170E-01  0.3132859E+00  0.3151329E-01  0.3472618E+01  0.4130374E+01 -0.2254588E+00  0.3393676E+01 -0.3197968E+00  0.3586880E+01 -0.2212745E+00  0.3793246E+01  0.3486733E+01  0.2965170E-01  0.3132859E+00  0.3151329E-01  0.3472618E+01  0.4130374E+01 -0.2254588E+00  0.3393676E+01 -0.3197968E+00  0.3586880E+01 -0.2212745E+00  0.3793246E+01  0.3486733E+01
 0.3800000E+03  0.3016915E-01  0.3217745E+00  0.3320841E-01  0.3468723E+01  0.4136692E+01 -0.2277612E+00  0.3388390E+01 -0.3212504E+00  0.3583807E+01 -0.2249934E+00  0.3794296E+01  0.3482738E+01  0.3016915E-01  0.3217745E+00  0.3320841E-01  0.3468723E+01  0.4136692E+01 -0.2277612E+00  0.3388390E+01 -0.3212504E+00  0.3583807E+01 -0.2249934E+00  0.3794296E+01  0.3482738E+01
 0.3900000E+03  0.3066602E-01  0.3303561E+00  0.3492431E-01  0.3464804E+01  0.4142832E+01 -0.2299691E+00  0.3383076E+01 -0.3224646E+00  0.3580627E+01 -0.2286930E+00  0.3795262E+01  0.3478697E+01  0.3066602E-01  0.3303561E+00  0.3492431E-01  0.3464804E+01  0.4142832E+01 -0.2299691E+00  0.3383076E+01 -0.3224646E+00  0.3580627E+01 -0.2286930E+00  0.3795262E+01  0.3478697E+01
 0.4000000E+03  0.3114066E-01  0.3390271E+00  0.3665962E-01  0.3460864E+01  0.4148789E+01 -0.2320805E+00  0.3377735E+01 -0.3234340E+00  0.3577340E+01 -0.2323720E+00  0.3796140E+01  0.3474612E+01  0.3114066E-01  0.3390271E+00  0.3665962E-01  0.3460864E+01  0.4148789E+01 -0.2320805E+00  0.3377735E+01 -0.3234340E+00  0.3577340E+01 -0.2323720E+00  0.3796140E+01  0.3474612E+01
 0.4100000E+03  0.3159150E-01  0.3477838E+00  0.3841294E-01  0.3456904E+01  0.4154558E+01 -0.2340938E+00  0.3372371E+01 -0.3241539E+00  0.3573946E+01 -0.2360297E+00  0.3796932E+01  0.3470483E+01  0.3159150E-01  0.3477838E+00  0.3841294E-01  0.3456904E+01  0.4154558E+01 -0.2340938E+00  0.3372371E+01 -0.3241539E+00  0.3573946E+01 -0.2360297E+00  0.3796932E+01  0.3470483E+01
 0.4200000E+03  0.3201702E-01  0.3566222E+00  0.4018282E-01  0.3452927E+01  0.4160135E+01 -0.2360078E+00  0.3366986E+01 -0.3246202E+00  0.3570446E+01 -0.2396652E+00  0.3797636E+01  0.3466313E+01  0.3201702E-01  0.3566222E+00  0.4018282E-01  0.3452927E+01  0.4160135E+01 -0.2360078E+00  0.3366986E+01 -0.3246202E+00  0.3570446E+01 -0.2396652E+00  0.3797636E+01  0.3466313E+01
 0.4300000E+03  0.3241579E-01  0.3655387E+00  0.4196779E-01  0.3448932E+01  0.4165515E+01 -0.2378214E+00  0.3361581E+01 -0.3248291E+00  0.3566841E+01 -0.2432777E+00  0.3798254E+01  0.3462103E+01  0.3241579E-01  0.3655387E+00  0.4196779E-01  0.3448932E+01  0.4165515E+01 -0.2378214E+00  0.3361581E+01 -0.3248291E+00  0.3566841E+01 -0.2432777E+00  0.3798254E+01  0.3462103E+01
 0.4400000E+03  0.3278645E-01  0.3745292E+00  0.4376636E-01  0.3444923E+01  0.4170696E+01 -0.2395339E+00  0.3356160E+01 -0.3247776E+00  0.3563132E+01 -0.2468667E+00  0.3798786E+01  0.3457856E+01  0.3278645E-01  0.3745292E+00  0.4376636E-01  0.3444923E+01  0.4170696E+01 -0.2395339E+00  0.3356160E+01 -0.3247776E+00  0.3563132E+01 -0.2468667E+00  0.3798786E+01  0.3457856E+01
 0.4500000E+03  0.3312771E-01  0.3835898E+00  0.4557700E-01  0.3440899E+01  0.4175675E+01 -0.2411450E+00  0.3350724E+01 -0.3244630E+00  0.3559320E+01 -0.2504315E+00  0.3799232E+01  0.3453574E+01  0.3312771E-01  0.3835898E+00  0.4557700E-01  0.3440899E+01  0.4175675E+01 -0.2411450E+00  0.3350724E+01 -0.3244630E+00  0.3559320E+01 -0.2504315E+00  0.3799232E+01  0.3453574E+01
 0.4600000E+03  0.3343837E-01  0.3927164E+00  0.4739814E-01  0.3436863E+01  0.4180449E+01 -0.2426545E+00  0.3345274E+01 -0.3238831E+00  0.3555405E+01 -0.2539717E+00  0.3799594E+01  0.3449257E+01  0.3343837E-01  0.3927164E+00  0.4739814E-01  0.3436863E+01  0.4180449E+01 -0.2426545E+00  0.3345274E+01 -0.3238831E+00  0.3555405E+01 -0.2539717E+00  0.3799594E+01  0.3449257E+01
 0.4700000E+03  0.3371731E-01  0.4019049E+00  0.4922821E-01  0.3432815E+01  0.4185018E+01 -0.2440625E+00  0.3339813E+01 -0.3230363E+00  0.3551391E+01 -0.2574869E+00  0.3799873E+01  0.3444908E+01  0.3371731E-01  0.4019049E+00  0.4922821E-01  0.3432815E+01  0.4185018E+01 -0.2440625E+00  0.3339813E+01 -0.3230363E+00  0.3551391E+01 -0.2574869E+00  0.3799873E+01  0.3444908E+01
 0.4800000E+03  0.3396347E-01  0.4111508E+00  0.5106558E-01  0.3428757E+01  0.4189381E+01 -0.2453696E+00  0.3334343E+01 -0.3219215E+00  0.3547277E+01 -0.2609765E+00  0.3800072E+01  0.3440528E+01  0.3396347E-01  0.4111508E+00  0.5106558E-01  0.3428757E+01  0.4189381E+01 -0.2453696E+00  0.3334343E+01 -0.3219215E+00  0.3547277E+01 -0.2609765E+00  0.3800072E+01  0.3440528E+01
 0.4900000E+03  0.3417588E-01  0.4204499E+00  0.5290863E-01  0.3424688E+01  0.4193535E+01 -0.2465764E+00  0.3328864E+01 -0.3205379E+00  0.3543067E+01 -0.2644402E+00  0.3800191E+01  0.3436120E+01  0.3417588E-01  0.4204499E+00  0.5290863E-01  0.3424688E+01  0.4193535E+01 -0.2465764E+00  0.3328864E+01 -0.3205379E+00  0.3543067E+01 -0.2644402E+00  0.3800191E+01  0.3436120E+01
 0.5000000E+03  0.3435367E-01  0.4297975E+00  0.5475570E-01  0.3420611E+01  0.4197482E+01 -0.2476837E+00  0.3323378E+01 -0.3188854E+00  0.3538762E+01 -0.2678778E+00  0.3800233E+01  0.3431686E+01  0.3435367E-01  0.4297975E+00  0.5475570E-01  0.3420611E+01  0.4197482E+01 -0.2476837E+00  0.3323378E+01 -0.3188854E+00  0.3538762E+01 -0.2678778E+00  0.3800233E+01  0.3431686E+01
 0.5100000E+03  0.3449602E-01  0.4391890E+00  0.5660511E-01  0.3416526E+01  0.4201222E+01 -0.2486928E+00  0.3317888E+01 -0.3169642E+00  0.3534364E+01 -0.2712889E+00  0.3800201E+01  0.3427226E+01  0.3449602E-01  0.4391890E+00  0.5660511E-01  0.3416526E+01  0.4201222E+01 -0.2486928E+00  0.3317888E+01 -0.3169642E+00  0.3534364E+01 -0.2712889E+00  0.3800201E+01  0.3427226E+01
 0.5200000E+03  0.3460222E-01  0.4486195E+00  0.5845516E-01  0.3412433E+01  0.4204755E+01 -0.2496050E+00  0.3312393E+01 -0.3147749E+00  0.3529875E+01 -0.2746731E+00  0.3800098E+01  0.3422743E+01  0.3460222E-01  0.4486195E+00  0.5845516E-01  0.3412433E+01  0.4204755E+01 -0.2496050E+00  0.3312393E+01 -0.3147749E+00  0.3529875E+01 -0.2746731E+00  0.3800098E+01  0.3422743E+01
 0.5300000E+03  0.3467163E-01  0.4580841E+00  0.6030415E-01  0.3408333E+01  0.4208083E+01 -0.2504218E+00  0.3306895E+01 -0.3123188E+00  0.3525299E+01 -0.2780302E+00  0.3799927E+01  0.3418238E+01  0.3467163E-01  0.4580841E+00  0.6030415E-01  0.3408333E+01  0.4208083E+01 -0.2504218E+00  0.3306895E+01 -0.3123188E+00  0.3525299E+01 -0.2780302E+00  0.3799927E+01  0.3418238E+01
 0.5400000E+03  0.3470370E-01  0.4675775E+00  0.6215035E-01  0.3404227E+01  0.4211207E+01 -0.2511450E+00  0.3301396E+01 -0.3095975E+00  0.3520638E+01 -0.2813599E+00  0.3799691E+01  0.3413714E+01  0.3470370E-01  0.4675775E+00  0.6215035E-01  0.3404227E+01  0.4211207E+01 -0.2511450E+00  0.3301396E+01 -0.3095975E+00  0.3520638E+01 -0.2813599E+00  0.3799691E+01  0.3413714E+01
 0.5500000E+03  0.3469794E-01  0.4770944E+00  0.6399203E-01  0.3400115E+01  0.4214129E+01 -0.2517766E+00  0.3295896E+01 -0.3066129E+00  0.3515894E+01 -0.2846619E+00  0.3799394E+01  0.3409172E+01  0.3469794E-01  0.4770944E+00  0.6399203E-01  0.3400115E+01  0.4214129E+01 -0.2517766E+00  0.3295896E+01 -0.3066129E+00  0.3515894E+01 -0.2846619E+00  0.3799394E+01  0.3409172E+01
 0.5600000E+03  0.3465398E-01  0.4866294E+00  0.6582745E-01  0.3395997E+01  0.4216853E+01 -0.2523185E+00  0.3290397E+01 -0.3033676E+00  0.3511071E+01 -0.2879358E+00  0.3799039E+01  0.3404614E+01  0.3465398E-01  0.4866294E+00  0.6582745E-01  0.3395997E+01  0.4216853E+01 -0.2523185E+00  0.3290397E+01 -0.3033676E+00  0.3511071E+01 -0.2879358E+00  0.3799039E+01  0.3404614E+01
 0.5700000E+03  0.3457152E-01  0.4961768E+00  0.6765488E-01  0.3391873E+01  0.4219380E+01 -0.2527732E+00  0.3284898E+01 -0.2998645E+00  0.3506171E+01 -0.2911814E+00  0.3798632E+01  0.3400042E+01  0.3457152E-01  0.4961768E+00  0.6765488E-01  0.3391873E+01  0.4219380E+01 -0.2527732E+00  0.3284898E+01 -0.2998645E+00  0.3506171E+01 -0.2911814E+00  0.3798632E+01  0.3400042E+01
 0.5800000E+03  0.3445033E-01  0.5057305E+00  0.6947257E-01  0.3387744E+01  0.4221714E+01 -0.2531429E+00  0.3279402E+01 -0.2961070E+00  0.3501198E+01 -0.2943983E+00  0.3798177E+01  0.3395457E+01  0.3445033E-01  0.5057305E+00  0.6947257E-01  0.3387744E+01  0.4221714E+01 -0.2531429E+00  0.3279402E+01 -0.2961070E+00  0.3501198E+01 -0.2943983E+00  0.3798177E+01  0.3395457E+01
 0.5900000E+03  0.3429028E-01  0.5152846E+00  0.7127879E-01  0.3383609E+01  0.4223860E+01 -0.2534300E+00  0.3273909E+01 -0.2920988E+00  0.3496155E+01 -0.2975861E+00  0.3797678E+01  0.3390862E+01  0.3429028E-01  0.5152846E+00  0.7127879E-01  0.3383609E+01  0.4223860E+01 -0.2534300E+00  0.3273909E+01 -0.2920988E+00  0.3496155E+01 -0.2975861E+00  0.3797678E+01  0.3390862E+01
 0.6000000E+03  0.3409131E-01  0.5248328E+00  0.7307182E-01  0.3379469E+01  0.4225820E+01 -0.2536373E+00  0.3268419E+01 -0.2878441E+00  0.3491045E+01 -0.3007444E+00  0.3797142E+01  0.3386258E+01  0.3409131E-01  0.5248328E+00  0.7307182E-01  0.3379469E+01  0.4225820E+01 -0.2536373E+00  0.3268419E+01 -0.2878441E+00  0.3491045E+01 -0.3007444E+00  0.3797142E+01  0.3386258E+01
 0.6100000E+03  0.3385345E-01  0.5343686E+00  0.7484994E-01  0.3375323E+01  0.4227600E+01 -0.2537673E+00  0.3262933E+01 -0.2833475E+00  0.3485871E+01 -0.3038728E+00  0.3796572E+01  0.3381646E+01  0.3385345E-01  0.5343686E+00  0.7484994E-01  0.3375323E+01  0.4227600E+01 -0.2537673E+00  0.3262933E+01 -0.2833475E+00  0.3485871E+01 -0.3038728E+00  0.3796572E+01  0.3381646E+01
 0.6200000E+03  0.3357680E-01  0.5438852E+00  0.7661148E-01  0.3371172E+01  0.4229205E+01 -0.2538228E+00  0.3257451E+01 -0.2786142E+00  0.3480637E+01 -0.3069709E+00  0.3795976E+01  0.3377029E+01  0.3357680E-01  0.5438852E+00  0.7661148E-01  0.3371172E+01  0.4229205E+01 -0.2538228E+00  0.3257451E+01 -0.2786142E+00  0.3480637E+01 -0.3069709E+00  0.3795976E+01  0.3377029E+01
 0.6300000E+03  0.3326155E-01  0.5533756E+00  0.7835477E-01  0.3367014E+01  0.4230640E+01 -0.2538064E+00  0.3251975E+01 -0.2736495E+00  0.3475345E+01 -0.3100381E+00  0.3795359E+01  0.3372407E+01  0.3326155E-01  0.5533756E+00  0.7835477E-01  0.3367014E+01  0.4230640E+01 -0.2538064E+00  0.3251975E+01 -0.2736495E+00  0.3475345E+01 -0.3100381E+00  0.3795359E+01  0.3372407E+01
 0.6400000E+03  0.3290795E-01  0.5628327E+00  0.8007819E-01  0.3362850E+01  0.4231911E+01 -0.2537211E+00  0.3246503E+01 -0.2684593E+00  0.3470001E+01 -0.3130739E+00  0.3794727E+01  0.3367784E+01  0.3290795E-01  0.5628327E+00  0.8007819E-01  0.3362850E+01  0.4231911E+01 -0.2537211E+00  0.3246503E+01 -0.2684593E+00  0.3470001E+01 -0.3130739E+00  0.3794727E+01  0.3367784E+01
 0.6500000E+03  0.3251632E-01  0.5722491E+00  0.8178012E-01  0.3358679E+01  0.4233024E+01 -0.2535695E+00  0.3241037E+01 -0.2630499E+00  0.3464606E+01 -0.3160777E+00  0.3794087E+01  0.3363159E+01  0.3251632E-01  0.5722491E+00  0.8178012E-01  0.3358679E+01  0.4233024E+01 -0.2535695E+00  0.3241037E+01 -0.2630499E+00  0.3464606E+01 -0.3160777E+00  0.3794087E+01  0.3363159E+01
 0.6600000E+03  0.3208706E-01  0.5816171E+00  0.8345903E-01  0.3354501E+01  0.4233985E+01 -0.2533545E+00  0.3235577E+01 -0.2574279E+00  0.3459164E+01 -0.3190490E+00  0.3793447E+01  0.3358535E+01  0.3208706E-01  0.5816171E+00  0.8345903E-01  0.3354501E+01  0.4233985E+01 -0.2533545E+00  0.3235577E+01 -0.2574279E+00  0.3459164E+01 -0.3190490E+00  0.3793447E+01  0.3358535E+01
 0.6700000E+03  0.3162060E-01  0.5909288E+00  0.8511341E-01  0.3350315E+01  0.4234802E+01 -0.2530788E+00  0.3230122E+01 -0.2516005E+00  0.3453679E+01 -0.3219871E+00  0.3792813E+01  0.3353913E+01  0.3162060E-01  0.5909288E+00  0.8511341E-01  0.3350315E+01  0.4234802E+01 -0.2530788E+00  0.3230122E+01 -0.2516005E+00  0.3453679E+01 -0.3219871E+00  0.3792813E+01  0.3353913E+01
 0.6800000E+03  0.3111745E-01  0.6001762E+00  0.8674181E-01  0.3346120E+01  0.4235482E+01 -0.2527451E+00  0.3224673E+01 -0.2455750E+00  0.3448153E+01 -0.3248914E+00  0.3792194E+01  0.3349294E+01  0.3111745E-01  0.6001762E+00  0.8674181E-01  0.3346120E+01  0.4235482E+01 -0.2527451E+00  0.3224673E+01 -0.2455750E+00  0.3448153E+01 -0.3248914E+00  0.3792194E+01  0.3349294E+01
 0.6900000E+03  0.3057816E-01  0.6093507E+00  0.8834283E-01  0.3341915E+01  0.4236031E+01 -0.2523561E+00  0.3219230E+01 -0.2393593E+00  0.3442590E+01 -0.3277611E+00  0.3791596E+01  0.3344680E+01  0.3057816E-01  0.6093507E+00  0.8834283E-01  0.3341915E+01  0.4236031E+01 -0.2523561E+00  0.3219230E+01 -0.2393593E+00  0.3442590E+01 -0.3277611E+00  0.3791596E+01  0.3344680E+01
 0.7000000E+03  0.3000328E-01  0.6184439E+00  0.8991515E-01  0.3337701E+01  0.4236460E+01 -0.2519143E+00  0.3213793E+01 -0.2329616E+00  0.3436994E+01 -0.3305957E+00  0.3791028E+01  0.3340072E+01  0.3000328E-01  0.6184439E+00  0.8991515E-01  0.3337701E+01  0.4236460E+01 -0.2519143E+00  0.3213793E+01 -0.2329616E+00  0.3436994E+01 -0.3305957E+00  0.3791028E+01  0.3340072E+01
 0.7100000E+03  0.2939342E-01  0.6274470E+00  0.9145749E-01  0.3333476E+01  0.4236774E+01 -0.2514222E+00  0.3208362E+01 -0.2263904E+00  0.3431366E+01 -0.3333944E+00  0.3790499E+01  0.3335471E+01  0.2939342E-01  0.6274470E+00  0.9145749E-01  0.3333476E+01  0.4236774E+01 -0.2514222E+00  0.3208362E+01 -0.2263904E+00  0.3431366E+01 -0.3333944E+00  0.3790499E+01  0.3335471E+01
 0.7200000E+03  0.2874917E-01  0.6363509E+00  0.9296867E-01  0.3329239E+01  0.4236984E+01 -0.2508823E+00  0.3202936E+01 -0.2196546E+00  0.3425710E+01 -0.3361565E+00  0.3790017E+01  0.3330878E+01  0.2874917E-01  0.6363509E+00  0.9296867E-01  0.3329239E+01  0.4236984E+01 -0.2508823E+00  0.3202936E+01 -0.2196546E+00  0.3425710E+01 -0.3361565E+00  0.3790017E+01  0.3330878E+01
 0.7300000E+03  0.2807112E-01  0.6451465E+00  0.9444753E-01  0.3324991E+01  0.4237098E+01 -0.2502967E+00  0.3197516E+01 -0.2127633E+00  0.3420028E+01 -0.3388815E+00  0.3789591E+01  0.3326294E+01  0.2807112E-01  0.6451465E+00  0.9444753E-01  0.3324991E+01  0.4237098E+01 -0.2502967E+00  0.3197516E+01 -0.2127633E+00  0.3420028E+01 -0.3388815E+00  0.3789591E+01  0.3326294E+01
 0.7400000E+03  0.2735982E-01  0.6538243E+00  0.9589303E-01  0.3320729E+01  0.4237126E+01 -0.2496678E+00  0.3192101E+01 -0.2057261E+00  0.3414324E+01 -0.3415687E+00  0.3789231E+01  0.3321720E+01  0.2735982E-01  0.6538243E+00  0.9589303E-01  0.3320729E+01  0.4237126E+01 -0.2496678E+00  0.3192101E+01 -0.2057261E+00  0.3414324E+01 -0.3415687E+00  0.3789231E+01  0.3321720E+01
 0.7500000E+03  0.2661577E-01  0.6623751E+00  0.9730414E-01  0.3316454E+01  0.4237075E+01 -0.2489975E+00  0.3186693E+01 -0.1985524E+00  0.3408600E+01 -0.3442176E+00  0.3788945E+01  0.3317157E+01  0.2661577E-01  0.6623751E+00  0.9730414E-01  0.3316454E+01  0.4237075E+01 -0.2489975E+00  0.3186693E+01 -0.1985524E+00  0.3408600E+01 -0.3442176E+00  0.3788945E+01  0.3317157E+01
 0.7600000E+03  0.2583940E-01  0.6707891E+00  0.9867991E-01  0.3312165E+01  0.4236957E+01 -0.2482878E+00  0.3181289E+01 -0.1912523E+00  0.3402858E+01 -0.3468277E+00  0.3788743E+01  0.3312605E+01  0.2583940E-01  0.6707891E+00  0.9867991E-01  0.3312165E+01  0.4236957E+01 -0.2482878E+00  0.3181289E+01 -0.1912523E+00  0.3402858E+01 -0.3468277E+00  0.3788743E+01  0.3312605E+01
 0.7700000E+03  0.2503100E-01  0.6790568E+00  0.1000194E+00  0.3307862E+01  0.4236781E+01 -0.2475406E+00  0.3175892E+01 -0.1838357E+00  0.3397101E+01 -0.3493988E+00  0.3788635E+01  0.3308066E+01  0.2503100E-01  0.6790568E+00  0.1000194E+00  0.3307862E+01  0.4236781E+01 -0.2475406E+00  0.3175892E+01 -0.1838357E+00  0.3397101E+01 -0.3493988E+00  0.3788635E+01  0.3308066E+01
 0.7800000E+03  0.2419076E-01  0.6871686E+00  0.1013218E+00  0.3303544E+01  0.4236555E+01 -0.2467576E+00  0.3170500E+01 -0.1763128E+00  0.3391331E+01 -0.3519306E+00  0.3788629E+01  0.3303540E+01  0.2419076E-01  0.6871686E+00  0.1013218E+00  0.3303544E+01  0.4236555E+01 -0.2467576E+00  0.3170500E+01 -0.1763128E+00  0.3391331E+01 -0.3519306E+00  0.3788629E+01  0.3303540E+01
 0.7900000E+03  0.2331870E-01  0.6951150E+00  0.1025861E+00  0.3299211E+01  0.4236291E+01 -0.2459406E+00  0.3165116E+01 -0.1686937E+00  0.3385549E+01 -0.3544232E+00  0.3788737E+01  0.3299027E+01  0.2331870E-01  0.6951150E+00  0.1025861E+00  0.3299211E+01  0.4236291E+01 -0.2459406E+00  0.3165116E+01 -0.1686937E+00  0.3385549E+01 -0.3544232E+00  0.3788737E+01  0.3299027E+01
 0.8000000E+03  0.2241462E-01  0.7028866E+00  0.1038115E+00  0.3294863E+01  0.4235998E+01 -0.2450912E+00  0.3159738E+01 -0.1609883E+00  0.3379759E+01 -0.3568768E+00  0.3788966E+01  0.3294528E+01  0.2241462E-01  0.7028866E+00  0.1038115E+00  0.3294863E+01  0.4235998E+01 -0.2450912E+00  0.3159738E+01 -0.1609883E+00  0.3379759E+01 -0.3568768E+00  0.3788966E+01  0.3294528E+01
 0.8100000E+03  0.2147810E-01  0.7104742E+00  0.1049971E+00  0.3290500E+01  0.4235685E+01 -0.2442109E+00  0.3154368E+01 -0.1532068E+00  0.3373963E+01 -0.3592917E+00  0.3789327E+01  0.3290045E+01  0.2147810E-01  0.7104742E+00  0.1049971E+00  0.3290500E+01  0.4235685E+01 -0.2442109E+00  0.3154368E+01 -0.1532068E+00  0.3373963E+01 -0.3592917E+00  0.3789327E+01  0.3290045E+01
 0.8200000E+03  0.2050846E-01  0.7178691E+00  0.1061417E+00  0.3286123E+01  0.4235361E+01 -0.2433015E+00  0.3149007E+01 -0.1453588E+00  0.3368162E+01 -0.3616687E+00  0.3789828E+01  0.3285576E+01  0.2050846E-01  0.7178691E+00  0.1061417E+00  0.3286123E+01  0.4235361E+01 -0.2433015E+00  0.3149007E+01 -0.1453588E+00  0.3368162E+01 -0.3616687E+00  0.3789828E+01  0.3285576E+01
 0.8300000E+03  0.1950474E-01  0.7250627E+00  0.1072443E+00  0.3281733E+01  0.4235036E+01 -0.2423646E+00  0.3143656E+01 -0.1374537E+00  0.3362358E+01 -0.3640089E+00  0.3790478E+01  0.3281125E+01  0.1950474E-01  0.7250627E+00  0.1072443E+00  0.3281733E+01  0.4235036E+01 -0.2423646E+00  0.3143656E+01 -0.1374537E+00  0.3362358E+01 -0.3640089E+00  0.3790478E+01  0.3281125E+01
 0.8400000E+03  0.1846565E-01  0.7320471E+00  0.1083037E+00  0.3277332E+01  0.4234718E+01 -0.2414018E+00  0.3138317E+01 -0.1295006E+00  0.3356554E+01 -0.3663134E+00  0.3791285E+01  0.3276690E+01  0.1846565E-01  0.7320471E+00  0.1083037E+00  0.3277332E+01  0.4234718E+01 -0.2414018E+00  0.3138317E+01 -0.1295006E+00  0.3356554E+01 -0.3663134E+00  0.3791285E+01  0.3276690E+01
 0.8500000E+03  0.1738958E-01  0.7388149E+00  0.1093183E+00  0.3272919E+01  0.4234414E+01 -0.2404151E+00  0.3132992E+01 -0.1215079E+00  0.3350753E+01 -0.3685841E+00  0.3792257E+01  0.3272274E+01  0.1738958E-01  0.7388149E+00  0.1093183E+00  0.3272919E+01  0.4234414E+01 -0.2404151E+00  0.3132992E+01 -0.1215079E+00  0.3350753E+01 -0.3685841E+00  0.3792257E+01  0.3272274E+01
 0.8600000E+03  0.1627456E-01  0.7453594E+00  0.1102865E+00  0.3268498E+01  0.4234133E+01 -0.2394063E+00  0.3127684E+01 -0.1134837E+00  0.3344956E+01 -0.3708228E+00  0.3793400E+01  0.3267878E+01  0.1627456E-01  0.7453594E+00  0.1102865E+00  0.3268498E+01  0.4234133E+01 -0.2394063E+00  0.3127684E+01 -0.1134837E+00  0.3344956E+01 -0.3708228E+00  0.3793400E+01  0.3267878E+01
 0.8700000E+03  0.1511831E-01  0.7516746E+00  0.1112064E+00  0.3264070E+01  0.4233881E+01 -0.2383777E+00  0.3122394E+01 -0.1054351E+00  0.3339166E+01 -0.3730320E+00  0.3794721E+01  0.3263502E+01  0.1511831E-01  0.7516746E+00  0.1112064E+00  0.3264070E+01  0.4233881E+01 -0.2383777E+00  0.3122394E+01 -0.1054351E+00  0.3339166E+01 -0.3730320E+00  0.3794721E+01  0.3263502E+01
 0.8800000E+03  0.1391818E-01  0.7577553E+00  0.1120758E+00  0.3259637E+01  0.4233663E+01 -0.2373316E+00  0.3117126E+01 -0.9736873E-01  0.3333386E+01 -0.3752142E+00  0.3796225E+01  0.3259150E+01  0.1391818E-01  0.7577553E+00  0.1120758E+00  0.3259637E+01  0.4233663E+01 -0.2373316E+00  0.3117126E+01 -0.9736873E-01  0.3333386E+01 -0.3752142E+00  0.3796225E+01  0.3259150E+01
 0.8900000E+03  0.1267123E-01  0.7635974E+00  0.1128924E+00  0.3255204E+01  0.4233486E+01 -0.2362706E+00  0.3111882E+01 -0.8929025E-01  0.3327619E+01 -0.3773725E+00  0.3797917E+01  0.3254823E+01  0.1267123E-01  0.7635974E+00  0.1128924E+00  0.3255204E+01  0.4233486E+01 -0.2362706E+00  0.3111882E+01 -0.8929025E-01  0.3327619E+01 -0.3773725E+00  0.3797917E+01  0.3254823E+01
 0.9000000E+03  0.1137420E-01  0.7691975E+00  0.1136533E+00  0.3250772E+01  0.4233353E+01 -0.2351975E+00  0.3106667E+01 -0.8120448E-01  0.3321869E+01 -0.3795102E+00  0.3799800E+01  0.3250523E+01  0.1137420E-01  0.7691975E+00  0.1136533E+00  0.3250772E+01  0.4233353E+01 -0.2351975E+00  0.3106667E+01 -0.8120448E-01  0.3321869E+01 -0.3795102E+00  0.3799800E+01  0.3250523E+01
 0.9100000E+03  0.1002362E-01  0.7745533E+00  0.1143555E+00  0.3246345E+01  0.4233267E+01 -0.2341153E+00  0.3101484E+01 -0.7311535E-01  0.3316139E+01 -0.3816307E+00  0.3801877E+01  0.3246253E+01  0.1002362E-01  0.7745533E+00  0.1143555E+00  0.3246345E+01  0.4233267E+01 -0.2341153E+00  0.3101484E+01 -0.7311535E-01  0.3316139E+01 -0.3816307E+00  0.3801877E+01  0.3246253E+01
 0.9200000E+03  0.8615803E-02  0.7796636E+00  0.1149958E+00  0.3241926E+01  0.4233231E+01 -0.2330274E+00  0.3096338E+01 -0.6502582E-01  0.3310433E+01 -0.3837377E+00  0.3804150E+01  0.3242015E+01  0.8615803E-02  0.7796636E+00  0.1149958E+00  0.3241926E+01  0.4233231E+01 -0.2330274E+00  0.3096338E+01 -0.6502582E-01  0.3310433E+01 -0.3837377E+00  0.3804150E+01  0.3242015E+01
 0.9300000E+03  0.7146946E-02  0.7845282E+00  0.1155705E+00  0.3237519E+01  0.4233247E+01 -0.2319373E+00  0.3091231E+01 -0.5693794E-01  0.3304755E+01 -0.3858351E+00  0.3806619E+01  0.3237814E+01  0.7146946E-02  0.7845282E+00  0.1155705E+00  0.3237519E+01  0.4233247E+01 -0.2319373E+00  0.3091231E+01 -0.5693794E-01  0.3304755E+01 -0.3858351E+00  0.3806619E+01  0.3237814E+01
 0.9400000E+03  0.5613166E-02  0.7891476E+00  0.1160758E+00  0.3233128E+01  0.4233315E+01 -0.2308486E+00  0.3086169E+01 -0.4885283E-01  0.3299109E+01 -0.3879267E+00  0.3809284E+01  0.3233651E+01  0.5613166E-02  0.7891476E+00  0.1160758E+00  0.3233128E+01  0.4233315E+01 -0.2308486E+00  0.3086169E+01 -0.4885283E-01  0.3299109E+01 -0.3879267E+00  0.3809284E+01  0.3233651E+01
 0.9500000E+03  0.4010587E-02  0.7935238E+00  0.1165080E+00  0.3228757E+01  0.4233434E+01 -0.2297651E+00  0.3081155E+01 -0.4077071E-01  0.3293499E+01 -0.3900165E+00  0.3812143E+01  0.3229532E+01  0.4010587E-02  0.7935238E+00  0.1165080E+00  0.3228757E+01  0.4233434E+01 -0.2297651E+00  0.3081155E+01 -0.4077071E-01  0.3293499E+01 -0.3900165E+00  0.3812143E+01  0.3229532E+01
 0.9600000E+03  0.2335405E-02  0.7976594E+00  0.1168628E+00  0.3224408E+01  0.4233603E+01 -0.2286908E+00  0.3076193E+01 -0.3269093E-01  0.3287930E+01 -0.3921080E+00  0.3815194E+01  0.3225458E+01  0.2335405E-02  0.7976594E+00  0.1168628E+00  0.3224408E+01  0.4233603E+01 -0.2286908E+00  0.3076193E+01 -0.3269093E-01  0.3287930E+01 -0.3921080E+00  0.3815194E+01  0.3225458E+01
 0.9700000E+03  0.5839568E-03  0.8015581E+00  0.1171363E+00  0.3220086E+01  0.4233821E+01 -0.2276295E+00  0.3071287E+01 -0.2461206E-01  0.3282407E+01 -0.3942050E+00  0.3818434E+01  0.3221434E+01  0.5839568E-03  0.8015581E+00  0.1171363E+00  0.3220086E+01  0.4233821E+01 -0.2276295E+00  0.3071287E+01 -0.2461206E-01  0.3282407E+01 -0.3942050E+00  0.3818434E+01  0.3221434E+01
 0.9800000E+03 -0.1247218E-02  0.8052241E+00  0.1173243E+00  0.3215793E+01  0.4234083E+01 -0.2265851E+00  0.3066441E+01 -0.1653189E-01  0.3276932E+01 -0.3963109E+00  0.3821859E+01  0.3217463E+01 -0.1247218E-02  0.8052241E+00  0.1173243E+00  0.3215793E+01  0.4234083E+01 -0.2265851E+00  0.3066441E+01 -0.1653189E-01  0.3276932E+01 -0.3963109E+00  0.3821859E+01  0.3217463E+01
 0.9900000E+03 -0.3161321E-02  0.8086629E+00  0.1174229E+00  0.3211533E+01  0.4234388E+01 -0.2255613E+00  0.3061659E+01 -0.8447594E-02  0.3271512E+01 -0.3984287E+00  0.3825464E+01  0.3213549E+01 -0.3161321E-02  0.8086629E+00  0.1174229E+00  0.3211533E+01  0.4234388E+01 -0.2255613E+00  0.3061659E+01 -0.8447594E-02  0.3271512E+01 -0.3984287E+00  0.3825464E+01  0.3213549E+01
 0.1000000E+04 -0.5161254E-02  0.8118802E+00  0.1174280E+00  0.3207308E+01  0.4234730E+01 -0.2245620E+00  0.3056943E+01 -0.3557188E-03  0.3266150E+01 -0.4005613E+00  0.3829244E+01  0.3209695E+01 -0.5161254E-02  0.8118802E+00  0.1174280E+00  0.3207308E+01  0.4234730E+01 -0.2245620E+00  0.3056943E+01 -0.3557188E-03  0.3266150E+01 -0.4005613E+00  0.3829244E+01  0.3209695E+01
 0.1010000E+04 -0.7249583E-02  0.8148826E+00  0.1173360E+00  0.3203120E+01  0.4235105E+01 -0.2235904E+00  0.3052295E+01  0.7747667E-02  0.3260850E+01 -0.4027112E+00  0.3833192E+01  0.3205904E+01 -0.7249583E-02  0.8148826E+00  0.1173360E+00  0.3203120E+01  0.4235105E+01 -0.2235904E+00  0.3052295E+01  0.7747667E-02  0.3260850E+01 -0.4027112E+00  0.3833192E+01  0.3205904E+01
 0.1020000E+04 -0.9428526E-02  0.8176771E+00  0.1171433E+00  0.3198973E+01  0.4235508E+01 -0.2226498E+00  0.3047719E+01  0.1586691E-01  0.3255616E+01 -0.4048804E+00  0.3837302E+01  0.3202180E+01 -0.9428526E-02  0.8176771E+00  0.1171433E+00  0.3198973E+01  0.4235508E+01 -0.2226498E+00  0.3047719E+01  0.1586691E-01  0.3255616E+01 -0.4048804E+00  0.3837302E+01  0.3202180E+01
 0.1030000E+04 -0.1169994E-01  0.8202712E+00  0.1168466E+00  0.3194866E+01  0.4235934E+01 -0.2217433E+00  0.3043217E+01  0.2400666E-01  0.3250451E+01 -0.4070707E+00  0.3841567E+01  0.3198525E+01 -0.1169994E-01  0.8202712E+00  0.1168466E+00  0.3194866E+01  0.4235934E+01 -0.2217433E+00  0.3043217E+01  0.2400666E-01  0.3250451E+01 -0.4070707E+00  0.3841567E+01  0.3198525E+01
 0.1040000E+04 -0.1406534E-01  0.8226726E+00  0.1164429E+00  0.3190803E+01  0.4236377E+01 -0.2208736E+00  0.3038789E+01  0.3217182E-01  0.3245359E+01 -0.4092834E+00  0.3845980E+01  0.3194942E+01 -0.1406534E-01  0.8226726E+00  0.1164429E+00  0.3190803E+01  0.4236377E+01 -0.2208736E+00  0.3038789E+01  0.3217182E-01  0.3245359E+01 -0.4092834E+00  0.3845980E+01  0.3194942E+01
 0.1050000E+04 -0.1652589E-01  0.8248895E+00  0.1159292E+00  0.3186782E+01  0.4236832E+01 -0.2200432E+00  0.3034438E+01  0.4036739E-01  0.3240343E+01 -0.4115197E+00  0.3850533E+01  0.3191433E+01 -0.1652589E-01  0.8248895E+00  0.1159292E+00  0.3186782E+01  0.4236832E+01 -0.2200432E+00  0.3034438E+01  0.4036739E-01  0.3240343E+01 -0.4115197E+00  0.3850533E+01  0.3191433E+01
 0.1060000E+04 -0.1908247E-01  0.8269299E+00  0.1153030E+00  0.3182807E+01  0.4237292E+01 -0.2192542E+00  0.3030164E+01  0.4859843E-01  0.3235405E+01 -0.4137802E+00  0.3855219E+01  0.3188000E+01 -0.1908247E-01  0.8269299E+00  0.1153030E+00  0.3182807E+01  0.4237292E+01 -0.2192542E+00  0.3030164E+01  0.4859843E-01  0.3235405E+01 -0.4137802E+00  0.3855219E+01  0.3188000E+01
 0.1070000E+04 -0.2173568E-01  0.8288022E+00  0.1145620E+00  0.3178875E+01  0.4237753E+01 -0.2185087E+00  0.3025968E+01  0.5686996E-01  0.3230548E+01 -0.4160655E+00  0.3860029E+01  0.3184646E+01 -0.2173568E-01  0.8288022E+00  0.1145620E+00  0.3178875E+01  0.4237753E+01 -0.2185087E+00  0.3025968E+01  0.5686996E-01  0.3230548E+01 -0.4160655E+00  0.3860029E+01  0.3184646E+01
 0.1080000E+04 -0.2448588E-01  0.8305147E+00  0.1137039E+00  0.3174989E+01  0.4238207E+01 -0.2178084E+00  0.3021850E+01  0.6518688E-01  0.3225774E+01 -0.4183757E+00  0.3864956E+01  0.3181371E+01 -0.2448588E-01  0.8305147E+00  0.1137039E+00  0.3174989E+01  0.4238207E+01 -0.2178084E+00  0.3021850E+01  0.6518688E-01  0.3225774E+01 -0.4183757E+00  0.3864956E+01  0.3181371E+01
 0.1090000E+04 -0.2733324E-01  0.8320756E+00  0.1127268E+00  0.3171148E+01  0.4238651E+01 -0.2171549E+00  0.3017812E+01  0.7355390E-01  0.3221086E+01 -0.4207109E+00  0.3869992E+01  0.3178177E+01 -0.2733324E-01  0.8320756E+00  0.1127268E+00  0.3171148E+01  0.4238651E+01 -0.2171549E+00  0.3017812E+01  0.7355390E-01  0.3221086E+01 -0.4207109E+00  0.3869992E+01  0.3178177E+01
 0.1100000E+04 -0.3027776E-01  0.8334929E+00  0.1116290E+00  0.3167352E+01  0.4239078E+01 -0.2165495E+00  0.3013852E+01  0.8197548E-01  0.3216484E+01 -0.4230712E+00  0.3875131E+01  0.3175066E+01 -0.3027776E-01  0.8334929E+00  0.1116290E+00  0.3167352E+01  0.4239078E+01 -0.2165495E+00  0.3013852E+01  0.8197548E-01  0.3216484E+01 -0.4230712E+00  0.3875131E+01  0.3175066E+01
 0.1110000E+04 -0.3331932E-01  0.8347745E+00  0.1104086E+00  0.3163601E+01  0.4239484E+01 -0.2159935E+00  0.3009970E+01  0.9045579E-01  0.3211972E+01 -0.4254562E+00  0.3880364E+01  0.3172038E+01 -0.3331932E-01  0.8347745E+00  0.1104086E+00  0.3163601E+01  0.4239484E+01 -0.2159935E+00  0.3009970E+01  0.9045579E-01  0.3211972E+01 -0.4254562E+00  0.3880364E+01  0.3172038E+01
 0.1120000E+04 -0.3645774E-01  0.8359282E+00  0.1090641E+00  0.3159894E+01  0.4239864E+01 -0.2154878E+00  0.3006168E+01  0.9899865E-01  0.3207550E+01 -0.4278657E+00  0.3885685E+01  0.3169096E+01 -0.3645774E-01  0.8359282E+00  0.1090641E+00  0.3159894E+01  0.4239864E+01 -0.2154878E+00  0.3006168E+01  0.9899865E-01  0.3207550E+01 -0.4278657E+00  0.3885685E+01  0.3169096E+01
 0.1130000E+04 -0.3969272E-01  0.8369612E+00  0.1075942E+00  0.3156231E+01  0.4240214E+01 -0.2150336E+00  0.3002444E+01  0.1076075E+00  0.3203220E+01 -0.4302995E+00  0.3891086E+01  0.3166239E+01 -0.3969272E-01  0.8369612E+00  0.1075942E+00  0.3156231E+01  0.4240214E+01 -0.2150336E+00  0.3002444E+01  0.1076075E+00  0.3203220E+01 -0.4302995E+00  0.3891086E+01  0.3166239E+01
 0.1140000E+04 -0.4302396E-01  0.8378807E+00  0.1059974E+00  0.3152613E+01  0.4240530E+01 -0.2146316E+00  0.2998798E+01  0.1162855E+00  0.3198983E+01 -0.4327572E+00  0.3896562E+01  0.3163469E+01 -0.4302396E-01  0.8378807E+00  0.1059974E+00  0.3152613E+01  0.4240530E+01 -0.2146316E+00  0.2998798E+01  0.1162855E+00  0.3198983E+01 -0.4327572E+00  0.3896562E+01  0.3163469E+01
 0.1150000E+04 -0.4645111E-01  0.8386936E+00  0.1042723E+00  0.3149038E+01  0.4240809E+01 -0.2142826E+00  0.2995230E+01  0.1250352E+00  0.3194841E+01 -0.4352387E+00  0.3902107E+01  0.3160786E+01 -0.4645111E-01  0.8386936E+00  0.1042723E+00  0.3149038E+01  0.4240809E+01 -0.2142826E+00  0.2995230E+01  0.1250352E+00  0.3194841E+01 -0.4352387E+00  0.3902107E+01  0.3160786E+01
 0.1160000E+04 -0.4997381E-01  0.8394062E+00  0.1024179E+00  0.3145507E+01  0.4241047E+01 -0.2139874E+00  0.2991740E+01  0.1338589E+00  0.3190794E+01 -0.4377435E+00  0.3907713E+01  0.3158193E+01 -0.4997381E-01  0.8394062E+00  0.1024179E+00  0.3145507E+01  0.4241047E+01 -0.2139874E+00  0.2991740E+01  0.1338589E+00  0.3190794E+01 -0.4377435E+00  0.3907713E+01  0.3158193E+01
 0.1170000E+04 -0.5359168E-01  0.8400249E+00  0.1004328E+00  0.3142019E+01  0.4241243E+01 -0.2137467E+00  0.2988327E+01  0.1427584E+00  0.3186844E+01 -0.4402716E+00  0.3913377E+01  0.3155688E+01 -0.5359168E-01  0.8400249E+00  0.1004328E+00  0.3142019E+01  0.4241243E+01 -0.2137467E+00  0.2988327E+01  0.1427584E+00  0.3186844E+01 -0.4402716E+00  0.3913377E+01  0.3155688E+01
 0.1180000E+04 -0.5730434E-01  0.8405555E+00  0.9831600E-01  0.3138575E+01  0.4241393E+01 -0.2135608E+00  0.2984991E+01  0.1517353E+00  0.3182992E+01 -0.4428227E+00  0.3919092E+01  0.3153273E+01 -0.5730434E-01  0.8405555E+00  0.9831600E-01  0.3138575E+01  0.4241393E+01 -0.2135608E+00  0.2984991E+01  0.1517353E+00  0.3182992E+01 -0.4428227E+00  0.3919092E+01  0.3153273E+01
 0.1190000E+04 -0.6111139E-01  0.8410034E+00  0.9606644E-01  0.3135174E+01  0.4241496E+01 -0.2134305E+00  0.2981732E+01  0.1607905E+00  0.3179238E+01 -0.4453967E+00  0.3924855E+01  0.3150949E+01 -0.6111139E-01  0.8410034E+00  0.9606644E-01  0.3135174E+01  0.4241496E+01 -0.2134305E+00  0.2981732E+01  0.1607905E+00  0.3179238E+01 -0.4453967E+00  0.3924855E+01  0.3150949E+01
 0.1200000E+04 -0.6501242E-01  0.8413741E+00  0.9368313E-01  0.3131815E+01  0.4241551E+01 -0.2133561E+00  0.2978549E+01  0.1699248E+00  0.3175584E+01 -0.4479935E+00  0.3930659E+01  0.3148717E+01 -0.6501242E-01  0.8413741E+00  0.9368313E-01  0.3131815E+01  0.4241551E+01 -0.2133561E+00  0.2978549E+01  0.1699248E+00  0.3175584E+01 -0.4479935E+00  0.3930659E+01  0.3148717E+01
 0.1210000E+04 -0.6900700E-01  0.8416726E+00  0.9116518E-01  0.3128500E+01  0.4241555E+01 -0.2133379E+00  0.2975442E+01  0.1791384E+00  0.3172030E+01 -0.4506131E+00  0.3936502E+01  0.3146576E+01 -0.6900700E-01  0.8416726E+00  0.9116518E-01  0.3128500E+01  0.4241555E+01 -0.2133379E+00  0.2975442E+01  0.1791384E+00  0.3172030E+01 -0.4506131E+00  0.3936502E+01  0.3146576E+01
 0.1220000E+04 -0.7309466E-01  0.8419034E+00  0.8851177E-01  0.3125228E+01  0.4241510E+01 -0.2133764E+00  0.2972411E+01  0.1884315E+00  0.3168577E+01 -0.4532554E+00  0.3942378E+01  0.3144528E+01 -0.7309466E-01  0.8419034E+00  0.8851177E-01  0.3125228E+01  0.4241510E+01 -0.2133764E+00  0.2972411E+01  0.1884315E+00  0.3168577E+01 -0.4532554E+00  0.3942378E+01  0.3144528E+01
 0.1230000E+04 -0.7727491E-01  0.8420712E+00  0.8572217E-01  0.3121998E+01  0.4241413E+01 -0.2134716E+00  0.2969454E+01  0.1978037E+00  0.3165225E+01 -0.4559206E+00  0.3948285E+01  0.3142573E+01 -0.7727491E-01  0.8420712E+00  0.8572217E-01  0.3121998E+01  0.4241413E+01 -0.2134716E+00  0.2969454E+01  0.1978037E+00  0.3165225E+01 -0.4559206E+00  0.3948285E+01  0.3142573E+01
 0.1240000E+04 -0.8154721E-01  0.8421800E+00  0.8279574E-01  0.3118812E+01  0.4241265E+01 -0.2136238E+00  0.2966573E+01  0.2072545E+00  0.3161974E+01 -0.4586085E+00  0.3954219E+01  0.3140711E+01 -0.8154721E-01  0.8421800E+00  0.8279574E-01  0.3118812E+01  0.4241265E+01 -0.2136238E+00  0.2966573E+01  0.2072545E+00  0.3161974E+01 -0.4586085E+00  0.3954219E+01  0.3140711E+01
 0.1250000E+04 -0.8591098E-01  0.8422340E+00  0.7973198E-01  0.3115669E+01  0.4241066E+01 -0.2138331E+00  0.2963765E+01  0.2167828E+00  0.3158826E+01 -0.4613194E+00  0.3960176E+01  0.3138943E+01 -0.8591098E-01  0.8422340E+00  0.7973198E-01  0.3115669E+01  0.4241066E+01 -0.2138331E+00  0.2963765E+01  0.2167828E+00  0.3158826E+01 -0.4613194E+00  0.3960176E+01  0.3138943E+01
 0.1260000E+04 -0.9036557E-01  0.8422369E+00  0.7653049E-01  0.3112570E+01  0.4240816E+01 -0.2140993E+00  0.2961032E+01  0.2263877E+00  0.3155780E+01 -0.4640533E+00  0.3966153E+01  0.3137269E+01 -0.9036557E-01  0.8422369E+00  0.7653049E-01  0.3112570E+01  0.4240816E+01 -0.2140993E+00  0.2961032E+01  0.2263877E+00  0.3155780E+01 -0.4640533E+00  0.3966153E+01  0.3137269E+01
 0.1270000E+04 -0.9491028E-01  0.8421922E+00  0.7319098E-01  0.3109513E+01  0.4240516E+01 -0.2144225E+00  0.2958371E+01  0.2360678E+00  0.3152836E+01 -0.4668104E+00  0.3972149E+01  0.3135689E+01 -0.9491028E-01  0.8421922E+00  0.7319098E-01  0.3109513E+01  0.4240516E+01 -0.2144225E+00  0.2958371E+01  0.2360678E+00  0.3152836E+01 -0.4668104E+00  0.3972149E+01  0.3135689E+01
 0.1280000E+04 -0.9954431E-01  0.8421033E+00  0.6971332E-01  0.3106500E+01  0.4240166E+01 -0.2148024E+00  0.2955783E+01  0.2458216E+00  0.3149994E+01 -0.4695908E+00  0.3978158E+01  0.3134204E+01 -0.9954431E-01  0.8421033E+00  0.6971332E-01  0.3106500E+01  0.4240166E+01 -0.2148024E+00  0.2955783E+01  0.2458216E+00  0.3149994E+01 -0.4695908E+00  0.3978158E+01  0.3134204E+01
 0.1290000E+04 -0.1042668E+00  0.8419734E+00  0.6609750E-01  0.3103530E+01  0.4239768E+01 -0.2152389E+00  0.2953266E+01  0.2556472E+00  0.3147255E+01 -0.4723945E+00  0.3984181E+01  0.3132812E+01 -0.1042668E+00  0.8419734E+00  0.6609750E-01  0.3103530E+01  0.4239768E+01 -0.2152389E+00  0.2953266E+01  0.2556472E+00  0.3147255E+01 -0.4723945E+00  0.3984181E+01  0.3132812E+01
 0.1300000E+04 -0.1090769E+00  0.8418055E+00  0.6234369E-01  0.3100603E+01  0.4239323E+01 -0.2157316E+00  0.2950821E+01  0.2655428E+00  0.3144617E+01 -0.4752218E+00  0.3990213E+01  0.3131515E+01 -0.1090769E+00  0.8418055E+00  0.6234369E-01  0.3100603E+01  0.4239323E+01 -0.2157316E+00  0.2950821E+01  0.2655428E+00  0.3144617E+01 -0.4752218E+00  0.3990213E+01  0.3131515E+01
 0.1310000E+04 -0.1139734E+00  0.8416024E+00  0.5845218E-01  0.3097720E+01  0.4238831E+01 -0.2162800E+00  0.2948446E+01  0.2755064E+00  0.3142081E+01 -0.4780727E+00  0.3996254E+01  0.3130311E+01 -0.1139734E+00  0.8416024E+00  0.5845218E-01  0.3097720E+01  0.4238831E+01 -0.2162800E+00  0.2948446E+01  0.2755064E+00  0.3142081E+01 -0.4780727E+00  0.3996254E+01  0.3130311E+01
 0.1320000E+04 -0.1189554E+00  0.8413669E+00  0.5442344E-01  0.3094881E+01  0.4238295E+01 -0.2168837E+00  0.2946140E+01  0.2855356E+00  0.3139645E+01 -0.4809474E+00  0.4002300E+01  0.3129200E+01 -0.1189554E+00  0.8413669E+00  0.5442344E-01  0.3094881E+01  0.4238295E+01 -0.2168837E+00  0.2946140E+01  0.2855356E+00  0.3139645E+01 -0.4809474E+00  0.4002300E+01  0.3129200E+01
 0.1330000E+04 -0.1240216E+00  0.8411013E+00  0.5025812E-01  0.3092084E+01  0.4237716E+01 -0.2175423E+00  0.2943902E+01  0.2956283E+00  0.3137309E+01 -0.4838460E+00  0.4008351E+01  0.3128183E+01 -0.1240216E+00  0.8411013E+00  0.5025812E-01  0.3092084E+01  0.4237716E+01 -0.2175423E+00  0.2943902E+01  0.2956283E+00  0.3137309E+01 -0.4838460E+00  0.4008351E+01  0.3128183E+01
 0.1340000E+04 -0.1291708E+00  0.8408080E+00  0.4595704E-01  0.3089331E+01  0.4237096E+01 -0.2182550E+00  0.2941731E+01  0.3057820E+00  0.3135073E+01 -0.4867686E+00  0.4014404E+01  0.3127258E+01 -0.1291708E+00  0.8408080E+00  0.4595704E-01  0.3089331E+01  0.4237096E+01 -0.2182550E+00  0.2941731E+01  0.3057820E+00  0.3135073E+01 -0.4867686E+00  0.4014404E+01  0.3127258E+01
 0.1350000E+04 -0.1344015E+00  0.8404893E+00  0.4152119E-01  0.3086620E+01  0.4236436E+01 -0.2190213E+00  0.2939627E+01  0.3159942E+00  0.3132936E+01 -0.4897152E+00  0.4020458E+01  0.3126424E+01 -0.1344015E+00  0.8404893E+00  0.4152119E-01  0.3086620E+01  0.4236436E+01 -0.2190213E+00  0.2939627E+01  0.3159942E+00  0.3132936E+01 -0.4897152E+00  0.4020458E+01  0.3126424E+01
 0.1360000E+04 -0.1397123E+00  0.8401471E+00  0.3695177E-01  0.3083953E+01  0.4235738E+01 -0.2198404E+00  0.2937588E+01  0.3262623E+00  0.3130896E+01 -0.4926859E+00  0.4026512E+01  0.3125681E+01 -0.1397123E+00  0.8401471E+00  0.3695177E-01  0.3083953E+01  0.4235738E+01 -0.2198404E+00  0.2937588E+01  0.3262623E+00  0.3130896E+01 -0.4926859E+00  0.4026512E+01  0.3125681E+01
 0.1370000E+04 -0.1451017E+00  0.8397833E+00  0.3225016E-01  0.3081328E+01  0.4235005E+01 -0.2207116E+00  0.2935613E+01  0.3365838E+00  0.3128953E+01 -0.4956808E+00  0.4032564E+01  0.3125027E+01 -0.1451017E+00  0.8397833E+00  0.3225016E-01  0.3081328E+01  0.4235005E+01 -0.2207116E+00  0.2935613E+01  0.3365838E+00  0.3128953E+01 -0.4956808E+00  0.4032564E+01  0.3125027E+01
 0.1380000E+04 -0.1505681E+00  0.8393997E+00  0.2741792E-01  0.3078745E+01  0.4234238E+01 -0.2216341E+00  0.2933700E+01  0.3469558E+00  0.3127105E+01 -0.4986998E+00  0.4038614E+01  0.3124462E+01 -0.1505681E+00  0.8393997E+00  0.2741792E-01  0.3078745E+01  0.4234238E+01 -0.2216341E+00  0.2933700E+01  0.3469558E+00  0.3127105E+01 -0.4986998E+00  0.4038614E+01  0.3124462E+01
 0.1390000E+04 -0.1561097E+00  0.8389978E+00  0.2245685E-01  0.3076204E+01  0.4233440E+01 -0.2226072E+00  0.2931848E+01  0.3573757E+00  0.3125350E+01 -0.5017429E+00  0.4044660E+01  0.3123985E+01 -0.1561097E+00  0.8389978E+00  0.2245685E-01  0.3076204E+01  0.4233440E+01 -0.2226072E+00  0.2931848E+01  0.3573757E+00  0.3125350E+01 -0.5017429E+00  0.4044660E+01  0.3123985E+01
 0.1400000E+04 -0.1617248E+00  0.8385792E+00  0.1736891E-01  0.3073704E+01  0.4232611E+01 -0.2236299E+00  0.2930056E+01  0.3678407E+00  0.3123689E+01 -0.5048102E+00  0.4050701E+01  0.3123593E+01 -0.1617248E+00  0.8385792E+00  0.1736891E-01  0.3073704E+01  0.4232611E+01 -0.2236299E+00  0.2930056E+01  0.3678407E+00  0.3123689E+01 -0.5048102E+00  0.4050701E+01  0.3123593E+01
 0.1410000E+04 -0.1674115E+00  0.8381450E+00  0.1215630E-01  0.3071246E+01  0.4231756E+01 -0.2247014E+00  0.2928323E+01  0.3783482E+00  0.3122119E+01 -0.5079015E+00  0.4056737E+01  0.3123285E+01 -0.1674115E+00  0.8381450E+00  0.1215630E-01  0.3071246E+01  0.4231756E+01 -0.2247014E+00  0.2928323E+01  0.3783482E+00  0.3122119E+01 -0.5079015E+00  0.4056737E+01  0.3123285E+01
 0.1420000E+04 -0.1731678E+00  0.8376965E+00  0.6821404E-02  0.3068828E+01  0.4230874E+01 -0.2258209E+00  0.2926647E+01  0.3888953E+00  0.3120638E+01 -0.5110167E+00  0.4062767E+01  0.3123060E+01 -0.1731678E+00  0.8376965E+00  0.6821404E-02  0.3068828E+01  0.4230874E+01 -0.2258209E+00  0.2926647E+01  0.3888953E+00  0.3120638E+01 -0.5110167E+00  0.4062767E+01  0.3123060E+01
 0.1430000E+04 -0.1789919E+00  0.8372346E+00  0.1366820E-02  0.3066450E+01  0.4229970E+01 -0.2269875E+00  0.2925026E+01  0.3994793E+00  0.3119245E+01 -0.5141557E+00  0.4068791E+01  0.3122916E+01 -0.1789919E+00  0.8372346E+00  0.1366820E-02  0.3066450E+01  0.4229970E+01 -0.2269875E+00  0.2925026E+01  0.3994793E+00  0.3119245E+01 -0.5141557E+00  0.4068791E+01  0.3122916E+01
 0.1440000E+04 -0.1848816E+00  0.8367603E+00 -0.4204649E-02  0.3064111E+01  0.4229044E+01 -0.2282003E+00  0.2923459E+01  0.4100975E+00  0.3117939E+01 -0.5173183E+00  0.4074809E+01  0.3122851E+01 -0.1848816E+00  0.8367603E+00 -0.4204649E-02  0.3064111E+01  0.4229044E+01 -0.2282003E+00  0.2923459E+01  0.4100975E+00  0.3117939E+01 -0.5173183E+00  0.4074809E+01  0.3122851E+01
 0.1450000E+04 -0.1908348E+00  0.8362742E+00 -0.9889999E-02  0.3061811E+01  0.4228099E+01 -0.2294583E+00  0.2921945E+01  0.4207471E+00  0.3116716E+01 -0.5205043E+00  0.4080820E+01  0.3122863E+01 -0.1908348E+00  0.8362742E+00 -0.9889999E-02  0.3061811E+01  0.4228099E+01 -0.2294583E+00  0.2921945E+01  0.4207471E+00  0.3116716E+01 -0.5205043E+00  0.4080820E+01  0.3122863E+01
 0.1460000E+04 -0.1968495E+00  0.8357771E+00 -0.1568603E-01  0.3059548E+01  0.4227137E+01 -0.2307608E+00  0.2920481E+01  0.4314256E+00  0.3115576E+01 -0.5237134E+00  0.4086824E+01  0.3122950E+01 -0.1968495E+00  0.8357771E+00 -0.1568603E-01  0.3059548E+01  0.4227137E+01 -0.2307608E+00  0.2920481E+01  0.4314256E+00  0.3115576E+01 -0.5237134E+00  0.4086824E+01  0.3122950E+01
 0.1470000E+04 -0.2029235E+00  0.8352693E+00 -0.2158933E-01  0.3057323E+01  0.4226160E+01 -0.2321068E+00  0.2919067E+01  0.4421302E+00  0.3114517E+01 -0.5269454E+00  0.4092822E+01  0.3123109E+01 -0.2029235E+00  0.8352693E+00 -0.2158933E-01  0.3057323E+01  0.4226160E+01 -0.2321068E+00  0.2919067E+01  0.4421302E+00  0.3114517E+01 -0.5269454E+00  0.4092822E+01  0.3123109E+01
 0.1480000E+04 -0.2090545E+00  0.8347513E+00 -0.2759632E-01  0.3055133E+01  0.4225170E+01 -0.2334954E+00  0.2917701E+01  0.4528583E+00  0.3113535E+01 -0.5301999E+00  0.4098814E+01  0.3123338E+01 -0.2090545E+00  0.8347513E+00 -0.2759632E-01  0.3055133E+01  0.4225170E+01 -0.2334954E+00  0.2917701E+01  0.4528583E+00  0.3113535E+01 -0.5301999E+00  0.4098814E+01  0.3123338E+01
 0.1490000E+04 -0.2152403E+00  0.8342233E+00 -0.3370324E-01  0.3052978E+01  0.4224169E+01 -0.2349256E+00  0.2916380E+01  0.4636074E+00  0.3112630E+01 -0.5334765E+00  0.4104799E+01  0.3123635E+01 -0.2152403E+00  0.8342233E+00 -0.3370324E-01  0.3052978E+01  0.4224169E+01 -0.2349256E+00  0.2916380E+01  0.4636074E+00  0.3112630E+01 -0.5334765E+00  0.4104799E+01  0.3123635E+01
 0.1500000E+04 -0.2214787E+00  0.8336854E+00 -0.3990615E-01  0.3050858E+01  0.4223159E+01 -0.2363966E+00  0.2915104E+01  0.4743749E+00  0.3111798E+01 -0.5367748E+00  0.4110779E+01  0.3123998E+01 -0.2214787E+00  0.8336854E+00 -0.3990615E-01  0.3050858E+01  0.4223159E+01 -0.2363966E+00  0.2915104E+01  0.4743749E+00  0.3111798E+01 -0.5367748E+00  0.4110779E+01  0.3123998E+01
 0.1510000E+04 -0.2277675E+00  0.8331378E+00 -0.4620095E-01  0.3048770E+01  0.4222142E+01 -0.2379075E+00  0.2913871E+01  0.4851584E+00  0.3111038E+01 -0.5400944E+00  0.4116754E+01  0.3124423E+01 -0.2277675E+00  0.8331378E+00 -0.4620095E-01  0.3048770E+01  0.4222142E+01 -0.2379075E+00  0.2913871E+01  0.4851584E+00  0.3111038E+01 -0.5400944E+00  0.4116754E+01  0.3124423E+01
 0.1520000E+04 -0.2341044E+00  0.8325803E+00 -0.5258339E-01  0.3046715E+01  0.4221119E+01 -0.2394571E+00  0.2912679E+01  0.4959555E+00  0.3110346E+01 -0.5434347E+00  0.4122724E+01  0.3124908E+01 -0.2341044E+00  0.8325803E+00 -0.5258339E-01  0.3046715E+01  0.4221119E+01 -0.2394571E+00  0.2912679E+01  0.4959555E+00  0.3110346E+01 -0.5434347E+00  0.4122724E+01  0.3124908E+01
 0.1530000E+04 -0.2404871E+00  0.8320129E+00 -0.5904910E-01  0.3044690E+01  0.4220092E+01 -0.2410447E+00  0.2911527E+01  0.5067637E+00  0.3109721E+01 -0.5467953E+00  0.4128690E+01  0.3125450E+01 -0.2404871E+00  0.8320129E+00 -0.5904910E-01  0.3044690E+01  0.4220092E+01 -0.2410447E+00  0.2911527E+01  0.5067637E+00  0.3109721E+01 -0.5467953E+00  0.4128690E+01  0.3125450E+01
 0.1540000E+04 -0.2469135E+00  0.8314354E+00 -0.6559358E-01  0.3042695E+01  0.4219063E+01 -0.2426690E+00  0.2910412E+01  0.5175809E+00  0.3109159E+01 -0.5501754E+00  0.4134653E+01  0.3126046E+01 -0.2469135E+00  0.8314354E+00 -0.6559358E-01  0.3042695E+01  0.4219063E+01 -0.2426690E+00  0.2910412E+01  0.5175809E+00  0.3109159E+01 -0.5501754E+00  0.4134653E+01  0.3126046E+01
 0.1550000E+04 -0.2533813E+00  0.8308476E+00 -0.7221223E-01  0.3040728E+01  0.4218034E+01 -0.2443292E+00  0.2909334E+01  0.5284048E+00  0.3108658E+01 -0.5535746E+00  0.4140614E+01  0.3126694E+01 -0.2533813E+00  0.8308476E+00 -0.7221223E-01  0.3040728E+01  0.4218034E+01 -0.2443292E+00  0.2909334E+01  0.5284048E+00  0.3108658E+01 -0.5535746E+00  0.4140614E+01  0.3126694E+01
 0.1560000E+04 -0.2598883E+00  0.8302490E+00 -0.7890034E-01  0.3038788E+01  0.4217007E+01 -0.2460239E+00  0.2908291E+01  0.5392332E+00  0.3108215E+01 -0.5569920E+00  0.4146573E+01  0.3127390E+01 -0.2598883E+00  0.8302490E+00 -0.7890034E-01  0.3038788E+01  0.4217007E+01 -0.2460239E+00  0.2908291E+01  0.5392332E+00  0.3108215E+01 -0.5569920E+00  0.4146573E+01  0.3127390E+01
 0.1570000E+04 -0.2664324E+00  0.8296395E+00 -0.8565318E-01  0.3036874E+01  0.4215982E+01 -0.2477521E+00  0.2907281E+01  0.5500640E+00  0.3107827E+01 -0.5604271E+00  0.4152532E+01  0.3128132E+01 -0.2664324E+00  0.8296395E+00 -0.8565318E-01  0.3036874E+01  0.4215982E+01 -0.2477521E+00  0.2907281E+01  0.5500640E+00  0.3107827E+01 -0.5604271E+00  0.4152532E+01  0.3128132E+01
 0.1580000E+04 -0.2730116E+00  0.8290188E+00 -0.9246592E-01  0.3034984E+01  0.4214961E+01 -0.2495125E+00  0.2906303E+01  0.5608951E+00  0.3107490E+01 -0.5638790E+00  0.4158491E+01  0.3128917E+01 -0.2730116E+00  0.8290188E+00 -0.9246592E-01  0.3034984E+01  0.4214961E+01 -0.2495125E+00  0.2906303E+01  0.5608951E+00  0.3107490E+01 -0.5638790E+00  0.4158491E+01  0.3128917E+01
 0.1590000E+04 -0.2796237E+00  0.8283863E+00 -0.9933372E-01  0.3033118E+01  0.4213946E+01 -0.2513038E+00  0.2905356E+01  0.5717248E+00  0.3107203E+01 -0.5673470E+00  0.4164451E+01  0.3129741E+01 -0.2796237E+00  0.8283863E+00 -0.9933372E-01  0.3033118E+01  0.4213946E+01 -0.2513038E+00  0.2905356E+01  0.5717248E+00  0.3107203E+01 -0.5673470E+00  0.4164451E+01  0.3129741E+01
 0.1600000E+04 -0.2862668E+00  0.8277419E+00 -0.1062517E+00  0.3031274E+01  0.4212938E+01 -0.2531246E+00  0.2904437E+01  0.5825511E+00  0.3106960E+01 -0.5708303E+00  0.4170413E+01  0.3130602E+01 -0.2862668E+00  0.8277419E+00 -0.1062517E+00  0.3031274E+01  0.4212938E+01 -0.2531246E+00  0.2904437E+01  0.5825511E+00  0.3106960E+01 -0.5708303E+00  0.4170413E+01  0.3130602E+01
 0.1610000E+04 -0.2929390E+00  0.8270851E+00 -0.1132151E+00  0.3029450E+01  0.4211938E+01 -0.2549733E+00  0.2903546E+01  0.5933723E+00  0.3106760E+01 -0.5743281E+00  0.4176378E+01  0.3131497E+01 -0.2929390E+00  0.8270851E+00 -0.1132151E+00  0.3029450E+01  0.4211938E+01 -0.2549733E+00  0.2903546E+01  0.5933723E+00  0.3106760E+01 -0.5743281E+00  0.4176378E+01  0.3131497E+01
 0.1620000E+04 -0.2996384E+00  0.8264158E+00 -0.1202190E+00  0.3027645E+01  0.4210947E+01 -0.2568485E+00  0.2902680E+01  0.6041868E+00  0.3106598E+01 -0.5778395E+00  0.4182346E+01  0.3132423E+01 -0.2996384E+00  0.8264158E+00 -0.1202190E+00  0.3027645E+01  0.4210947E+01 -0.2568485E+00  0.2902680E+01  0.6041868E+00  0.3106598E+01 -0.5778395E+00  0.4182346E+01  0.3132423E+01
 0.1630000E+04 -0.3063632E+00  0.8257337E+00 -0.1272587E+00  0.3025858E+01  0.4209967E+01 -0.2587484E+00  0.2901840E+01  0.6149930E+00  0.3106471E+01 -0.5813636E+00  0.4188319E+01  0.3133377E+01 -0.3063632E+00  0.8257337E+00 -0.1272587E+00  0.3025858E+01  0.4209967E+01 -0.2587484E+00  0.2901840E+01  0.6149930E+00  0.3106471E+01 -0.5813636E+00  0.4188319E+01  0.3133377E+01
 0.1640000E+04 -0.3131117E+00  0.8250386E+00 -0.1343295E+00  0.3024088E+01  0.4208997E+01 -0.2606713E+00  0.2901023E+01  0.6257897E+00  0.3106376E+01 -0.5848996E+00  0.4194297E+01  0.3134356E+01 -0.3131117E+00  0.8250386E+00 -0.1343295E+00  0.3024088E+01  0.4208997E+01 -0.2606713E+00  0.2901023E+01  0.6257897E+00  0.3106376E+01 -0.5848996E+00  0.4194297E+01  0.3134356E+01
 0.1650000E+04 -0.3198824E+00  0.8243306E+00 -0.1414267E+00  0.3022334E+01  0.4208038E+01 -0.2626154E+00  0.2900229E+01  0.6365755E+00  0.3106308E+01 -0.5884466E+00  0.4200280E+01  0.3135358E+01 -0.3198824E+00  0.8243306E+00 -0.1414267E+00  0.3022334E+01  0.4208038E+01 -0.2626154E+00  0.2900229E+01  0.6365755E+00  0.3106308E+01 -0.5884466E+00  0.4200280E+01  0.3135358E+01
 0.1660000E+04 -0.3266737E+00  0.8236096E+00 -0.1485459E+00  0.3020593E+01  0.4207092E+01 -0.2645787E+00  0.2899456E+01  0.6473495E+00  0.3106265E+01 -0.5920036E+00  0.4206270E+01  0.3136379E+01 -0.3266737E+00  0.8236096E+00 -0.1485459E+00  0.3020593E+01  0.4207092E+01 -0.2645787E+00  0.2899456E+01  0.6473495E+00  0.3106265E+01 -0.5920036E+00  0.4206270E+01  0.3136379E+01
 0.1670000E+04 -0.3334841E+00  0.8228758E+00 -0.1556827E+00  0.3018865E+01  0.4206159E+01 -0.2665593E+00  0.2898703E+01  0.6581108E+00  0.3106242E+01 -0.5955698E+00  0.4212266E+01  0.3137417E+01 -0.3334841E+00  0.8228758E+00 -0.1556827E+00  0.3018865E+01  0.4206159E+01 -0.2665593E+00  0.2898703E+01  0.6581108E+00  0.3106242E+01 -0.5955698E+00  0.4212266E+01  0.3137417E+01
 0.1680000E+04 -0.3403125E+00  0.8221296E+00 -0.1628328E+00  0.3017149E+01  0.4205238E+01 -0.2685551E+00  0.2897969E+01  0.6688587E+00  0.3106236E+01 -0.5991442E+00  0.4218268E+01  0.3138469E+01 -0.3403125E+00  0.8221296E+00 -0.1628328E+00  0.3017149E+01  0.4205238E+01 -0.2685551E+00  0.2897969E+01  0.6688587E+00  0.3106236E+01 -0.5991442E+00  0.4218268E+01  0.3138469E+01
 0.1690000E+04 -0.3471575E+00  0.8213715E+00 -0.1699921E+00  0.3015444E+01  0.4204331E+01 -0.2705640E+00  0.2897253E+01  0.6795928E+00  0.3106244E+01 -0.6027260E+00  0.4224276E+01  0.3139533E+01 -0.3471575E+00  0.8213715E+00 -0.1699921E+00  0.3015444E+01  0.4204331E+01 -0.2705640E+00  0.2897253E+01  0.6795928E+00  0.3106244E+01 -0.6027260E+00  0.4224276E+01  0.3139533E+01
 0.1700000E+04 -0.3540181E+00  0.8206021E+00 -0.1771569E+00  0.3013748E+01  0.4203436E+01 -0.2725839E+00  0.2896554E+01  0.6903127E+00  0.3106261E+01 -0.6063140E+00  0.4230290E+01  0.3140607E+01 -0.3540181E+00  0.8206021E+00 -0.1771569E+00  0.3013748E+01  0.4203436E+01 -0.2725839E+00  0.2896554E+01  0.6903127E+00  0.3106261E+01 -0.6063140E+00  0.4230290E+01  0.3140607E+01
 0.1710000E+04 -0.3608931E+00  0.8198223E+00 -0.1843235E+00  0.3012061E+01  0.4202553E+01 -0.2746126E+00  0.2895872E+01  0.7010186E+00  0.3106284E+01 -0.6099076E+00  0.4236310E+01  0.3141688E+01 -0.3608931E+00  0.8198223E+00 -0.1843235E+00  0.3012061E+01  0.4202553E+01 -0.2746126E+00  0.2895872E+01  0.7010186E+00  0.3106284E+01 -0.6099076E+00  0.4236310E+01  0.3141688E+01
 0.1720000E+04 -0.3677818E+00  0.8190332E+00 -0.1914883E+00  0.3010381E+01  0.4201682E+01 -0.2766479E+00  0.2895205E+01  0.7117106E+00  0.3106310E+01 -0.6135056E+00  0.4242335E+01  0.3142774E+01 -0.3677818E+00  0.8190332E+00 -0.1914883E+00  0.3010381E+01  0.4201682E+01 -0.2766479E+00  0.2895205E+01  0.7117106E+00  0.3106310E+01 -0.6135056E+00  0.4242335E+01  0.3142774E+01
 0.1730000E+04 -0.3746832E+00  0.8182361E+00 -0.1986481E+00  0.3008707E+01  0.4200821E+01 -0.2786877E+00  0.2894554E+01  0.7223892E+00  0.3106335E+01 -0.6171072E+00  0.4248363E+01  0.3143864E+01 -0.3746832E+00  0.8182361E+00 -0.1986481E+00  0.3008707E+01  0.4200821E+01 -0.2786877E+00  0.2894554E+01  0.7223892E+00  0.3106335E+01 -0.6171072E+00  0.4248363E+01  0.3143864E+01
 0.1740000E+04 -0.3815966E+00  0.8174326E+00 -0.2058001E+00  0.3007039E+01  0.4199971E+01 -0.2807298E+00  0.2893916E+01  0.7330552E+00  0.3106357E+01 -0.6207114E+00  0.4254394E+01  0.3144954E+01 -0.3815966E+00  0.8174326E+00 -0.2058001E+00  0.3007039E+01  0.4199971E+01 -0.2807298E+00  0.2893916E+01  0.7330552E+00  0.3106357E+01 -0.6207114E+00  0.4254394E+01  0.3144954E+01
 0.1750000E+04 -0.3885212E+00  0.8166246E+00 -0.2129414E+00  0.3005374E+01  0.4199128E+01 -0.2827722E+00  0.2893292E+01  0.7437097E+00  0.3106371E+01 -0.6243172E+00  0.4260426E+01  0.3146044E+01 -0.3885212E+00  0.8166246E+00 -0.2129414E+00  0.3005374E+01  0.4199128E+01 -0.2827722E+00  0.2893292E+01  0.7437097E+00  0.3106371E+01 -0.6243172E+00  0.4260426E+01  0.3146044E+01
 0.1760000E+04 -0.3954565E+00  0.8158141E+00 -0.2200695E+00  0.3003713E+01  0.4198293E+01 -0.2848129E+00  0.2892681E+01  0.7543538E+00  0.3106376E+01 -0.6279235E+00  0.4266457E+01  0.3147132E+01 -0.3954565E+00  0.8158141E+00 -0.2200695E+00  0.3003713E+01  0.4198293E+01 -0.2848129E+00  0.2892681E+01  0.7543538E+00  0.3106376E+01 -0.6279235E+00  0.4266457E+01  0.3147132E+01
 0.1770000E+04 -0.4024018E+00  0.8150033E+00 -0.2271823E+00  0.3002055E+01  0.4197463E+01 -0.2868498E+00  0.2892082E+01  0.7649892E+00  0.3106368E+01 -0.6315294E+00  0.4272485E+01  0.3148217E+01 -0.4024018E+00  0.8150033E+00 -0.2271823E+00  0.3002055E+01  0.4197463E+01 -0.2868498E+00  0.2892082E+01  0.7649892E+00  0.3106368E+01 -0.6315294E+00  0.4272485E+01  0.3148217E+01
 0.1780000E+04 -0.4093565E+00  0.8141950E+00 -0.2342778E+00  0.3000397E+01  0.4196636E+01 -0.2888813E+00  0.2891495E+01  0.7756175E+00  0.3106345E+01 -0.6351336E+00  0.4278508E+01  0.3149297E+01 -0.4093565E+00  0.8141950E+00 -0.2342778E+00  0.3000397E+01  0.4196636E+01 -0.2888813E+00  0.2891495E+01  0.7756175E+00  0.3106345E+01 -0.6351336E+00  0.4278508E+01  0.3149297E+01
 0.1790000E+04 -0.4163199E+00  0.8133918E+00 -0.2413543E+00  0.2998739E+01  0.4195810E+01 -0.2909055E+00  0.2890918E+01  0.7862408E+00  0.3106304E+01 -0.6387351E+00  0.4284523E+01  0.3150372E+01 -0.4163199E+00  0.8133918E+00 -0.2413543E+00  0.2998739E+01  0.4195810E+01 -0.2909055E+00  0.2890918E+01  0.7862408E+00  0.3106304E+01 -0.6387351E+00  0.4284523E+01  0.3150372E+01
 0.1800000E+04 -0.4232916E+00  0.8125968E+00 -0.2484103E+00  0.2997081E+01  0.4194982E+01 -0.2929208E+00  0.2890353E+01  0.7968612E+00  0.3106244E+01 -0.6423324E+00  0.4290528E+01  0.3151440E+01 -0.4232916E+00  0.8125968E+00 -0.2484103E+00  0.2997081E+01  0.4194982E+01 -0.2929208E+00  0.2890353E+01  0.7968612E+00  0.3106244E+01 -0.6423324E+00  0.4290528E+01  0.3151440E+01
 0.1810000E+04 -0.4302707E+00  0.8118131E+00 -0.2554445E+00  0.2995419E+01  0.4194151E+01 -0.2949257E+00  0.2889796E+01  0.8074809E+00  0.3106162E+01 -0.6459242E+00  0.4296519E+01  0.3152500E+01 -0.4302707E+00  0.8118131E+00 -0.2554445E+00  0.2995419E+01  0.4194151E+01 -0.2949257E+00  0.2889796E+01  0.8074809E+00  0.3106162E+01 -0.6459242E+00  0.4296519E+01  0.3152500E+01
 0.1820000E+04 -0.4372566E+00  0.8110440E+00 -0.2624559E+00  0.2993755E+01  0.4193313E+01 -0.2969187E+00  0.2889248E+01  0.8181023E+00  0.3106057E+01 -0.6495091E+00  0.4302493E+01  0.3153553E+01 -0.4372566E+00  0.8110440E+00 -0.2624559E+00  0.2993755E+01  0.4193313E+01 -0.2969187E+00  0.2889248E+01  0.8181023E+00  0.3106057E+01 -0.6495091E+00  0.4302493E+01  0.3153553E+01
 0.1830000E+04 -0.4442484E+00  0.8102931E+00 -0.2694435E+00  0.2992084E+01  0.4192467E+01 -0.2988984E+00  0.2888708E+01  0.8287280E+00  0.3105927E+01 -0.6530853E+00  0.4308446E+01  0.3154597E+01 -0.4442484E+00  0.8102931E+00 -0.2694435E+00  0.2992084E+01  0.4192467E+01 -0.2988984E+00  0.2888708E+01  0.8287280E+00  0.3105927E+01 -0.6530853E+00  0.4308446E+01  0.3154597E+01
 0.1840000E+04 -0.4512453E+00  0.8095638E+00 -0.2764066E+00  0.2990407E+01  0.4191609E+01 -0.3008637E+00  0.2888175E+01  0.8393602E+00  0.3105770E+01 -0.6566512E+00  0.4314376E+01  0.3155632E+01 -0.4512453E+00  0.8095638E+00 -0.2764066E+00  0.2990407E+01  0.4191609E+01 -0.3008637E+00  0.2888175E+01  0.8393602E+00  0.3105770E+01 -0.6566512E+00  0.4314376E+01  0.3155632E+01
 0.1850000E+04 -0.4582461E+00  0.8088596E+00 -0.2833445E+00  0.2988722E+01  0.4190737E+01 -0.3028133E+00  0.2887646E+01  0.8500015E+00  0.3105585E+01 -0.6602048E+00  0.4320279E+01  0.3156657E+01 -0.4582461E+00  0.8088596E+00 -0.2833445E+00  0.2988722E+01  0.4190737E+01 -0.3028133E+00  0.2887646E+01  0.8500015E+00  0.3105585E+01 -0.6602048E+00  0.4320279E+01  0.3156657E+01
 0.1860000E+04 -0.4652497E+00  0.8081842E+00 -0.2902566E+00  0.2987026E+01  0.4189848E+01 -0.3047460E+00  0.2887122E+01  0.8606542E+00  0.3105372E+01 -0.6637439E+00  0.4326152E+01  0.3157672E+01 -0.4652497E+00  0.8081842E+00 -0.2902566E+00  0.2987026E+01  0.4189848E+01 -0.3047460E+00  0.2887122E+01  0.8606542E+00  0.3105372E+01 -0.6637439E+00  0.4326152E+01  0.3157672E+01
 0.1870000E+04 -0.4722547E+00  0.8075409E+00 -0.2971422E+00  0.2985318E+01  0.4188941E+01 -0.3066607E+00  0.2886600E+01  0.8713205E+00  0.3105128E+01 -0.6672665E+00  0.4331991E+01  0.3158676E+01 -0.4722547E+00  0.8075409E+00 -0.2971422E+00  0.2985318E+01  0.4188941E+01 -0.3066607E+00  0.2886600E+01  0.8713205E+00  0.3105128E+01 -0.6672665E+00  0.4331991E+01  0.3158676E+01
 0.1880000E+04 -0.4792599E+00  0.8069333E+00 -0.3040008E+00  0.2983595E+01  0.4188013E+01 -0.3085563E+00  0.2886079E+01  0.8820024E+00  0.3104852E+01 -0.6707701E+00  0.4337792E+01  0.3159669E+01 -0.4792599E+00  0.8069333E+00 -0.3040008E+00  0.2983595E+01  0.4188013E+01 -0.3085563E+00  0.2886079E+01  0.8820024E+00  0.3104852E+01 -0.6707701E+00  0.4337792E+01  0.3159669E+01
 0.1890000E+04 -0.4862634E+00  0.8063644E+00 -0.3108318E+00  0.2981856E+01  0.4187063E+01 -0.3104316E+00  0.2885556E+01  0.8927016E+00  0.3104544E+01 -0.6742521E+00  0.4343553E+01  0.3160650E+01 -0.4862634E+00  0.8063644E+00 -0.3108318E+00  0.2981856E+01  0.4187063E+01 -0.3104316E+00  0.2885556E+01  0.8927016E+00  0.3104544E+01 -0.6742521E+00  0.4343553E+01  0.3160650E+01
 0.1900000E+04 -0.4932637E+00  0.8058376E+00 -0.3176345E+00  0.2980098E+01  0.4186088E+01 -0.3122855E+00  0.2885030E+01  0.9034197E+00  0.3104203E+01 -0.6777099E+00  0.4349270E+01  0.3161619E+01 -0.4932637E+00  0.8058376E+00 -0.3176345E+00  0.2980098E+01  0.4186088E+01 -0.3122855E+00  0.2885030E+01  0.9034197E+00  0.3104203E+01 -0.6777099E+00  0.4349270E+01  0.3161619E+01
 0.1910000E+04 -0.5002589E+00  0.8053555E+00 -0.3244082E+00  0.2978318E+01  0.4185088E+01 -0.3141168E+00  0.2884498E+01  0.9141578E+00  0.3103827E+01 -0.6811407E+00  0.4354941E+01  0.3162574E+01 -0.5002589E+00  0.8053555E+00 -0.3244082E+00  0.2978318E+01  0.4185088E+01 -0.3141168E+00  0.2884498E+01  0.9141578E+00  0.3103827E+01 -0.6811407E+00  0.4354941E+01  0.3162574E+01
 0.1920000E+04 -0.5072469E+00  0.8049210E+00 -0.3311519E+00  0.2976515E+01  0.4184061E+01 -0.3159243E+00  0.2883958E+01  0.9249170E+00  0.3103415E+01 -0.6845415E+00  0.4360564E+01  0.3163514E+01 -0.5072469E+00  0.8049210E+00 -0.3311519E+00  0.2976515E+01  0.4184061E+01 -0.3159243E+00  0.2883958E+01  0.9249170E+00  0.3103415E+01 -0.6845415E+00  0.4360564E+01  0.3163514E+01
 0.1930000E+04 -0.5142257E+00  0.8045364E+00 -0.3378647E+00  0.2974685E+01  0.4183007E+01 -0.3177067E+00  0.2883408E+01  0.9356976E+00  0.3102966E+01 -0.6879094E+00  0.4366134E+01  0.3164438E+01 -0.5142257E+00  0.8045364E+00 -0.3378647E+00  0.2974685E+01  0.4183007E+01 -0.3177067E+00  0.2883408E+01  0.9356976E+00  0.3102966E+01 -0.6879094E+00  0.4366134E+01  0.3164438E+01
 0.1940000E+04 -0.5211931E+00  0.8042039E+00 -0.3445457E+00  0.2972825E+01  0.4181926E+01 -0.3194628E+00  0.2882845E+01  0.9464998E+00  0.3102480E+01 -0.6912413E+00  0.4371652E+01  0.3165346E+01 -0.5211931E+00  0.8042039E+00 -0.3445457E+00  0.2972825E+01  0.4181926E+01 -0.3194628E+00  0.2882845E+01  0.9464998E+00  0.3102480E+01 -0.6912413E+00  0.4371652E+01  0.3165346E+01
 0.1950000E+04 -0.5281467E+00  0.8039255E+00 -0.3511935E+00  0.2970934E+01  0.4180818E+01 -0.3211911E+00  0.2882266E+01  0.9573234E+00  0.3101955E+01 -0.6945340E+00  0.4377114E+01  0.3166235E+01 -0.5281467E+00  0.8039255E+00 -0.3511935E+00  0.2970934E+01  0.4180818E+01 -0.3211911E+00  0.2882266E+01  0.9573234E+00  0.3101955E+01 -0.6945340E+00  0.4377114E+01  0.3166235E+01
 0.1960000E+04 -0.5350842E+00  0.8037027E+00 -0.3578071E+00  0.2969008E+01  0.4179683E+01 -0.3228903E+00  0.2881668E+01  0.9681677E+00  0.3101389E+01 -0.6977845E+00  0.4382519E+01  0.3167105E+01 -0.5350842E+00  0.8037027E+00 -0.3578071E+00  0.2969008E+01  0.4179683E+01 -0.3228903E+00  0.2881668E+01  0.9681677E+00  0.3101389E+01 -0.6977845E+00  0.4382519E+01  0.3167105E+01
 0.1970000E+04 -0.5420034E+00  0.8035369E+00 -0.3643849E+00  0.2967045E+01  0.4178523E+01 -0.3245590E+00  0.2881050E+01  0.9790318E+00  0.3100782E+01 -0.7009896E+00  0.4387867E+01  0.3167953E+01 -0.5420034E+00  0.8035369E+00 -0.3643849E+00  0.2967045E+01  0.4178523E+01 -0.3245590E+00  0.2881050E+01  0.9790318E+00  0.3100782E+01 -0.7009896E+00  0.4387867E+01  0.3167953E+01
 0.1980000E+04 -0.5489017E+00  0.8034290E+00 -0.3709257E+00  0.2965041E+01  0.4177338E+01 -0.3261959E+00  0.2880407E+01  0.9899141E+00  0.3100132E+01 -0.7041464E+00  0.4393155E+01  0.3168778E+01 -0.5489017E+00  0.8034290E+00 -0.3709257E+00  0.2965041E+01  0.4177338E+01 -0.3261959E+00  0.2880407E+01  0.9899141E+00  0.3100132E+01 -0.7041464E+00  0.4393155E+01  0.3168778E+01
 0.1990000E+04 -0.5557768E+00  0.8033800E+00 -0.3774280E+00  0.2962995E+01  0.4176130E+01 -0.3277997E+00  0.2879737E+01  0.1000813E+01  0.3099439E+01 -0.7072517E+00  0.4398385E+01  0.3169579E+01 -0.5557768E+00  0.8033800E+00 -0.3774280E+00  0.2962995E+01  0.4176130E+01 -0.3277997E+00  0.2879737E+01  0.1000813E+01  0.3099439E+01 -0.7072517E+00  0.4398385E+01  0.3169579E+01
 0.2000000E+04 -0.5626264E+00  0.8033902E+00 -0.3838902E+00  0.2960903E+01  0.4174901E+01 -0.3293689E+00  0.2879038E+01  0.1011726E+01  0.3098701E+01 -0.7103028E+00  0.4403554E+01  0.3170353E+01 -0.5626264E+00  0.8033902E+00 -0.3838902E+00  0.2960903E+01  0.4174901E+01 -0.3293689E+00  0.2879038E+01  0.1011726E+01  0.3098701E+01 -0.7103028E+00  0.4403554E+01  0.3170353E+01
