-0.3697055E+01  0.1024251E+00 -0.5561466E-01  0.3100366E+01 -0.3469788E+00  0.4666949E-01
-0.3819131E+01 -0.8814258E-01  0.7627677E-01  0.2760504E+01  0.3646027E-01  0.7595925E-01
-0.3619264E+01 -0.1204012E+00 -0.1060466E+00  0.2826359E+01  0.3711346E-01 -0.4253284E-01
-0.3208972E+01 -0.8757824E-01  0.1713226E+00  0.2984817E+01  0.7174636E-02 -0.7823607E-01
-0.3610254E+01 -0.1199997E+00  0.7270125E-01  0.3351474E+01 -0.1906530E+00  0.3103006E-01
-0.3600522E+01 -0.1071875E+00  0.3368833E+00  0.3107110E+01  0.1366098E+00 -0.1757452E+00
-0.3547987E+01  0.9824055E-01 -0.1588865E+00  0.3126151E+01 -0.1541482E+00  0.3777026E+00
-0.3216335E+01  0.3400578E+00  0.4993569E-01  0.3268353E+01  0.1071455E+00 -0.2634971E+00
-0.3703990E+01 -0.1340714E+00 -0.1499668E+00  0.3083660E+01  0.1860210E+00  0.1101110E-01
-0.3583229E+01 -0.1627975E+00 -0.9418456E-01  0.3107660E+01 -0.8415370E-01 -0.7362075E-01
-0.3248557E+01  0.3226708E+00 -0.1931800E+00  0.2900033E+01  0.2096751E+00  0.2841820E+00
-0.3978489E+01 -0.1937072E+00  0.1030607E+00  0.2573045E+01  0.1910866E-01 -0.2478475E+00
-0.3876999E+01  0.1914549E+00  0.7850780E-01  0.2841098E+01  0.8586560E-01  0.1722035E+00
-0.3577684E+01 -0.2214037E+00 -0.1634447E+00  0.3173486E+01  0.6934765E-01 -0.1678857E-01
-0.3332513E+01 -0.2527155E+00  0.1613492E+00  0.2951756E+01 -0.1904772E+00  0.3103262E+00
-0.3381694E+01  0.5469561E-01  0.1542534E+00  0.2994971E+01  0.8725583E-01  0.3114761E-01
-0.3570503E+01  0.8533553E-02  0.3307481E+00  0.3083816E+01 -0.1104828E-01  0.1146374E+00
-0.3918069E+01  0.4870486E-01  0.4188506E+00  0.3086233E+01  0.2417417E+00  0.1455010E+00
-0.3700907E+01  0.4877367E-01  0.1545795E+00  0.2940416E+01 -0.6333866E-01  0.1361494E-01
-0.4139675E+01 -0.2547734E+00 -0.9541982E-01  0.3064984E+01  0.2961684E+00 -0.2351329E+00
-0.3209865E+01 -0.1330821E+00  0.5435157E-01  0.2806143E+01 -0.2332043E+00 -0.2735605E+00
-0.3840869E+01 -0.1674465E-01 -0.3286322E+00  0.2944558E+01  0.2051250E-01  0.2524853E+00
-0.3418994E+01 -0.3711821E+00  0.1758609E+00  0.2809619E+01 -0.3247097E+00 -0.6667918E-01
-0.3218593E+01 -0.4938026E-01  0.3097320E+00  0.3295913E+01 -0.4133521E-01 -0.2482835E+00
-0.3477692E+01 -0.1926093E+00 -0.6142756E-01  0.3219131E+01 -0.1675326E+00 -0.8247532E-01
-0.3578121E+01  0.1825375E+00 -0.1499836E+00  0.3173819E+01  0.9035137E-01 -0.2809460E+00
-0.3727268E+01  0.4050675E+00 -0.2740905E-01  0.3014151E+01  0.3513972E+00  0.1412654E+00
-0.3493368E+01 -0.6196167E-01 -0.9455249E-01  0.2689208E+01  0.2192263E+00 -0.2968295E+00
-0.3677552E+01  0.2229898E-01 -0.2660590E-01  0.2989393E+01  0.5205166E-01  0.1215196E+00
-0.3888491E+01  0.1525481E+00  0.5410827E-01  0.3069146E+01  0.4345119E+00  0.7858856E-01
-0.3733795E+01  0.1393016E+00  0.4774350E-01  0.3044352E+01 -0.1244254E+00  0.2320532E+00
-0.3381493E+01 -0.5675497E-01 -0.1890969E+00  0.2656380E+01 -0.2450537E+00  0.3522267E-02
-0.3401517E+01  0.2237407E+00  0.2436317E+00  0.3065528E+01 -0.2153191E-01 -0.1947452E+00
-0.3752882E+01  0.4501000E-01  0.1815080E+00  0.2919324E+01  0.1274754E+00  0.8569887E-01
-0.3476855E+01 -0.2230787E+00 -0.8603792E-01  0.2989327E+01 -0.1607507E+00  0.2589130E+00
-0.3361347E+01 -0.1587427E+00 -0.1568288E+00  0.3133354E+01  0.1827511E+00  0.6914163E-01
-0.3550868E+01  0.4977245E-01 -0.7582423E-01  0.2965326E+01  0.1641465E+00 -0.2689590E+00
-0.3530538E+01  0.1064633E+00  0.1303644E+00  0.3218310E+01  0.2004216E+00  0.4467235E-01
-0.3073460E+01 -0.1027225E+00 -0.2163093E+00  0.2925313E+01 -0.1949458E+00 -0.5064997E-02
-0.3431610E+01  0.4028153E-01  0.1386009E+00  0.3125593E+01 -0.1973270E+00  0.3609732E+00
-0.3430831E+01  0.3309598E+00  0.1247857E+00  0.3120346E+01  0.1119240E+00  0.2146708E+00
-0.3169057E+01  0.3374962E-01  0.5204913E-01  0.2584957E+01 -0.3227706E-01  0.7129252E-02
-0.3443598E+01  0.1110760E+00 -0.6722808E-01  0.2848967E+01 -0.2461681E+00 -0.4747898E-01
-0.3388897E+01 -0.1097807E+00 -0.1994846E+00  0.3011582E+01 -0.1062197E+00 -0.7001107E-01
-0.3487015E+01 -0.5899514E-01 -0.1539966E+00  0.3269860E+01 -0.1962936E+00  0.4623696E+00
-0.3554489E+01 -0.1448847E+00 -0.9026019E-01  0.3173161E+01 -0.2985230E+00 -0.1102658E-01
-0.3502287E+01 -0.3919915E-01 -0.2958258E-01  0.2789082E+01 -0.1893386E+00 -0.5257880E-01
-0.3582919E+01  0.1576970E+00  0.3582757E+00  0.2932422E+01  0.7347179E-01 -0.9131670E-01
-0.3596655E+01 -0.1366880E+00 -0.5750285E-01  0.2709832E+01  0.1079602E+00 -0.1647389E+00
-0.3453260E+01  0.1159217E+00 -0.5746153E-01  0.3131949E+01 -0.1569615E-01 -0.6094958E-01
-0.3619614E+01 -0.1594476E+00  0.6517971E-01  0.2893290E+01  0.1524197E+00 -0.1355191E+00
-0.3538047E+01 -0.1005046E+00  0.5773399E-01  0.2862780E+01 -0.1073085E+00  0.1235298E+00
-0.3450738E+01 -0.4801804E-01 -0.1208417E+00  0.3045747E+01 -0.2488630E-01  0.4987764E-01
-0.3457360E+01 -0.2598939E+00 -0.1313514E-01  0.2910390E+01  0.1966542E-01  0.2772821E+00
-0.3285491E+01  0.1238440E+00 -0.6574866E-01  0.2951019E+01 -0.1230029E-01 -0.7625398E-01
-0.3349745E+01  0.1988078E+00 -0.1551968E+00  0.2790027E+01 -0.8989999E-01  0.7736830E-01
-0.3667902E+01 -0.3259004E+00  0.1773982E+00  0.3114648E+01  0.3158999E-01 -0.2454551E-01
-0.3343094E+01 -0.4142287E-01  0.2946274E+00  0.3075719E+01 -0.8868490E-01 -0.3271780E+00
-0.3349776E+01  0.1501192E+00  0.1301366E-01  0.3042455E+01  0.1514456E+00 -0.1447542E+00
-0.3541546E+01 -0.1457078E+00  0.1154222E+00  0.3227623E+01  0.3116864E+00  0.2178139E+00
-0.3522285E+01  0.1577045E+00  0.3732353E+00  0.3065382E+01  0.7081391E-01  0.2908516E-01
-0.3683367E+01 -0.2648172E+00 -0.1199747E+00  0.2546513E+01 -0.4435335E+00  0.4306872E-01
-0.3757298E+01  0.5188108E-01 -0.1599717E+00  0.3213436E+01 -0.6095150E-01  0.2402975E+00
-0.3469791E+01  0.8263159E-01 -0.4073154E-02  0.2903435E+01 -0.1168911E+00 -0.8356296E-02
-0.3564761E+01  0.2476676E-01  0.3009782E+00  0.3254482E+01  0.1579494E-01 -0.2526922E+00
-0.3409238E+01  0.6220563E-01  0.2556720E-01  0.2807747E+01 -0.3478398E-01 -0.3135883E+00
-0.3711649E+01  0.6649629E-01  0.2461950E+00  0.3065633E+01 -0.1769634E+00  0.9340747E-02
-0.3666248E+01 -0.1538173E-01 -0.2094290E+00  0.2860444E+01  0.6085047E-01 -0.8023734E-01
-0.3440632E+01 -0.5823355E+00 -0.1356543E+00  0.2897889E+01  0.1100598E+00 -0.5888158E-01
-0.3464602E+01  0.4375831E-01 -0.4093515E-01  0.3160587E+01 -0.2703521E+00 -0.1509709E+00
-0.3585889E+01 -0.3835179E+00  0.9555516E-01  0.3152719E+01 -0.1683752E+00  0.3028607E+00
-0.3993296E+01 -0.1579108E+00 -0.3839956E+00  0.2918344E+01 -0.4121082E-01  0.1585475E+00
-0.3309115E+01 -0.2759106E+00  0.1123930E+00  0.3467892E+01  0.1612131E+00  0.1830359E+00
-0.3328345E+01  0.1292419E+00  0.6119679E-01  0.2899108E+01 -0.3437134E-01 -0.2855675E-01
-0.3410804E+01  0.1089525E-01 -0.1066360E+00  0.3226780E+01 -0.1216367E+00 -0.2371964E+00
-0.3429683E+01  0.2761998E-01 -0.3109271E+00  0.2889272E+01  0.1382513E-01 -0.7497202E-01
-0.3649932E+01 -0.9211055E-02  0.8764438E-01  0.3337112E+01  0.1281651E+00  0.4225192E-01
-0.3411764E+01 -0.1087925E+00  0.3696863E-02  0.2672763E+01  0.1213495E-01  0.1647858E+00
-0.3572186E+01 -0.8804469E-01  0.1579071E+00  0.2936739E+01  0.3778952E-01  0.4825518E-01
-0.3718518E+01  0.8412916E-01 -0.2223278E+00  0.3186835E+01  0.1557492E+00 -0.3963883E+00
-0.3132817E+01  0.2100895E+00  0.2054148E+00  0.3074792E+01  0.2618840E+00  0.3976718E-01
-0.3615587E+01  0.3006998E+00 -0.4757855E+00  0.3051727E+01 -0.2364305E+00  0.7475785E-01
-0.3480245E+01  0.9046963E-01  0.1494064E+00  0.2838535E+01 -0.3229491E+00  0.1562009E+00
-0.3337475E+01 -0.3294724E+00  0.2325281E+00  0.2964385E+01  0.2492003E+00  0.1089288E+00
-0.3287465E+01 -0.2661836E+00  0.5130562E-01  0.3115950E+01 -0.5229721E-02  0.1060864E+00
-0.3552375E+01  0.1205596E+00 -0.2405545E-01  0.2877555E+01 -0.2124392E+00 -0.1535021E+00
-0.3420806E+01  0.9185739E-01 -0.9921190E-01  0.3160975E+01 -0.1486645E+00 -0.2769752E+00
-0.3220103E+01  0.1464946E-01  0.9757333E-01  0.2984339E+01 -0.4594396E-01  0.2291947E+00
-0.3519412E+01 -0.2864718E+00 -0.8340990E-01  0.2739092E+01  0.5926606E+00 -0.1881564E+00
-0.3628256E+01  0.7847183E-01  0.2417051E-01  0.2885844E+01 -0.1512966E+00  0.1296421E+00
-0.3581900E+01 -0.2668592E-02 -0.2465265E+00  0.3064773E+01  0.1230934E-01 -0.2012162E+00
-0.3375809E+01  0.3517914E-01  0.2360279E+00  0.2908612E+01 -0.2267829E+00 -0.1909150E+00
-0.3462064E+01 -0.6823099E-01  0.2592845E+00  0.3231001E+01 -0.1526895E+00  0.1266299E+00
-0.3472668E+01 -0.2626766E+00  0.4073781E-02  0.3026678E+01  0.2683793E+00 -0.2028881E+00
-0.3836752E+01 -0.2340498E+00  0.1067850E+00  0.3071568E+01  0.2255121E-01  0.2801865E+00
-0.3568239E+01  0.3860173E-01  0.3809587E+00  0.2937054E+01  0.3327086E+00  0.6834256E-01
-0.3498813E+01 -0.1311403E-01 -0.1595374E+00  0.2917234E+01  0.8627856E-01 -0.2928381E+00
-0.3619972E+01 -0.5165076E-01 -0.2508131E+00  0.3041201E+01  0.2463247E+00  0.2851148E+00
-0.3473402E+01 -0.4322462E+00 -0.1576537E+00  0.2923317E+01 -0.1090258E+00 -0.4407702E-01
-0.3150681E+01 -0.1269250E+00  0.2600500E+00  0.3256523E+01  0.3887544E-01  0.2082283E+00
-0.3346297E+01  0.1613019E+00 -0.1076139E-01  0.3032014E+01  0.1596705E+00  0.4022060E-01
-0.3503289E+01 -0.4585081E-01  0.4501007E+00  0.2962419E+01  0.7867343E-01  0.3612456E+00
-0.3696496E+01  0.6160014E-01 -0.1057592E+00  0.3018105E+01  0.9046297E-01 -0.6857118E-01
-0.3306968E+01 -0.2825645E+00 -0.1449009E+00  0.3122784E+01 -0.8402269E-01  0.1879134E+00
-0.3722943E+01 -0.8416277E-01  0.2178158E+00  0.2698342E+01  0.3764953E-01  0.2689025E-01
-0.3510378E+01  0.1111894E+00  0.3782480E-01  0.2931530E+01  0.6926176E-01 -0.8764054E-01
-0.3436824E+01  0.2584308E+00  0.1379364E+00  0.2814093E+01  0.1058843E+00 -0.1370442E+00
-0.3395471E+01  0.1974677E+00  0.2188283E-01  0.2745282E+01 -0.1294994E-01  0.6398274E-01
-0.3405270E+01 -0.1764665E+00  0.1012966E-01  0.2914554E+01 -0.9760530E-01  0.1467653E-01
-0.3230951E+01  0.2426510E+00 -0.1257937E+00  0.3000504E+01 -0.1999124E+00  0.2437296E-01
-0.3566802E+01  0.1050359E+00  0.9323900E-02  0.3092995E+01 -0.5711084E-02 -0.1346589E+00
-0.3553921E+01  0.3712658E+00 -0.1289924E+00  0.2963178E+01 -0.4410478E-01  0.1241824E+00
-0.3482803E+01  0.2288440E+00  0.3564136E-02  0.3100103E+01  0.1009901E+00  0.3422920E+00
-0.3671748E+01 -0.1881954E+00  0.1645028E+00  0.3169323E+01 -0.1401976E+00 -0.2249447E-01
-0.3258886E+01  0.2152590E+00 -0.2312076E+00  0.2767166E+01 -0.8867363E-01 -0.1578474E+00
-0.3372287E+01 -0.1473855E+00 -0.2663567E+00  0.2732562E+01  0.3057444E+00 -0.1773356E+00
-0.3458474E+01  0.1349043E+00  0.1577773E+00  0.3013628E+01 -0.7013729E-01  0.5245608E-01
-0.3359403E+01 -0.2336735E+00 -0.1975181E+00  0.3324654E+01  0.3836690E+00  0.2949277E+00
-0.3510098E+01  0.1259341E+00  0.2694638E+00  0.3353637E+01 -0.2586380E-01 -0.2579590E+00
-0.3477169E+01 -0.2869625E-01 -0.1524128E-01  0.3034814E+01 -0.1237093E+00  0.5990999E-01
-0.3760711E+01 -0.1488780E+00 -0.5543489E-01  0.2846789E+01  0.3347528E+00 -0.2516190E+00
-0.3404797E+01 -0.1924910E-01  0.3253464E-01  0.2935969E+01 -0.9787294E-01 -0.7713996E-01
-0.3814294E+01 -0.2784535E+00  0.4271818E-02  0.3170891E+01 -0.2490515E+00  0.1217357E+00
-0.3374120E+01  0.1114188E+00  0.2329560E+00  0.2955179E+01 -0.3952960E-01 -0.3092742E+00
-0.3652664E+01 -0.5533433E+00  0.2482287E+00  0.2957490E+01 -0.1868596E+00 -0.3071960E+00
-0.3439760E+01 -0.2006719E+00 -0.4302215E-01  0.2935948E+01 -0.5741125E-01  0.2193908E+00
-0.3103967E+01  0.7204229E-01  0.1596949E+00  0.2906527E+01 -0.1423751E+00  0.1245795E+00
-0.3349615E+01  0.4999563E-01  0.1241809E+00  0.2686239E+01 -0.1160347E+00  0.1773853E-01
-0.3514935E+01 -0.1865521E+00 -0.1357470E+00  0.3122032E+01 -0.2416347E+00 -0.1649675E+00
-0.3691949E+01  0.1406459E+00 -0.1071190E+00  0.2887777E+01 -0.2308545E+00  0.1724943E+00
-0.3636618E+01 -0.2156555E+00 -0.3517200E-01  0.2945037E+01 -0.7009069E-01 -0.6691114E-01
-0.3587046E+01 -0.4616415E-01 -0.8936687E-01  0.2990334E+01  0.8511304E-01  0.1528140E+00
-0.3557762E+01  0.3762028E-01 -0.1123401E+00  0.3190771E+01 -0.1824705E+00  0.4390876E-01
-0.3504384E+01  0.2533722E+00  0.2114694E+00  0.3022010E+01 -0.4743755E+00 -0.2344506E+00
-0.3609588E+01 -0.3598723E-01 -0.2970178E+00  0.3013400E+01  0.4716055E-01 -0.1618847E+00
-0.3701160E+01 -0.1571358E-01 -0.1649512E+00  0.2952673E+01  0.5948534E-01 -0.9283136E-01
-0.3561790E+01  0.1703803E+00  0.2646167E+00  0.2715278E+01 -0.4131077E-01  0.2309518E+00
-0.3480304E+01 -0.2701429E+00 -0.2516759E+00  0.2944316E+01  0.1105802E+00 -0.9502804E-01
-0.3282004E+01  0.1336359E-01 -0.2365325E+00  0.3089744E+01 -0.1853441E+00 -0.6534363E-01
-0.3615832E+01 -0.1808734E+00 -0.9015213E-01  0.3058968E+01 -0.8028925E-02 -0.2652305E-01
-0.3465730E+01  0.1901144E-01 -0.6843894E-01  0.2896047E+01  0.3916801E+00 -0.1063836E+00
-0.3254724E+01  0.9249488E-01 -0.1367308E+00  0.3322125E+01 -0.1581707E+00  0.1354200E+00
-0.3564727E+01  0.1929440E+00  0.2342412E+00  0.3177141E+01  0.2828115E-01 -0.1632504E+00
-0.3637190E+01  0.9669701E-01  0.2448863E+00  0.3032755E+01  0.1888248E+00 -0.1817089E+00
-0.3365940E+01 -0.1036052E+00  0.4038434E+00  0.3289905E+01  0.9767948E-01  0.1789515E+00
-0.3542835E+01 -0.2557900E+00  0.1974709E+00  0.3054396E+01  0.8581554E-01  0.4274854E-01
-0.3428773E+01  0.1649123E+00 -0.1071308E+00  0.2917064E+01  0.2625655E-01 -0.2059540E+00
-0.3456435E+01 -0.7019539E-01  0.1153461E+00  0.3126536E+01 -0.6621513E-01 -0.1620051E+00
-0.3321041E+01  0.8717334E-01  0.1437721E+00  0.3082247E+01  0.6979433E-01 -0.2016211E+00
-0.3430916E+01 -0.2112413E+00  0.7134147E-01  0.3090159E+01 -0.5094275E-01 -0.2113917E+00
-0.3439628E+01  0.1709636E+00 -0.1246186E+00  0.3028643E+01  0.3466825E+00  0.2586817E+00
-0.3736156E+01 -0.1950238E+00  0.1539585E+00  0.3010850E+01 -0.1250357E+00 -0.2612482E+00
-0.3263114E+01 -0.5592307E-01  0.1016252E+00  0.2807704E+01  0.3467588E+00 -0.1750618E+00
-0.3544589E+01 -0.1735111E+00 -0.1177175E+00  0.3078772E+01 -0.2583223E-01 -0.7180739E-01
-0.3174003E+01  0.1870627E+00  0.1723469E+00  0.3033447E+01  0.2647437E+00  0.6504965E-01
-0.3241903E+01  0.2317386E+00 -0.6285554E-01  0.2873822E+01  0.3776317E+00  0.1483601E+00
-0.3394381E+01  0.9342070E-01  0.1308153E+00  0.2793121E+01  0.3702180E+00  0.8913240E-02
-0.3472201E+01 -0.1020870E+00  0.3233009E+00  0.2748512E+01  0.9756718E-01 -0.9786681E-01
-0.3111612E+01 -0.2116632E+00 -0.9095903E-01  0.3419611E+01  0.7762117E-01 -0.3130485E+00
-0.3532924E+01  0.1011927E+00 -0.4704418E-01  0.2458402E+01 -0.2076677E+00 -0.3816871E+00
-0.3411885E+01  0.5989843E-01  0.5783370E-01  0.3009946E+01  0.8540700E-01  0.2403519E-01
-0.3653370E+01  0.3157231E+00  0.1915144E+00  0.2963763E+01  0.1771663E+00  0.8918718E-01
-0.3458112E+01 -0.3185195E+00 -0.2646295E+00  0.3097777E+01  0.1182680E+00 -0.5971795E-01
-0.3320435E+01 -0.1876461E-01  0.2922214E+00  0.2999426E+01  0.3530885E+00  0.8731354E-01
-0.3250941E+01 -0.1929285E+00 -0.3669129E+00  0.2641328E+01  0.2889201E-01 -0.4765592E-01
-0.3249329E+01 -0.2913250E+00  0.5521360E-01  0.3269386E+01  0.7879720E-01 -0.8398381E-01
-0.3264818E+01  0.2504072E+00  0.1534175E+00  0.3009500E+01  0.2161518E+00 -0.1212945E+00
-0.3542641E+01  0.1510355E+00 -0.1542683E+00  0.3374433E+01  0.2443173E+00  0.5395497E-01
-0.3574332E+01  0.1274044E+00 -0.1642017E+00  0.3310548E+01 -0.1474571E+00 -0.7671704E-01
-0.3793932E+01  0.4627137E-01  0.1355617E+00  0.3063194E+01 -0.2667672E+00 -0.1558596E+00
-0.3440001E+01  0.6801674E-01 -0.1021228E+00  0.2992674E+01 -0.2352558E+00  0.1265482E+00
-0.3464309E+01 -0.1784699E+00 -0.9880071E-01  0.2821605E+01  0.2021347E+00  0.1216695E+00
-0.3473952E+01  0.1364531E-01 -0.5540293E+00  0.3092283E+01  0.3077017E+00 -0.4708855E-01
-0.3510740E+01  0.2462928E+00  0.1728221E+00  0.3141740E+01  0.6981876E-01  0.5387636E+00
-0.3632243E+01 -0.2276908E+00 -0.1820227E+00  0.3135348E+01 -0.6600118E-02 -0.8819797E-01
-0.3755684E+01  0.1128523E-01 -0.6100731E-01  0.2900578E+01  0.5616466E-01 -0.1798494E+00
-0.3488284E+01 -0.9549797E-01  0.1335372E+00  0.2925491E+01 -0.1127689E+00  0.8024132E-01
-0.3358905E+01 -0.1178409E+00  0.1481841E+00  0.2929971E+01 -0.1320438E+00  0.2206224E+00
-0.3293231E+01  0.1596528E+00  0.8848503E-01  0.2974159E+01  0.5042966E-01  0.2486253E+00
-0.3211201E+01 -0.3657930E+00  0.1092424E+00  0.3232502E+01 -0.8514191E-01 -0.2259075E+00
-0.3379455E+01 -0.3829460E-01  0.1498631E+00  0.3101001E+01 -0.9998471E-01 -0.2484026E+00
-0.3374090E+01 -0.1429575E+00  0.1188133E+00  0.2989270E+01  0.9280461E-01 -0.7880871E-01
-0.3601181E+01 -0.1183339E+00  0.7530494E-01  0.2813602E+01 -0.1002111E+00 -0.1633278E+00
-0.3238879E+01  0.3213702E-02  0.2602186E+00  0.3016629E+01 -0.1951982E+00  0.5871624E-01
-0.3433548E+01 -0.1966426E+00  0.1888057E+00  0.3059055E+01  0.3367293E+00  0.1132249E+00
-0.3369754E+01 -0.1092823E+00 -0.3544130E-01  0.2968018E+01  0.2244424E+00  0.4044819E+00
-0.3802127E+01 -0.2525756E+00 -0.1111528E+00  0.2942347E+01  0.2736427E+00  0.4589616E-01
-0.3617540E+01  0.8335546E-01 -0.2541437E+00  0.2831233E+01  0.2799093E+00  0.4072919E-01
-0.3607546E+01  0.1711775E+00 -0.1336347E+00  0.2833704E+01  0.3968919E-01  0.4252926E-01
-0.3438447E+01  0.8972519E-01 -0.3529689E+00  0.2997963E+01 -0.7489787E-01  0.1486538E+00
-0.3332784E+01  0.1492370E+00 -0.3216473E-02  0.2994014E+01  0.3750002E+00  0.2827112E+00
-0.3227070E+01  0.1156221E+00  0.2983615E+00  0.3341849E+01 -0.1608205E+00 -0.3483419E-01
-0.3608105E+01 -0.9299643E-01  0.2794893E+00  0.2753891E+01 -0.5471920E-01  0.2080232E+00
-0.3455176E+01  0.9990407E-03 -0.8952215E-01  0.3177257E+01 -0.1646628E-01 -0.2471867E+00
-0.3286796E+01 -0.7536718E-01  0.1296002E+00  0.3073342E+01 -0.2684476E+00 -0.1463136E+00
-0.3651049E+01  0.3402580E+00 -0.3214030E+00  0.3178941E+01  0.1947286E-01 -0.3272714E+00
-0.3479654E+01  0.2557818E+00  0.2511052E+00  0.3183279E+01  0.1104739E+00  0.1078812E+00
-0.3458305E+01 -0.3970732E-01 -0.7328493E-01  0.3175256E+01 -0.1096463E-01  0.9910877E-01
-0.3456227E+01  0.1464621E+00  0.6989000E-01  0.3053349E+01  0.1598965E-01  0.2353415E-01
-0.3375340E+01 -0.6255543E-01 -0.3757978E-01  0.2904381E+01 -0.1158076E+00 -0.1271449E+00
-0.3549164E+01  0.4701752E-01 -0.2343574E+00  0.2890672E+01 -0.1618972E+00 -0.1763498E+00
-0.3749436E+01  0.8501293E-01 -0.2524534E-01  0.2914049E+01  0.6497222E-01 -0.8564459E-01
-0.3469151E+01 -0.7039291E-01  0.1315552E+00  0.3130217E+01 -0.2236733E+00  0.1366515E+00
-0.3385495E+01 -0.3631706E+00 -0.1274174E+00  0.2715555E+01 -0.1242912E+00 -0.1886732E-01
-0.3772819E+01 -0.2297552E+00 -0.2595300E+00  0.3138979E+01  0.1650518E+00  0.5243629E-01
-0.3895360E+01  0.1162880E+00 -0.2326214E-01  0.2937401E+01  0.3391958E+00 -0.8809417E-03
-0.3613848E+01 -0.1168298E+00 -0.3098475E+00  0.3137498E+01  0.9616539E-01  0.1399681E+00
-0.3268099E+01  0.8592778E-01 -0.3895532E+00  0.2777533E+01  0.2018087E+00 -0.1571053E+00
-0.3533589E+01 -0.1379197E+00 -0.2256366E+00  0.3186864E+01  0.5719719E-01 -0.1595502E+00
-0.3643170E+01 -0.1139081E+00 -0.7591619E-01  0.3152447E+01  0.1325388E+00 -0.5219011E-01
-0.3277969E+01 -0.2571841E+00  0.2576283E-01  0.3389676E+01  0.8683094E-02  0.2624412E-01
-0.3273914E+01  0.1342002E+00  0.2456511E+00  0.2979088E+01  0.2003269E-01 -0.2022414E+00
-0.3293980E+01  0.1454239E+00 -0.7381911E-01  0.2700948E+01  0.5366837E-01 -0.4204773E+00
-0.3377660E+01 -0.2523128E+00 -0.1434149E-01  0.2786922E+01  0.9165510E-01  0.7185834E-01
-0.3293935E+01  0.1176361E+00 -0.1478628E+00  0.2839125E+01 -0.1529185E+00 -0.1095702E+00
-0.3570178E+01  0.5249442E-01  0.1747500E+00  0.3016508E+01  0.2239298E-01  0.1421397E+00
-0.3585251E+01  0.9987745E-01 -0.2629352E+00  0.2973782E+01 -0.2620323E-02  0.4933238E-01
-0.3476429E+01  0.3691821E+00  0.1112851E+00  0.2882692E+01 -0.2147330E+00  0.7879272E-01
-0.3140625E+01 -0.3086649E-01  0.1680815E+00  0.2705415E+01  0.5906907E-01 -0.2550696E+00
-0.3114583E+01 -0.2961042E+00  0.1727716E+00  0.3009402E+01  0.1257526E+00 -0.9362699E-01
-0.3238369E+01  0.8173661E-01 -0.2133329E-01  0.3144330E+01  0.1935544E+00 -0.2244328E+00
-0.3315438E+01  0.7116553E-01  0.3319816E-01  0.2985816E+01  0.3535328E-01  0.9623349E-01
-0.3671759E+01  0.5561113E-01  0.3440710E-01  0.3188695E+01  0.1202228E+00 -0.8937647E-01
-0.3322492E+01  0.5832516E-02  0.2932116E-01  0.3049197E+01  0.1368148E+00  0.2275358E+00
-0.3688013E+01 -0.7351225E-01 -0.2935889E+00  0.2966600E+01  0.2456607E+00  0.5981400E-01
-0.3713733E+01  0.1013745E+00 -0.2609503E-01  0.2819308E+01 -0.9754933E-01  0.2191920E+00
-0.3359156E+01  0.6313051E-01 -0.1440769E+00  0.3087514E+01  0.1427347E+00 -0.2223875E-01
-0.3615317E+01 -0.6505479E-02 -0.1016922E+00  0.2932094E+01  0.2009188E+00  0.1166702E-01
-0.3687754E+01  0.7063196E-01  0.2304619E+00  0.3151960E+01  0.8656699E-01  0.1200915E+00
-0.3442083E+01  0.5151658E-01  0.1873306E+00  0.3358951E+01  0.1929579E+00  0.1237492E+00
-0.4002706E+01 -0.4460074E-01 -0.8485844E-01  0.2654743E+01 -0.2275207E+00  0.1411069E+00
-0.3564650E+01 -0.1463190E-01 -0.6008831E-01  0.2792923E+01 -0.4396573E-01  0.5992743E-02
-0.3293979E+01  0.2830687E+00 -0.5358905E-01  0.3091456E+01  0.7892321E-01  0.3499856E-01
-0.3589358E+01 -0.6064179E-01 -0.1175838E+00  0.2937657E+01  0.4214054E-01  0.3978690E-01
-0.3286335E+01  0.8187783E-01  0.3803101E-02  0.2737737E+01 -0.2686561E-01  0.1910740E-01
-0.3485251E+01  0.1206937E+00  0.5036555E-01  0.2508759E+01 -0.8511762E-01  0.2232192E+00
-0.3243134E+01 -0.2941726E+00  0.8710651E-01  0.2901385E+01 -0.2824469E+00  0.6090104E-01
-0.3601832E+01  0.2762642E+00 -0.1474296E+00  0.2956163E+01 -0.1371551E+00  0.6981180E-01
-0.3462091E+01  0.2507850E+00 -0.1471785E+00  0.2791014E+01  0.4977228E-02  0.4435417E-01
-0.3559148E+01  0.3862565E+00  0.2738328E-01  0.2896470E+01 -0.1976808E+00  0.6721280E-02
-0.3471914E+01 -0.1201596E+00  0.1489427E-01  0.3053581E+01  0.8844871E-01 -0.1900960E+00
-0.3524888E+01 -0.4078522E-01 -0.1656714E-01  0.2875441E+01 -0.2099473E+00 -0.9394261E-01
-0.3362710E+01 -0.9661526E-01 -0.2408789E+00  0.3193291E+01 -0.4487606E+00  0.1876986E+00
-0.3848341E+01 -0.2311012E+00 -0.1835234E+00  0.2836439E+01 -0.6297096E-01 -0.4032149E-01
-0.3695964E+01 -0.8107382E-01  0.1938311E-01  0.2833534E+01 -0.2911848E+00  0.3729027E+00
-0.3681134E+01  0.2635206E-01  0.9642701E-03  0.3032219E+01 -0.3313088E+00  0.1574028E+00
-0.3582894E+01  0.9699193E-01 -0.7436578E-01  0.3121593E+01  0.1259387E+00  0.1937593E+00
-0.3534905E+01  0.3873127E+00  0.2566428E-01  0.3235602E+01  0.1005934E-01 -0.9704353E-01
-0.3337079E+01  0.9100501E-01  0.5224681E-01  0.2907863E+01  0.5209083E-01  0.3355033E+00
-0.3384554E+01  0.1944581E+00  0.1592240E+00  0.2829402E+01  0.1262893E+00  0.3144582E+00
-0.3626049E+01 -0.3012092E+00 -0.8860907E-01  0.3125552E+01  0.2884589E+00  0.2639513E+00
-0.3432571E+01  0.2292725E+00 -0.1417461E+00  0.2753785E+01  0.2067928E-02 -0.2751275E+00
-0.3759993E+01 -0.3135676E+00  0.3380130E+00  0.2901358E+01  0.1344295E+00  0.2777537E-01
-0.3650697E+01  0.9045435E-01 -0.2079701E+00  0.3002445E+01  0.3252263E-01  0.2997235E+00
-0.3427071E+01 -0.1240241E+00 -0.1481931E+00  0.2979265E+01  0.2275010E+00  0.5960187E-01
-0.3742897E+01 -0.1360269E+00 -0.7208024E-02  0.3322399E+01  0.2324558E+00 -0.7783824E-01
-0.3288596E+01  0.3503398E+00  0.4864364E-01  0.3088712E+01  0.1442167E+00 -0.2523072E+00
-0.3315803E+01  0.2423828E+00 -0.1184378E+00  0.2847187E+01  0.9317003E-01  0.2264282E+00
-0.3141088E+01  0.1833755E+00 -0.3347172E-01  0.2897262E+01 -0.2281889E+00 -0.9147686E-02
-0.3321315E+01  0.1961189E+00 -0.7170230E-01  0.2717768E+01 -0.3174997E+00  0.7846219E-01
-0.3554058E+01 -0.2082463E+00 -0.9957649E-01  0.3316431E+01 -0.6662248E-03 -0.1742755E+00
-0.3315145E+01  0.1706765E+00 -0.1585752E+00  0.3315286E+01  0.1210137E+00 -0.2382267E+00
-0.3412624E+01  0.6033460E-01  0.1271662E+00  0.2916697E+01 -0.2021358E+00 -0.5743734E-02
-0.3759432E+01  0.1003664E+00  0.2329943E+00  0.3248461E+01 -0.2289240E+00 -0.6544190E-01
-0.3138654E+01  0.1923506E-01 -0.1369393E-01  0.2843927E+01 -0.1968518E+00  0.2415357E+00
-0.3257989E+01  0.1222483E+00  0.1223506E+00  0.2970903E+01 -0.2857799E+00 -0.3871399E-02
-0.3631003E+01  0.1101850E+00 -0.2740152E-01  0.2908394E+01 -0.1162412E-01  0.6296879E-01
-0.3264924E+01  0.1973181E+00  0.1837361E+00  0.2975629E+01  0.3584860E-01 -0.1121932E+00
-0.3540432E+01  0.1444964E+00  0.1195436E+00  0.3068884E+01 -0.5849107E-01 -0.1394391E+00
-0.3341827E+01 -0.6099395E-01  0.2227803E-01  0.2863641E+01 -0.6155397E-01  0.1359868E+00
-0.3659544E+01 -0.3329467E+00 -0.4043673E-01  0.3171443E+01 -0.2119504E+00  0.1820742E+00
-0.3545433E+01  0.4421534E+00  0.1109239E+00  0.2939847E+01  0.1518122E-01 -0.2094610E-01
-0.3844130E+01  0.1036279E+00 -0.1087770E+00  0.3028571E+01 -0.9520776E-01 -0.3332280E+00
-0.3604083E+01  0.3759381E-01 -0.3469181E+00  0.2830780E+01  0.2417999E+00 -0.2139424E+00
-0.3504883E+01 -0.5975585E-01 -0.2474383E-01  0.2949742E+01  0.1158855E+00  0.3362423E-01
-0.3586293E+01 -0.1819556E+00 -0.1594370E+00  0.2955266E+01  0.1430341E+00 -0.1007665E+00
-0.3492600E+01 -0.3239505E+00 -0.2418683E+00  0.2855381E+01  0.7275175E-01  0.2692983E+00
-0.3530200E+01  0.7252917E-01  0.2371587E+00  0.2892874E+01  0.3915468E+00  0.1970824E-01
-0.3593029E+01 -0.5771882E-01 -0.1099797E+00  0.2959746E+01 -0.3322542E-01  0.4763757E-01
-0.3578793E+01  0.9108620E-01 -0.1515997E+00  0.2949850E+01  0.1927262E+00  0.2215316E+00
-0.3795297E+01  0.8159926E-01 -0.3652241E-01  0.3132572E+01  0.2791964E-01 -0.1760319E-01
-0.3441134E+01 -0.1556560E+00  0.1885043E+00  0.3135815E+01 -0.4846106E-01 -0.1850639E+00
-0.3602519E+01 -0.2993158E+00 -0.4272919E-01  0.2606951E+01  0.3013840E+00  0.3780392E-01
-0.3359357E+01  0.9644208E-01  0.4779908E-01  0.3221992E+01 -0.1094727E+00  0.1137559E+00
-0.3481014E+01  0.2205884E+00  0.9270712E-01  0.3178712E+01  0.1082145E+00  0.1850560E+00
-0.3480591E+01  0.2214000E+00  0.1319502E+00  0.3300770E+01  0.5850399E-01 -0.1422210E+00
-0.3515755E+01  0.3068242E+00  0.2100046E+00  0.3266057E+01  0.1047720E+00  0.3318914E+00
-0.3534873E+01  0.5502128E-01  0.2601912E+00  0.2892124E+01 -0.3296076E+00 -0.4576895E+00
-0.3437307E+01 -0.5945705E-01  0.1006093E+00  0.3248104E+01 -0.1377423E+00  0.3561413E-01
-0.3512367E+01 -0.1862948E+00  0.2592689E-02  0.2983127E+01  0.4727906E+00 -0.1807457E+00
-0.3552489E+01  0.4165269E+00 -0.2117170E+00  0.2844551E+01 -0.1780378E+00  0.1600397E+00
-0.3656796E+01 -0.1218047E-01  0.3438900E-01  0.3006933E+01 -0.4413393E-01  0.2589742E+00
-0.3416098E+01 -0.2688469E-01  0.2460124E+00  0.2758463E+01 -0.2873528E+00  0.6842590E-02
-0.3529266E+01 -0.9236281E-01  0.1088616E+00  0.3296210E+01 -0.2767800E+00 -0.2426584E+00
-0.3346467E+01  0.1513618E-01 -0.1331683E+00  0.3298864E+01 -0.2763977E+00  0.9702151E-01
-0.3549410E+01  0.1723454E-01 -0.4453111E+00  0.2857232E+01  0.1262738E+00  0.1191617E+00
-0.3318081E+01 -0.7023906E-03 -0.7074644E-01  0.2815927E+01  0.8817918E-01 -0.1676290E+00
-0.3560627E+01  0.1673934E+00 -0.2798734E-01  0.2997836E+01  0.4439964E-01 -0.5860173E-01
-0.3343138E+01 -0.3791643E-01  0.6449774E-01  0.2870735E+01  0.1017941E-01  0.1492010E+00
-0.3157310E+01  0.2667607E+00 -0.1298916E+00  0.3104228E+01 -0.2276948E-01 -0.4953014E+00
-0.3548524E+01  0.4012169E+00  0.8240859E-01  0.2701649E+01  0.1377620E+00 -0.1413845E+00
-0.3574895E+01  0.3289493E-01 -0.1191943E-01  0.2838358E+01 -0.1265459E+00  0.5467190E-01
-0.3386454E+01  0.1631300E+00  0.7258802E-01  0.3101625E+01  0.4181021E-01  0.8166156E-01
-0.3283560E+01  0.5126665E-01 -0.1894209E+00  0.3056161E+01  0.2808270E+00  0.3958550E+00
-0.3596275E+01 -0.1289034E-01  0.1171789E+00  0.3024457E+01 -0.4515283E+00 -0.4227416E-01
-0.3451783E+01 -0.1207764E-01 -0.1768559E+00  0.3094008E+01 -0.2068066E+00 -0.2782424E+00
-0.3309233E+01  0.3070495E+00  0.2898474E+00  0.2927760E+01  0.2456755E+00  0.1546565E+00
-0.3428152E+01 -0.4886634E-01 -0.1069071E+00  0.2924284E+01 -0.9865614E-01 -0.2357860E+00
-0.3649715E+01  0.1473653E+00  0.2432293E-01  0.2761536E+01  0.4733408E-01  0.1508820E+00
-0.3517765E+01  0.6555544E-01 -0.1317571E+00  0.3312139E+01  0.2702412E+00  0.2169234E+00
-0.3591292E+01 -0.2683554E+00 -0.2904096E+00  0.3201893E+01 -0.1142680E+00 -0.1632041E+00
-0.3364893E+01  0.4790532E-01  0.2690656E+00  0.3392028E+01 -0.1587045E+00 -0.2101050E+00
-0.3557676E+01  0.1283754E+00  0.1423713E-02  0.2807175E+01 -0.1357295E+00 -0.4256868E-01
-0.3445514E+01 -0.7427009E-01 -0.1329612E+00  0.2937840E+01 -0.4167814E-01 -0.2085928E+00
-0.3538471E+01  0.3594010E-01  0.9554135E-01  0.3178751E+01  0.9439101E-01  0.1568684E+00
-0.3632673E+01 -0.9198595E-01 -0.8901327E-01  0.2954991E+01 -0.2285689E-01  0.2765802E+00
-0.3390904E+01  0.1684562E+00  0.1799708E+00  0.3109344E+01  0.8512186E-01  0.4750726E-01
-0.3427538E+01  0.3484606E+00 -0.2332764E-01  0.3006537E+01  0.6562664E-01  0.2735820E+00
-0.3809758E+01 -0.7349807E-01  0.1011387E+00  0.2751563E+01  0.1757862E+00  0.4788401E-01
-0.3315176E+01  0.2178228E-01 -0.3476999E-04  0.3173573E+01  0.3224858E-01  0.4371826E+00
-0.3523772E+01  0.4335947E+00 -0.5268748E-01  0.2469387E+01  0.1156368E+00 -0.1145076E+00
-0.3466060E+01  0.1666984E+00 -0.2458249E-01  0.2860081E+01  0.1522061E+00 -0.2741792E-01
-0.3530918E+01 -0.2331691E+00  0.4526520E-03  0.2920847E+01  0.7147159E-01 -0.1180280E+00
-0.3471208E+01  0.1127166E+00 -0.2876095E-01  0.2852760E+01  0.2331347E+00  0.8518331E-01
-0.3477478E+01 -0.3005145E-01  0.9018606E-01  0.3195427E+01  0.1284486E+00  0.2547175E+00
-0.3435075E+01  0.2694616E+00 -0.3269606E+00  0.3041515E+01  0.1760425E+00  0.1125629E+00
-0.3909917E+01  0.2286430E-02 -0.9114739E-01  0.3205009E+01 -0.1561168E+00  0.2994943E-01
-0.3829219E+01 -0.2750736E-01  0.2554850E+00  0.2858901E+01 -0.3935579E+00 -0.4181307E+00
-0.3493572E+01 -0.2651245E-01 -0.8018885E-02  0.3095302E+01  0.4361453E-01  0.1015915E+00
-0.3735231E+01 -0.1511188E-01  0.1872983E-01  0.2759630E+01  0.1136347E-02  0.2430940E+00
-0.3567108E+01 -0.1833602E+00 -0.4357787E-01  0.3162664E+01  0.9035281E-01 -0.3707356E+00
-0.3361846E+01 -0.2110263E+00 -0.5181166E-02  0.2890735E+01  0.1088171E+00  0.1718838E+00
-0.3484664E+01 -0.1099490E-01  0.3203977E+00  0.3186098E+01 -0.1407205E-01  0.3912501E-01
-0.3784021E+01  0.7292264E-01  0.3462730E+00  0.2967523E+01  0.9142863E-01 -0.1743996E+00
-0.3645452E+01 -0.2002343E+00 -0.4301219E-01  0.2990509E+01  0.7986416E-01  0.2243280E+00
-0.3484657E+01 -0.3423403E-02 -0.2932376E+00  0.2914351E+01  0.4803440E-01  0.1092223E+00
-0.3539232E+01 -0.1141819E+00  0.2094559E+00  0.3131461E+01  0.2242999E-01  0.6968310E-02
-0.3374553E+01 -0.3425797E+00  0.4354368E-01  0.3022486E+01  0.9660200E-01 -0.5485760E-01
-0.3190844E+01 -0.3745728E-01  0.7270975E-01  0.3162601E+01 -0.2026822E+00 -0.3285700E-02
-0.3564813E+01  0.3627647E+00  0.4517782E-01  0.2719418E+01 -0.5836844E-01 -0.1862387E+00
-0.3461740E+01 -0.9795328E-01 -0.3926328E+00  0.2795379E+01  0.4226432E-01  0.2342375E-02
-0.3444679E+01 -0.2287433E-01  0.5287063E-01  0.3082489E+01 -0.4345946E-01  0.6349634E-01
-0.3293517E+01 -0.6991029E-01 -0.1322875E+00  0.3139206E+01 -0.1965521E+00  0.2111929E+00
-0.3448719E+01 -0.2005606E+00 -0.1420407E+00  0.3074758E+01  0.2702884E+00 -0.2025148E-01
-0.3268076E+01 -0.6697397E-01 -0.4445877E+00  0.2979518E+01 -0.2254588E-01  0.1023772E+00
-0.3658864E+01  0.1175264E+00  0.1658507E+00  0.3057578E+01  0.1731321E-01  0.1219158E+00
-0.3319872E+01 -0.3846586E+00  0.2306300E+00  0.2839574E+01  0.1766744E+00  0.7360112E-01
-0.3630402E+01  0.4103913E+00  0.1180229E+00  0.2921216E+01  0.1241148E+00 -0.1277337E+00
-0.3509711E+01  0.4013903E-01  0.8603819E-01  0.2919214E+01 -0.4899973E-01 -0.7634299E-01
-0.3523452E+01  0.2137395E+00 -0.2299163E+00  0.3228582E+01 -0.5001422E-01  0.8583115E-01
-0.3712078E+01 -0.2475477E+00 -0.4914639E-01  0.2831792E+01 -0.1061395E+00 -0.3317374E-01
-0.3579069E+01 -0.7069506E-01  0.2518043E+00  0.3071882E+01 -0.1533544E-01 -0.1535856E+00
-0.3444525E+01  0.1941023E+00  0.1697878E+00  0.3138550E+01 -0.2084976E+00  0.6580782E-01
-0.3749742E+01 -0.1075097E+00  0.1173684E+00  0.2978285E+01 -0.1117291E+00  0.6182213E-01
-0.3644872E+01  0.8412094E-01 -0.6936231E-02  0.3015475E+01 -0.1221961E+00 -0.1222634E+00
-0.3510929E+01 -0.2604668E+00  0.2634047E+00  0.2828617E+01  0.1249562E+00 -0.6177510E-02
-0.3778802E+01  0.3173591E+00  0.1720210E+00  0.3177133E+01 -0.1512514E+00 -0.1810318E+00
-0.3488381E+01  0.8533583E-01 -0.4350781E-01  0.3171428E+01  0.1517715E-01 -0.1270203E-01
-0.3225167E+01 -0.5533278E-01  0.1064795E+00  0.2910662E+01  0.8476199E-01 -0.2613088E-01
-0.3544988E+01  0.2737723E+00 -0.1459902E+00  0.2875769E+01  0.2706561E-01  0.6982678E-01
-0.3489586E+01  0.1100116E+00 -0.1208588E+00  0.3067067E+01 -0.6414983E-01 -0.2943030E-01
-0.3626183E+01 -0.6205063E-01 -0.1997070E+00  0.2868336E+01  0.8589294E-01 -0.8100231E-01
-0.3177632E+01 -0.9507922E-01 -0.3677108E+00  0.3220248E+01  0.3408553E+00  0.2565094E-01
-0.3532832E+01  0.1284833E+00  0.1947326E+00  0.3221526E+01 -0.6130927E-01 -0.4780094E-01
-0.3434116E+01  0.2618757E+00 -0.2522901E+00  0.2572007E+01  0.3951717E+00  0.2009961E+00
-0.3490269E+01  0.2564191E-01  0.3980111E+00  0.2905599E+01  0.9733743E-01  0.4503698E-01
-0.3369525E+01  0.9980382E-01 -0.5131315E+00  0.2847690E+01 -0.1617017E-01 -0.1439515E+00
-0.3665604E+01  0.6112979E-01 -0.3338655E-01  0.3073463E+01  0.1426478E+00 -0.2760442E-01
-0.3618140E+01  0.2842847E-01 -0.1486946E+00  0.2754012E+01 -0.1994051E+00 -0.2024044E+00
-0.3657181E+01 -0.1891337E+00 -0.1657370E+00  0.2996544E+01 -0.4923050E-01  0.2381391E+00
-0.3580167E+01 -0.3756036E-01  0.3565737E-01  0.2686359E+01 -0.2753208E-01  0.9109467E-01
-0.3767168E+01 -0.3691213E-01  0.2387593E+00  0.2910895E+01 -0.2722288E+00  0.8241692E-01
-0.3199630E+01  0.2062188E+00  0.3945354E-01  0.2717159E+01 -0.1370270E+00 -0.1129934E+00
-0.3336649E+01  0.1435124E+00  0.2944874E+00  0.3020686E+01  0.4907918E-01 -0.1056431E+00
-0.3684786E+01 -0.1846765E+00 -0.1694374E+00  0.3043046E+01 -0.3013361E+00  0.3621936E-02
-0.3571465E+01  0.3460192E+00  0.1543648E+00  0.2950165E+01  0.8307195E-01 -0.9341100E-01
-0.3638404E+01  0.1473101E+00  0.1332753E+00  0.2944798E+01 -0.6845703E-01  0.1079575E+00
-0.3534177E+01  0.2633609E+00 -0.1160465E-01  0.2887740E+01 -0.2293679E+00 -0.2063045E+00
-0.3199368E+01  0.6946845E-01 -0.8753101E-01  0.3302198E+01  0.4055029E-01  0.1430790E+00
-0.3066804E+01  0.2593059E+00 -0.3852284E+00  0.2868726E+01 -0.2506200E+00 -0.7544940E-01
-0.3600525E+01 -0.1143708E+00  0.7501122E-01  0.3138764E+01  0.1551686E+00 -0.3009195E-01
-0.3404876E+01  0.7116492E-01 -0.2716578E-01  0.3077071E+01  0.1429212E+00 -0.2460167E-01
-0.3771974E+01  0.3487173E+00  0.1876485E+00  0.3027465E+01  0.7618820E-01 -0.1544749E+00
-0.3218229E+01  0.2694868E+00 -0.1485117E+00  0.3013706E+01  0.3021437E+00 -0.1115769E-01
-0.3467911E+01  0.2332901E+00 -0.2636808E+00  0.3074042E+01  0.2857363E-01 -0.3297928E+00
-0.3430136E+01  0.4397524E-01 -0.2712913E+00  0.2927093E+01  0.2357940E-01  0.9009373E-01
-0.3607424E+01  0.4057596E-01 -0.1041162E+00  0.3101878E+01 -0.2797476E+00 -0.2495819E+00
-0.3613720E+01 -0.8878807E-02  0.6442378E-01  0.3084452E+01  0.3750924E-02  0.3578148E-02
-0.3309275E+01 -0.1138939E-01  0.2014555E+00  0.3135000E+01 -0.2920806E-01 -0.7631911E-01
-0.3424004E+01 -0.2356091E+00  0.1793114E+00  0.3018811E+01  0.2241044E+00  0.1274756E+00
-0.3253174E+01  0.1599869E+00 -0.1714284E+00  0.3144329E+01  0.3273724E+00  0.4572185E-01
-0.3495110E+01 -0.2155162E+00 -0.1040821E+00  0.2866501E+01 -0.1039911E+00  0.2221479E+00
-0.3311486E+01 -0.1219537E+00 -0.3824132E-01  0.2833238E+01  0.1121268E+00  0.1110458E-01
-0.3605755E+01 -0.1158912E+00  0.2752019E+00  0.2941604E+01 -0.6976660E-02 -0.3195904E+00
-0.3306060E+01 -0.2375054E+00  0.2643913E+00  0.3174426E+01 -0.2915067E-01  0.1371209E+00
-0.3414310E+01 -0.2484190E+00 -0.4696189E-01  0.3092810E+01 -0.1648566E+00 -0.1027504E+00
-0.3453707E+01 -0.1419943E+00 -0.1453224E+00  0.3045428E+01  0.1629301E+00  0.2369549E-01
-0.3619354E+01  0.2679417E+00 -0.7169905E-01  0.2574511E+01 -0.3684982E-02  0.2711140E-01
-0.3452877E+01 -0.5416629E-01  0.1176347E-01  0.3302828E+01 -0.1486737E+00  0.3315727E-01
-0.3503105E+01 -0.4418534E-01  0.1887229E-01  0.2825088E+01 -0.1522399E+00 -0.3231996E+00
-0.3306452E+01  0.3599117E-01  0.2895503E+00  0.3054332E+01 -0.9289032E-01 -0.2793190E-01
-0.3617129E+01  0.3452626E+00 -0.5011808E-01  0.2921880E+01 -0.1630015E+00 -0.1132980E+00
-0.3620132E+01 -0.3179799E-01  0.6987322E-01  0.2962511E+01  0.1371684E-01 -0.9607572E-02
-0.3372224E+01  0.9309967E-01  0.2525950E-01  0.3277652E+01 -0.3627251E+00  0.1162680E+00
-0.3896250E+01  0.2302080E+00  0.3181244E+00  0.2991180E+01  0.9182371E-01 -0.1990955E+00
-0.3772057E+01  0.1130415E+00  0.2660493E+00  0.2770143E+01 -0.2708278E-01 -0.2037726E-01
-0.3472908E+01  0.1112952E+00 -0.2867359E+00  0.2646724E+01 -0.2923828E+00 -0.3582127E-01
-0.3270238E+01  0.1223720E+00 -0.1198445E+00  0.2804534E+01 -0.2451701E+00  0.4782003E-01
-0.3596029E+01 -0.3307206E+00 -0.1404856E+00  0.3065013E+01 -0.2068648E-01 -0.2348963E-01
-0.3342463E+01 -0.1113849E+00 -0.9611433E-01  0.2992712E+01 -0.4725399E-02 -0.1493268E+00
-0.3477304E+01  0.1506651E+00  0.7593885E-01  0.3171292E+01  0.1241482E-01 -0.1351038E-01
-0.3484819E+01  0.1616147E+00  0.1510173E+00  0.3112063E+01  0.2049413E+00 -0.7935988E-01
-0.3478735E+01 -0.4718776E-01 -0.3247125E+00  0.2955527E+01 -0.3768933E+00  0.2768545E+00
-0.3533562E+01  0.7357570E-01  0.2067865E+00  0.2806372E+01 -0.2764247E+00 -0.1326655E+00
-0.3248591E+01  0.2109419E+00 -0.1452006E+00  0.2956381E+01  0.1571472E+00  0.6834659E-01
-0.3554355E+01 -0.4896684E-01  0.6284673E-01  0.3252291E+01 -0.5259872E-01 -0.1059660E+00
-0.3719804E+01  0.3221716E+00  0.3185784E+00  0.3040944E+01  0.1915912E+00 -0.2292581E+00
-0.3661041E+01  0.3846145E+00 -0.2335913E+00  0.2957621E+01 -0.1331567E-02 -0.1145306E+00
-0.3516200E+01  0.4051391E+00 -0.2882387E+00  0.2688728E+01  0.2256608E+00  0.3273806E+00
-0.3463110E+01  0.1068863E+00  0.1341020E+00  0.2969619E+01  0.1567894E+00  0.1019392E-01
-0.3266380E+01  0.1287394E+00 -0.2570591E+00  0.2978981E+01 -0.2030939E+00  0.3576260E+00
-0.3609252E+01  0.3109563E-01  0.1772732E+00  0.2910010E+01  0.2119190E+00 -0.2537922E+00
-0.3099295E+01  0.3954543E-01  0.1509363E+00  0.3002967E+01 -0.8951608E-01 -0.1252276E+00
-0.3568348E+01 -0.7036164E-01 -0.4206431E-01  0.2985156E+01  0.9386380E-01  0.1850653E+00
-0.3244515E+01 -0.3402452E-01 -0.4552722E-01  0.3094261E+01 -0.3523894E+00 -0.1104476E-01
-0.3532440E+01 -0.1685349E+00  0.2388825E+00  0.3075775E+01  0.8107141E-01  0.1722415E+00
-0.3405669E+01 -0.3945275E-01 -0.2811694E-01  0.2555250E+01 -0.1092379E+00 -0.1573949E+00
-0.3600671E+01  0.1730622E+00  0.2136834E+00  0.2723863E+01  0.2064388E+00 -0.2384116E+00
-0.3275641E+01 -0.2342483E+00  0.7211067E-01  0.3184723E+01 -0.2019214E+00 -0.1354225E+00
-0.3639467E+01 -0.8618545E-01 -0.1563462E+00  0.2949854E+01  0.2841122E+00 -0.1097987E+00
-0.3435969E+01  0.7781543E-01 -0.1285318E+00  0.3142081E+01 -0.5216404E-01  0.3446945E+00
-0.3135554E+01  0.2333757E-01  0.2477021E+00  0.3003846E+01 -0.1057062E+00 -0.6138702E-01
-0.3295473E+01  0.2387624E+00 -0.1668340E+00  0.3180445E+01  0.1128540E+00  0.9252434E-01
-0.3287699E+01 -0.6487189E-01 -0.1072923E+00  0.3094665E+01 -0.1349418E+00  0.1724972E+00
-0.3433417E+01  0.1514147E+00  0.8342856E-01  0.3131061E+01 -0.1167744E+00 -0.7315000E-01
-0.3340497E+01  0.1309630E+00 -0.1980716E+00  0.2900637E+01 -0.1956725E+00 -0.9898605E-01
-0.3906330E+01 -0.1544557E+00  0.5239699E-01  0.2531620E+01 -0.4927520E-01  0.1537514E+00
-0.3109254E+01  0.3203070E+00  0.1819731E+00  0.3001317E+01  0.2373055E+00 -0.6989376E-01
-0.3505810E+01  0.4111847E-01  0.1518737E+00  0.2892318E+01 -0.7388533E-01  0.1994142E+00
-0.3552921E+01  0.2504413E+00 -0.1399051E+00  0.3049842E+01  0.1784669E+00 -0.7633740E-01
-0.3380741E+01  0.3381210E-01  0.7727353E-01  0.2939260E+01  0.1426614E+00 -0.6158002E-01
-0.3375992E+01  0.1412127E+00 -0.1850172E+00  0.2992373E+01 -0.1055347E+00  0.1868493E+00
-0.3447621E+01  0.4179887E-01  0.1848850E+00  0.3034197E+01 -0.2147782E+00  0.1737435E+00
-0.3601345E+01 -0.1938551E+00 -0.8084551E-01  0.3038075E+01  0.2503938E-01  0.1648596E-01
-0.3759638E+01  0.1764444E+00 -0.1104862E+00  0.2907310E+01  0.3170419E+00  0.4097102E-01
-0.3269292E+01 -0.1006522E+00  0.2347598E+00  0.2976927E+01  0.6808370E-01  0.6508416E-01
-0.3600410E+01 -0.7566916E-01 -0.9838934E-01  0.3203914E+01  0.1597628E+00 -0.1925488E+00
-0.3627862E+01  0.2762923E+00 -0.3309572E+00  0.2875374E+01 -0.8302130E-01 -0.1439663E-02
-0.3478232E+01  0.1044196E+00  0.2742763E-01  0.3218663E+01  0.3775242E+00 -0.1653375E+00
-0.3660997E+01  0.1182062E+00  0.3141945E+00  0.3028298E+01  0.7967420E-03 -0.1647330E+00
-0.3443759E+01 -0.4261623E-01 -0.9037949E-01  0.3110672E+01  0.2990404E-01  0.9123973E-02
-0.3501233E+01  0.2263845E+00 -0.4682679E-01  0.3023017E+01  0.3927461E+00 -0.1255224E+00
-0.3519806E+01 -0.3614102E+00  0.2840728E-01  0.3021988E+01  0.1299042E+00 -0.8298533E-01
-0.3490767E+01  0.1006849E+00 -0.4056634E-01  0.2783011E+01  0.2068645E+00 -0.1017468E+00
-0.3621770E+01  0.1653826E+00 -0.1563003E+00  0.2759010E+01 -0.2056417E-01 -0.1226262E+00
-0.3454434E+01  0.1666820E+00 -0.4620023E-01  0.2747812E+01  0.8132407E-01  0.9189471E-01
-0.3644446E+01  0.1902931E+00  0.1249345E+00  0.3143298E+01  0.1392936E+00  0.1904954E-01
-0.3329553E+01 -0.1342290E+00  0.1333546E-01  0.2791046E+01 -0.2770353E-01  0.2180795E+00
-0.3444221E+01  0.2527994E+00  0.1976065E+00  0.2951261E+01 -0.3652475E+00  0.5765065E-01
-0.3476921E+01  0.1765094E+00  0.2226502E+00  0.2969425E+01 -0.5981175E-01 -0.1468046E+00
-0.3571288E+01 -0.6511770E-01 -0.1793470E+00  0.2659822E+01 -0.9619362E-01 -0.3242229E-01
-0.3505508E+01 -0.6192078E-01 -0.1244899E+00  0.2920496E+01  0.1160912E+00  0.2543781E+00
-0.3311573E+01 -0.2056296E-01  0.1127522E+00  0.2797194E+01  0.2450247E+00 -0.2601297E+00
-0.3420091E+01 -0.3658836E+00  0.1755942E+00  0.3305262E+01  0.1508102E+00 -0.9284205E-01
-0.3530749E+01  0.1601111E+00 -0.2383096E+00  0.3054401E+01  0.2526868E+00 -0.5703666E-01
-0.3260232E+01  0.2263002E+00  0.9244691E-01  0.3138832E+01  0.1265007E+00  0.7576122E-01
-0.3558922E+01  0.2137229E+00  0.1360244E+00  0.3113405E+01  0.2313141E+00 -0.1593717E+00
-0.3224984E+01 -0.1744887E+00  0.2927054E+00  0.2916416E+01 -0.1631557E+00  0.6602472E-01
-0.3633197E+01  0.7739857E-01  0.1023748E-01  0.2991446E+01  0.2524450E+00 -0.1515916E+00
-0.3506504E+01 -0.1347380E+00  0.8924574E-01  0.2804766E+01 -0.4557192E-01  0.8463865E-01
-0.3230217E+01  0.2809536E+00 -0.2215116E+00  0.3001653E+01  0.9366903E-02  0.4011816E-01
-0.3169032E+01  0.9287094E-01 -0.1449504E+00  0.2896369E+01 -0.1241886E+00 -0.2136542E+00
-0.3042678E+01 -0.2184951E+00 -0.2627325E+00  0.2959846E+01 -0.1888215E+00  0.4943166E-01
-0.3361203E+01  0.5124720E-01 -0.1071754E+00  0.2818679E+01  0.2668695E-01  0.3543159E-01
-0.3878251E+01 -0.3307024E-01 -0.1939880E+00  0.2891162E+01  0.4099563E-01  0.1826111E+00
-0.3365003E+01  0.1894836E+00  0.9922342E-01  0.3162734E+01 -0.7671943E-01  0.4694981E-01
-0.3492403E+01 -0.8760511E-01 -0.2243306E-01  0.3058105E+01  0.1828308E+00 -0.1939296E+00
-0.3620964E+01 -0.3502089E-01  0.3274259E-01  0.3227999E+01 -0.1674840E+00 -0.9013744E-01
-0.3653669E+01 -0.2894058E+00  0.7051069E-01  0.2813704E+01 -0.1956549E+00 -0.3975293E+00
-0.3414741E+01 -0.3744456E-01  0.2578085E+00  0.3186223E+01 -0.1986597E+00 -0.1317071E+00
-0.3678170E+01  0.5056966E-01 -0.1283274E+00  0.2856690E+01 -0.8288845E-01  0.1261379E+00
-0.3600576E+01  0.5252474E-01  0.7347635E-01  0.2836973E+01  0.8555312E-02 -0.2416850E+00
-0.3562410E+01  0.2995240E-01  0.2024267E-01  0.3184549E+01  0.6359689E-02  0.7373095E-01
-0.3448399E+01  0.3497408E+00 -0.1812069E+00  0.3010122E+01 -0.1932110E+00 -0.2352403E-01
-0.3508245E+01 -0.1631446E+00 -0.3671345E+00  0.2764100E+01 -0.1567107E+00  0.1464125E+00
-0.3611098E+01 -0.2005033E+00  0.1102124E+00  0.2895477E+01 -0.9677830E-01 -0.1497509E+00
-0.3489406E+01  0.4611564E+00  0.1363762E+00  0.2930279E+01 -0.3000964E-01  0.6163877E-01
-0.3861620E+01  0.2020652E+00  0.4103010E-01  0.3063394E+01  0.3007671E+00 -0.1056707E+00
-0.3625378E+01  0.8953875E-01 -0.1002895E-01  0.3390502E+01  0.5457404E-01 -0.1893259E+00
-0.3465202E+01 -0.1019428E+00 -0.1234644E+00  0.3209002E+01  0.7474683E-01 -0.1294540E+00
-0.3639559E+01 -0.8935173E-01 -0.6030244E-01  0.2982496E+01 -0.2646844E+00  0.1026027E+00
-0.3484702E+01 -0.7888987E-02 -0.2867010E+00  0.2891650E+01  0.9761735E-01 -0.4537710E-01
-0.3340911E+01  0.1986609E-01  0.2494085E+00  0.3059197E+01  0.1253791E+00 -0.2145003E+00
-0.3438630E+01 -0.2129769E-01  0.3776867E+00  0.3159306E+01  0.1016973E+00 -0.4550589E-01
-0.3586667E+01  0.5698099E-01  0.1709012E+00  0.3047285E+01  0.5915147E-01 -0.2251172E-01
-0.3542896E+01 -0.3159549E-01  0.1742814E+00  0.3092948E+01 -0.2027967E+00  0.2169665E+00
-0.3423466E+01  0.1244904E+00 -0.1716218E-01  0.2737813E+01 -0.6104122E-01 -0.4462804E+00
-0.3646235E+01  0.2386491E+00 -0.9895672E-01  0.3216746E+01 -0.5993686E-01 -0.1576790E+00
-0.3186838E+01  0.1623415E+00 -0.6356079E-01  0.2685146E+01  0.2290770E+00 -0.7202273E-01
-0.3575743E+01 -0.1309862E+00  0.1953544E+00  0.3049705E+01  0.5331690E-01  0.6199225E-01
-0.3637513E+01 -0.2022050E+00  0.2418062E+00  0.2878441E+01 -0.1120245E+00  0.1555090E+00
-0.3442070E+01  0.7026062E-01 -0.4489516E-01  0.3106177E+01  0.7434427E-01 -0.1550335E+00
-0.3296440E+01 -0.3111762E-01  0.4585018E+00  0.2997848E+01 -0.1114127E+00 -0.6763263E-01
-0.3210869E+01 -0.2550372E+00 -0.2595017E+00  0.2984269E+01 -0.5810129E-01 -0.1790652E+00
-0.3620482E+01  0.1486356E+00  0.5431600E-01  0.2928015E+01 -0.1674847E+00  0.1476646E+00
-0.3355853E+01  0.2660526E+00  0.1059163E+00  0.3077327E+01 -0.7963248E-01  0.1014106E+00
-0.3871000E+01  0.2327039E+00 -0.1195287E+00  0.3009187E+01  0.3180740E+00  0.5829879E-02
-0.3320577E+01 -0.7613798E-01  0.1585700E+00  0.3064091E+01  0.1398297E+00  0.5525234E-01
-0.3529104E+01  0.6120107E-01 -0.3671140E-01  0.2873469E+01  0.3677736E-01  0.9786414E-01
-0.3907717E+01  0.2069174E+00  0.9398354E-01  0.3241048E+01  0.1206309E+00 -0.3946261E+00
-0.3569567E+01  0.2192836E+00 -0.1270126E-01  0.2958947E+01 -0.1406480E+00  0.1271722E+00
-0.3477360E+01 -0.8545483E-01 -0.1452118E+00  0.3058412E+01  0.1047729E+00  0.5574042E-01
-0.3894016E+01  0.5836766E-01  0.2173576E+00  0.3156361E+01 -0.1373465E+00  0.2100269E+00
-0.3608377E+01  0.4097475E-02  0.4723308E-01  0.3027661E+01  0.6720762E-01 -0.4506994E+00
-0.3312455E+01 -0.2192661E+00  0.2056971E+00  0.2996327E+01 -0.2868204E+00  0.2267522E+00
-0.3614922E+01  0.1534589E+00  0.6910552E-01  0.3013215E+01 -0.1899950E-01  0.1060608E+00
-0.3541994E+01  0.1412082E+00 -0.6263188E-01  0.2870634E+01 -0.4060164E-01  0.1699815E+00
-0.3553569E+01 -0.2243267E+00  0.5124691E+00  0.3094098E+01 -0.2217912E+00 -0.1207360E+00
-0.3455910E+01 -0.1273123E-01  0.1546976E+00  0.2924215E+01  0.3330385E-01 -0.1477550E+00
-0.3575259E+01 -0.7886942E-01 -0.4001418E-01  0.3342144E+01  0.2493241E+00  0.3480772E-01
-0.3320834E+01 -0.3357593E+00 -0.8886191E-01  0.2853590E+01  0.7818220E-01 -0.8526393E-01
-0.3884828E+01  0.7859264E-01  0.3040127E+00  0.2878599E+01 -0.9336313E-01 -0.3051899E+00
-0.3566786E+01  0.8590553E-01 -0.1744684E+00  0.2958503E+01  0.1926626E+00  0.1479675E+00
-0.3587475E+01  0.3768216E-01  0.8558757E-01  0.3035918E+01 -0.4470181E-01  0.2863624E+00
-0.3578973E+01  0.3240559E+00  0.2291359E+00  0.2981807E+01 -0.6131202E-01  0.7682244E-01
-0.3570457E+01  0.1096673E+00 -0.2751055E-01  0.2794526E+01  0.1609660E+00  0.1374507E+00
-0.3460898E+01  0.6066328E-01  0.2519231E+00  0.2919314E+01  0.2066543E+00  0.4359637E-01
-0.3333122E+01 -0.1963184E+00 -0.6027782E-01  0.3068835E+01  0.2157332E+00 -0.8901164E-01
-0.3675508E+01  0.9599814E-01  0.1492266E+00  0.3114670E+01 -0.6452538E-01 -0.1516957E+00
-0.3341255E+01 -0.1595596E+00 -0.1549507E+00  0.2792598E+01 -0.9049526E-01  0.4926056E-01
-0.3666900E+01  0.9886086E-01 -0.7000595E-02  0.2896554E+01  0.7272890E-01  0.1045370E+00
-0.3528140E+01 -0.2526387E-01  0.8177895E-01  0.2928942E+01  0.2630294E+00  0.2484422E-01
-0.3521581E+01  0.2312492E-02  0.2353613E+00  0.3134347E+01  0.1206033E+00  0.8261530E-02
-0.3563639E+01  0.1887156E+00 -0.2801443E+00  0.2749676E+01 -0.8964538E-03 -0.1281976E+00
-0.3634281E+01  0.7817772E-01  0.1284027E+00  0.2978938E+01 -0.2165575E+00 -0.7386579E-01
-0.3412033E+01 -0.2818718E-01 -0.9117386E-01  0.3302758E+01  0.9046346E-01  0.1805331E+00
-0.3222134E+01 -0.2939218E-01 -0.2835895E-01  0.2685144E+01 -0.2825520E+00 -0.1315335E+00
-0.3420424E+01  0.8185197E-01 -0.4543443E-01  0.2907121E+01  0.2918259E+00  0.1372262E+00
-0.3617286E+01  0.6657614E-01  0.1899516E-01  0.2913708E+01  0.1857178E+00 -0.3276039E+00
-0.3501868E+01  0.2102308E+00  0.4753608E-01  0.3230694E+01  0.1415002E+00 -0.3736092E+00
-0.3629258E+01 -0.1505762E+00  0.1365618E+00  0.2879907E+01 -0.1832040E+00 -0.2335803E+00
-0.3442299E+01  0.2506590E+00  0.1889847E+00  0.3069232E+01 -0.2082096E-01  0.3215696E+00
-0.3504639E+01 -0.2057989E+00 -0.1825635E+00  0.3181481E+01  0.3148410E+00 -0.2211223E+00
-0.3378990E+01  0.8811933E-01  0.2057050E-01  0.2793128E+01  0.1120068E-01 -0.5580705E-01
-0.3661271E+01 -0.5452072E-01  0.6989488E-01  0.3263198E+01  0.3109352E-01  0.6106910E-01
-0.3237906E+01 -0.3952726E-01  0.2368449E+00  0.3149312E+01 -0.2010122E+00 -0.3118950E-01
-0.3588981E+01 -0.8561819E-01  0.1107668E+00  0.3144371E+01 -0.5444142E-01 -0.2930145E+00
-0.3223812E+01 -0.1625214E+00 -0.1932314E-01  0.2941071E+01  0.3697909E-01 -0.1728643E+00
-0.3786734E+01 -0.2159444E+00  0.7155882E-01  0.3053857E+01  0.1389416E+00  0.5725185E-01
-0.3428386E+01 -0.9178481E-01  0.1731360E+00  0.2971441E+01 -0.1963930E+00 -0.1911561E-01
-0.3601467E+01  0.4679784E+00 -0.4889233E+00  0.3184023E+01  0.7578986E-01 -0.1311132E+00
-0.3332363E+01 -0.2969124E-01 -0.1006412E+00  0.2817449E+01 -0.5182502E-01  0.2272978E+00
-0.3303705E+01  0.1731094E+00  0.2580784E+00  0.2835525E+01  0.1741488E+00  0.2609778E+00
-0.3678294E+01  0.2069608E+00  0.3235366E+00  0.2943367E+01 -0.8923660E-01  0.6893817E-01
-0.3444412E+01  0.3348622E-01 -0.2515875E+00  0.2666813E+01  0.1349395E+00 -0.5765916E-01
-0.3336411E+01  0.6843511E-01  0.3059562E-01  0.2879490E+01 -0.1766337E+00  0.7646221E-01
-0.3429395E+01 -0.5737361E-01  0.1039686E+00  0.2996894E+01 -0.1321011E+00 -0.9478064E-01
-0.3852376E+01  0.1310613E-01  0.2710915E+00  0.2940757E+01  0.1152403E+00  0.7556448E-01
-0.3576237E+01 -0.5941324E-01  0.7310669E-01  0.3038877E+01  0.2272718E+00  0.6122810E-01
-0.3254800E+01 -0.7247658E-02  0.9093838E-03  0.3032896E+01 -0.8862429E-01  0.2219342E+00
-0.3392449E+01  0.1384127E-01 -0.1755079E+00  0.3059897E+01  0.9595885E-01 -0.3027575E+00
-0.3392716E+01  0.9825622E-01  0.1634801E+00  0.3018463E+01  0.3066909E+00 -0.1548331E+00
-0.3522574E+01  0.3543878E+00 -0.1047769E+00  0.3345322E+01  0.8222256E-01 -0.1613415E+00
-0.3332060E+01  0.1378334E-01 -0.1143097E+00  0.3031072E+01 -0.2981110E-01 -0.2798206E+00
-0.3555571E+01  0.1034875E+00  0.1953149E+00  0.2851468E+01 -0.9792141E-01 -0.1721496E-02
-0.3523635E+01  0.2919902E-01 -0.3481485E-01  0.2817504E+01 -0.1853821E+00 -0.9471497E-01
-0.3654319E+01  0.5458358E-01 -0.8677751E-02  0.3238120E+01  0.1751900E+00  0.2295564E+00
-0.3447557E+01 -0.9151346E-01 -0.3521796E-01  0.2915210E+01  0.1557513E+00  0.7975595E-01
-0.3470800E+01  0.7099434E-01 -0.1657822E+00  0.2993221E+01  0.1963407E+00 -0.8488812E-01
-0.3411676E+01  0.1065937E+00 -0.3779444E+00  0.2914396E+01 -0.1998840E+00  0.6344511E-01
-0.3569307E+01  0.1023561E+00 -0.9224469E-01  0.2978989E+01  0.2251115E+00  0.3669583E-01
-0.3284009E+01  0.6705815E-02 -0.3200612E-01  0.2862845E+01  0.4050041E+00  0.2926312E+00
-0.3607487E+01  0.2436802E+00 -0.3045527E+00  0.2903614E+01 -0.2666940E+00  0.1603757E+00
-0.3492775E+01 -0.1322327E+00  0.9288197E-03  0.2863121E+01  0.1549168E+00  0.2695664E+00
-0.3460234E+01 -0.7049994E-01 -0.1190704E-01  0.3332744E+01 -0.4031970E-01 -0.1094871E+00
-0.3466580E+01  0.6954945E-01  0.3210770E-01  0.3049655E+01 -0.6613331E-01  0.1149566E+00
-0.3513343E+01  0.2792691E+00  0.1660473E-01  0.2922619E+01 -0.1696467E+00  0.9283298E-01
-0.3387412E+01 -0.6643444E-01  0.7353884E-01  0.2903976E+01 -0.3537829E-01  0.5659942E-01
-0.3530837E+01  0.4204044E-01  0.9335770E-01  0.3089984E+01  0.1891213E+00 -0.1040826E+00
-0.3505371E+01 -0.2717802E+00 -0.1804217E+00  0.3053864E+01 -0.6486976E-01  0.8819579E-01
-0.3437976E+01 -0.1125889E+00 -0.1083352E+00  0.2998513E+01  0.2552926E+00  0.2474532E+00
-0.3863897E+01  0.7910377E-01  0.1184170E+00  0.3076520E+01 -0.8931878E-01  0.1929221E+00
-0.3767432E+01  0.5916244E-01  0.2299308E+00  0.3161765E+01  0.1797733E+00  0.4520817E+00
-0.3370169E+01  0.2433409E+00 -0.9763774E-01  0.3006799E+01 -0.4087214E-01 -0.1189586E+00
-0.3612812E+01 -0.1918247E+00 -0.4357931E+00  0.3010100E+01 -0.1618250E+00  0.1418667E+00
-0.3571498E+01 -0.4500600E-01  0.2767127E+00  0.3031726E+01 -0.9434092E-01 -0.1658668E-01
-0.3607049E+01 -0.1751364E+00  0.3020695E+00  0.2832387E+01 -0.1366831E+00 -0.3143501E+00
-0.3547817E+01  0.7544527E-01  0.2678126E-01  0.3248221E+01  0.2438995E-01  0.1061324E-01
-0.3502638E+01  0.1826070E+00  0.9633725E-01  0.2878765E+01  0.1818182E+00 -0.3461070E+00
-0.3815622E+01  0.8780873E-01 -0.2146124E+00  0.2795412E+01  0.1009084E-01  0.1808898E+00
-0.3374329E+01 -0.1328325E+00  0.9272689E-01  0.3009664E+01 -0.2807488E+00 -0.3916134E-02
-0.3587431E+01 -0.1223215E+00  0.1166118E+00  0.2844279E+01 -0.4691147E-02 -0.1215111E+00
-0.3287873E+01  0.8530672E-01 -0.2129169E-01  0.3148896E+01 -0.2319971E+00 -0.2234939E+00
-0.3060365E+01  0.5562219E+00  0.4261547E-01  0.3334637E+01 -0.1336963E+00 -0.2964737E+00
-0.3127283E+01 -0.1477560E+00  0.6287403E-01  0.2942715E+01 -0.3647308E-01  0.1437600E+00
-0.3644866E+01 -0.9651628E-01 -0.1355813E+00  0.2757462E+01  0.7099180E-01 -0.1552458E+00
-0.3454783E+01 -0.4385977E-01 -0.2591124E+00  0.2793216E+01  0.2225637E+00 -0.1574272E+00
-0.3261258E+01  0.2339252E+00 -0.2425590E+00  0.3203075E+01 -0.6359797E-01  0.6477725E-01
-0.3460420E+01  0.2787019E+00  0.1939706E+00  0.2935837E+01 -0.1366260E+00 -0.3563608E+00
-0.3608177E+01 -0.4142783E+00 -0.4522543E-01  0.3145634E+01  0.2503540E+00  0.3851233E+00
-0.3800483E+01 -0.3178024E-03  0.2278432E+00  0.2943922E+01 -0.2375384E+00  0.1239641E+00
-0.3420817E+01 -0.1838289E+00  0.1824735E+00  0.3119600E+01 -0.1409440E+00  0.1192098E+00
-0.3364142E+01  0.2014553E+00 -0.1328635E+00  0.3132313E+01  0.8390103E-01  0.2841955E+00
-0.3429395E+01 -0.7402394E-01  0.6074071E-02  0.2844504E+01  0.1474773E+00  0.7307236E-01
-0.3720375E+01  0.1782311E+00  0.2437087E+00  0.3105773E+01  0.1634208E+00 -0.5753407E-01
-0.3646540E+01 -0.1613571E+00 -0.2988436E+00  0.2861542E+01 -0.4269392E-01  0.8348824E-02
-0.2997849E+01  0.1972090E+00 -0.1446032E+00  0.3164587E+01 -0.1366092E-01 -0.1882954E+00
-0.3572951E+01  0.1309797E+00  0.2698379E+00  0.2884131E+01 -0.8828536E-01 -0.6762655E-01
-0.3450685E+01  0.2150541E+00 -0.1406505E+00  0.2878844E+01  0.5865099E-01 -0.2371389E+00
-0.3509569E+01  0.1768184E+00 -0.1458271E-01  0.2895166E+01 -0.1184917E+00  0.8584284E-01
-0.3332423E+01  0.4247274E-01  0.1938384E+00  0.2717949E+01  0.1807584E+00  0.1695157E+00
-0.3378043E+01  0.1948011E-01 -0.3781929E-01  0.3409575E+01  0.8873936E-01  0.2327426E+00
-0.3301037E+01  0.1587082E+00  0.1151020E+00  0.3256487E+01 -0.1313800E+00 -0.3206428E+00
-0.3553000E+01 -0.6857794E-01 -0.5213364E-02  0.2692431E+01 -0.2633995E-01  0.8215015E-01
-0.3284684E+01  0.1801234E+00 -0.1418353E+00  0.2834621E+01 -0.2183688E+00  0.3148219E+00
-0.3475045E+01  0.1162586E+00  0.1616161E+00  0.3065607E+01  0.1515345E+00 -0.2940327E+00
-0.3374677E+01  0.2141982E+00  0.2845041E+00  0.3163866E+01  0.5562419E-02  0.1982790E+00
-0.3436465E+01 -0.4161382E+00  0.1145899E-01  0.2968829E+01 -0.8953458E-01 -0.1463741E+00
-0.3324347E+01 -0.1025083E+00  0.9658969E-01  0.2791504E+01 -0.2772410E+00  0.1771320E+00
-0.3224381E+01 -0.1083270E+00 -0.2631738E-02  0.2898028E+01 -0.3173482E+00 -0.6384835E-01
-0.3598934E+01  0.1909203E-01  0.3730531E+00  0.2777055E+01  0.3927413E-01  0.4646418E+00
-0.3556017E+01  0.2742309E-01  0.6851675E-01  0.3175220E+01 -0.4223031E-01  0.2146995E+00
-0.3560434E+01  0.4375085E-01  0.1115058E+00  0.3083276E+01  0.1329194E+00  0.8366626E-01
-0.3753216E+01 -0.1644268E+00 -0.7825649E-01  0.2750268E+01 -0.7156866E-01  0.4692429E-01
-0.3734546E+01 -0.2569283E+00 -0.1284603E-01  0.2975120E+01 -0.2653979E+00  0.1153730E+00
-0.3811366E+01  0.1729081E-01  0.4347212E+00  0.3068333E+01  0.1073338E+00 -0.2661179E+00
-0.3266880E+01  0.2370656E+00 -0.4001945E+00  0.3180279E+01  0.1080109E+00 -0.1141653E+00
-0.3409920E+01 -0.5561054E-01  0.5258210E+00  0.2979329E+01  0.9690627E-01  0.1905252E+00
-0.3251786E+01 -0.1325430E-01 -0.1282157E+00  0.2804968E+01 -0.3364843E+00  0.2583849E-01
-0.3319728E+01 -0.5143886E-01  0.2526014E-01  0.2766962E+01 -0.1910401E+00 -0.6537107E-01
-0.3401269E+01  0.2220792E+00 -0.2024157E+00  0.2993486E+01  0.9755692E-01  0.2163774E+00
-0.3337513E+01  0.2734434E+00 -0.7536153E-01  0.2818800E+01 -0.3314339E+00 -0.3367509E+00
-0.3682148E+01 -0.7206118E-01  0.3581510E-01  0.2682544E+01 -0.1974274E-02  0.2150194E+00
-0.3543133E+01 -0.9281641E-01  0.2407830E+00  0.2999234E+01 -0.4300119E+00 -0.8647735E-02
-0.3464404E+01 -0.2600262E+00 -0.1785019E+00  0.2952191E+01 -0.1257493E+00  0.1371725E+00
-0.3554325E+01 -0.1004630E+00 -0.2111738E+00  0.3038359E+01 -0.1397225E+00  0.3912212E-01
-0.3744122E+01 -0.1212472E+00 -0.1372211E+00  0.3020155E+01  0.8106502E-01 -0.6573926E-01
-0.3601588E+01 -0.3033579E-01  0.1944474E+00  0.2715911E+01  0.2991550E+00 -0.1922724E-01
-0.3180576E+01 -0.1081157E-01  0.1565977E-01  0.3032416E+01 -0.1221748E+00 -0.1736020E+00
-0.3844249E+01 -0.1590849E+00 -0.3630434E+00  0.2855020E+01  0.2223664E+00 -0.5065698E+00
-0.3758246E+01 -0.9264157E-01  0.2376717E+00  0.2678986E+01  0.2659803E+00  0.4927555E-02
-0.3478520E+01 -0.2473350E+00 -0.7637323E-01  0.3149710E+01  0.8546385E-01  0.2503207E+00
-0.3178595E+01  0.4465338E+00 -0.4958144E-01  0.2917604E+01  0.3211548E+00  0.7902975E-01
-0.3635904E+01 -0.6676209E-02 -0.1726665E+00  0.3179115E+01 -0.7925838E-01  0.7872463E-01
-0.3568921E+01 -0.5900341E-01  0.1857121E+00  0.3063850E+01  0.6186436E-01  0.6266056E-01
-0.3366008E+01  0.1739811E+00 -0.1896419E+00  0.3165248E+01  0.1964348E-01  0.5122821E-01
-0.3675708E+01 -0.9528601E-01  0.1076891E+00  0.2899773E+01  0.6823298E-01  0.4743647E-01
-0.3614688E+01 -0.4733247E-01 -0.2566629E+00  0.2653191E+01  0.3388820E+00 -0.1315020E+00
-0.3473878E+01  0.5660703E-01 -0.4209151E-01  0.3149034E+01 -0.2335643E+00  0.1828044E+00
-0.3551140E+01  0.1680208E+00  0.3558756E+00  0.2840209E+01  0.6256518E-01 -0.1884090E+00
-0.3549335E+01  0.2415748E+00 -0.1349160E+00  0.2964847E+01 -0.1903849E+00 -0.1878408E+00
-0.3570522E+01 -0.2541860E+00  0.4714454E-01  0.3118975E+01  0.3714429E+00  0.2563521E-01
-0.3554466E+01 -0.6662014E-01  0.2378303E+00  0.3249785E+01 -0.5271695E-01 -0.3087350E-01
-0.3386845E+01  0.2428708E+00 -0.2866112E+00  0.3104030E+01 -0.7281389E-01 -0.1936551E+00
-0.3537470E+01 -0.1185182E+00 -0.2507586E+00  0.2784868E+01  0.1070121E-01  0.5349460E-01
-0.3498556E+01  0.1244630E+00  0.1318558E+00  0.2877377E+01  0.1045584E+00 -0.2803333E+00
-0.3524805E+01  0.4025105E+00 -0.1482700E-01  0.2870768E+01  0.4719466E-01  0.2461517E-01
-0.3225064E+01 -0.1298982E+00  0.1288792E+00  0.2948341E+01 -0.1151185E+00 -0.1062375E+00
-0.3639586E+01 -0.8378448E-01 -0.3092407E+00  0.3082875E+01 -0.5903948E+00  0.2454565E-01
-0.3376841E+01  0.4916613E-02  0.8469630E-01  0.2966624E+01  0.4254678E-01  0.1822411E+00
-0.3287837E+01  0.1270138E+00  0.9675943E-01  0.3351273E+01 -0.2305345E+00  0.3277844E-01
-0.3666354E+01  0.6925236E-01 -0.2235870E+00  0.2923397E+01 -0.1842358E+00 -0.4233047E-01
-0.3471938E+01 -0.2551361E+00 -0.1824207E+00  0.2739374E+01  0.5785668E-01 -0.7148328E-01
-0.3524692E+01 -0.1351190E+00 -0.5397189E-01  0.3237130E+01  0.1578080E+00 -0.6249360E-01
-0.3441027E+01  0.2745693E+00  0.3238648E+00  0.2647660E+01  0.9087182E-01  0.8963882E-01
-0.3816686E+01 -0.1480810E-01  0.6871278E-01  0.2755187E+01  0.3466544E-01  0.2424578E-03
-0.3258824E+01 -0.1779975E+00 -0.6418745E-01  0.2896767E+01 -0.7913493E-01 -0.1167894E+00
-0.3613439E+01  0.5430594E+00 -0.6371817E-01  0.2904926E+01 -0.9326685E-01  0.3686080E+00
-0.3424193E+01 -0.1226405E-01 -0.1991002E+00  0.2943658E+01  0.1461719E+00  0.3332932E+00
-0.3612490E+01  0.3581992E+00  0.1822399E-01  0.3120634E+01 -0.3914375E+00 -0.3270249E+00
-0.3580800E+01  0.1722591E-01 -0.2894538E+00  0.3023295E+01 -0.1187861E+00  0.8524609E-01
-0.3434929E+01 -0.6202996E-01  0.8242671E-01  0.2943687E+01  0.1592858E+00 -0.9709594E-01
-0.3491996E+01  0.2358916E+00 -0.2691673E+00  0.3014410E+01  0.1000841E+00 -0.6320178E-03
-0.3354566E+01 -0.4668511E-01  0.2801561E+00  0.2848675E+01  0.3456718E+00 -0.2251986E+00
-0.3237066E+01  0.3645001E-01  0.1261344E-01  0.2944960E+01 -0.9217898E-01  0.2768555E-01
-0.3730978E+01  0.1355408E+00  0.2191991E-01  0.3251386E+01 -0.1674291E+00 -0.1846717E+00
-0.3390757E+01  0.4159030E+00 -0.7650010E-01  0.2934835E+01 -0.1759178E+00  0.3711470E+00
-0.3593092E+01  0.7613752E-01  0.1567697E+00  0.2881229E+01  0.3002162E-01 -0.4574439E-02
-0.2975946E+01 -0.6684459E-02 -0.2072881E+00  0.2625075E+01 -0.1259469E+00 -0.2831810E-01
-0.3259474E+01 -0.8249966E-01  0.5883332E-01  0.3295537E+01 -0.1642528E-01 -0.3200264E+00
-0.3449562E+01 -0.5421171E+00  0.1297353E-01  0.2788245E+01  0.8793003E-01 -0.3514676E+00
-0.3396062E+01 -0.3471190E-01  0.8889142E-01  0.3025357E+01 -0.5938001E-01 -0.6810864E-01
-0.3517068E+01 -0.1505171E+00 -0.3266145E-01  0.3267889E+01  0.5736052E-01  0.5444768E-01
-0.3585019E+01  0.8351355E-01 -0.5928107E-01  0.2793132E+01  0.3661882E+00 -0.2563154E+00
-0.3560775E+01  0.1391567E+00 -0.4905277E-01  0.3263068E+01  0.2420583E+00  0.8439821E-01
-0.3420912E+01 -0.2292022E-01  0.6020268E-01  0.3279066E+01 -0.5711066E-01 -0.1257409E-01
-0.3220811E+01 -0.2810784E+00 -0.1297678E+00  0.3066561E+01  0.2062528E-01  0.5349303E+00
-0.3686474E+01  0.2019251E+00  0.2175465E+00  0.2587358E+01 -0.1289807E+00  0.2137348E-01
-0.3646384E+01  0.1823730E+00 -0.1760660E+00  0.2923337E+01  0.5055200E-01  0.4306173E+00
-0.3404074E+01  0.2539709E+00  0.1684256E+00  0.3162871E+01  0.1839734E+00  0.5983815E-01
-0.3340515E+01  0.1735495E+00 -0.2229565E+00  0.3169064E+01  0.9287049E-02 -0.9418923E-01
-0.3413267E+01  0.1160723E+00  0.3208614E-01  0.2687005E+01 -0.7742638E-01 -0.5235303E-01
-0.3643418E+01 -0.4292694E+00 -0.2896016E+00  0.2902086E+01  0.2571208E+00 -0.2433964E+00
-0.3613082E+01  0.9496865E-01  0.1763018E+00  0.3293220E+01  0.3809073E-01  0.1529265E+00
-0.3488594E+01  0.9370288E-01 -0.6909907E-02  0.3115457E+01 -0.1047859E+00 -0.2965336E-02
-0.3291483E+01  0.9891047E-01  0.2446159E-01  0.2826205E+01 -0.5612249E-01 -0.3829078E-01
-0.3798568E+01 -0.1571764E+00 -0.2285259E+00  0.3119262E+01  0.1473178E+00  0.1730319E+00
-0.3689176E+01  0.6591950E-01  0.1473774E+00  0.3017377E+01  0.1760593E+00  0.3582070E-01
-0.3787491E+01 -0.9866761E-01 -0.2508709E+00  0.2992089E+01  0.2585117E+00 -0.1220417E+00
-0.3928376E+01 -0.2342355E+00  0.2271182E-01  0.3149783E+01 -0.2422720E+00 -0.1940809E+00
-0.3167680E+01  0.1056542E+00 -0.1756482E+00  0.2689892E+01  0.1193529E-01  0.2493160E+00
-0.3515246E+01 -0.2527455E+00  0.1088528E+00  0.2925354E+01 -0.1250458E+00  0.1028499E+00
-0.3391391E+01  0.5745731E-01  0.1370131E+00  0.2865419E+01  0.2901604E+00 -0.1337302E+00
-0.3627596E+01  0.1217721E+00  0.1063531E+00  0.3283836E+01 -0.1999686E+00  0.6535510E-01
-0.3595467E+01 -0.1779414E-01  0.1035937E+00  0.2642075E+01  0.1370599E+00 -0.1286952E+00
-0.3485595E+01  0.1988340E+00 -0.1658994E+00  0.3055534E+01 -0.2333023E+00  0.4701511E+00
-0.3420147E+01  0.1088376E+00 -0.1736729E+00  0.3155473E+01  0.4151355E+00 -0.1431131E+00
-0.3521771E+01  0.2263515E+00 -0.3387226E+00  0.3098448E+01  0.2333341E+00 -0.1786139E+00
-0.3627115E+01  0.7900309E-01 -0.2754516E+00  0.3057789E+01 -0.3785900E-01  0.1903762E-01
-0.3426610E+01 -0.4275410E+00 -0.1176648E+00  0.2983208E+01  0.4667134E-01  0.2669577E+00
-0.3652919E+01 -0.1133560E+00  0.2608051E+00  0.3130285E+01 -0.1246874E+00  0.1728864E+00
-0.4027220E+01  0.1355038E+00 -0.3518076E+00  0.3013949E+01 -0.1801435E+00  0.9852521E-02
-0.3681460E+01  0.1863202E+00 -0.5918956E-01  0.3055513E+01  0.1545434E+00 -0.3813983E-01
-0.3266284E+01  0.2632148E-01  0.1429893E+00  0.2903786E+01 -0.2289801E-01  0.2710688E+00
-0.3847783E+01  0.1278655E+00 -0.2861146E-01  0.2588738E+01  0.7836759E-01 -0.1994754E+00
-0.3472394E+01 -0.1179808E+00  0.7011311E-02  0.3134282E+01  0.5300432E-01  0.3083788E+00
-0.3744231E+01 -0.1271029E+00  0.2154805E+00  0.3227010E+01 -0.2614596E+00 -0.4228088E-01
-0.3692120E+01  0.3031033E+00  0.1753458E+00  0.2823833E+01  0.6629492E-02 -0.5137863E-01
-0.3533330E+01  0.1303984E+00 -0.2068400E+00  0.3205536E+01  0.2345151E+00  0.3840937E+00
-0.3697790E+01 -0.2036467E+00  0.1899186E+00  0.2586674E+01  0.2013871E+00 -0.1610061E+00
-0.3193351E+01 -0.3850516E-01  0.2052807E+00  0.2779372E+01  0.3778618E-01 -0.1113380E+00
-0.3451909E+01 -0.6730958E-01 -0.1470384E+00  0.3281452E+01 -0.4705670E-01  0.7530765E-01
-0.3353021E+01  0.6862985E-01 -0.4134569E+00  0.3262781E+01 -0.1814791E+00  0.3673827E+00
-0.3427719E+01  0.5520151E-02  0.8159880E-01  0.3147573E+01  0.1981941E-01 -0.5085119E-01
-0.3471114E+01  0.1073695E+00  0.3867731E-01  0.2796647E+01  0.6080772E-01  0.4019683E-01
-0.3378189E+01 -0.2873773E+00  0.1181196E+00  0.2818012E+01 -0.3041974E+00  0.6230665E-01
-0.2969076E+01 -0.1470854E+00  0.1633266E+00  0.2990947E+01  0.1679472E-01 -0.1611402E+00
-0.3416150E+01  0.8359454E-01 -0.4920603E-02  0.2968506E+01 -0.1841518E+00  0.2132546E+00
-0.3307931E+01 -0.3487670E-01 -0.2383145E+00  0.2759846E+01  0.1139528E+00 -0.2089889E-01
-0.3673478E+01 -0.3633755E-01  0.7934419E-01  0.2782171E+01 -0.1633732E+00 -0.2580574E+00
-0.3526778E+01  0.6114586E-01 -0.9853465E-01  0.3035799E+01  0.9661377E-01  0.2371522E+00
-0.3757564E+01 -0.1166788E+00  0.2903251E-01  0.2978528E+01 -0.6733699E-01 -0.4130142E-01
-0.3544798E+01 -0.7811317E-01 -0.2633326E+00  0.3176112E+01 -0.5287287E+00  0.9720697E-02
-0.3171683E+01  0.9184460E-01 -0.1985300E+00  0.2946088E+01  0.1312161E+00  0.1805811E+00
-0.3447483E+01 -0.1676716E+00 -0.1929919E+00  0.3106402E+01  0.2212297E+00 -0.2519702E+00
-0.3503096E+01  0.7793617E-01  0.3844773E-01  0.2893815E+01 -0.1413756E+00  0.1345883E+00
-0.3501109E+01 -0.6224925E-01  0.1811313E+00  0.3229078E+01 -0.1269586E-01 -0.1284907E+00
-0.3562625E+01  0.3773082E-01 -0.7970862E-01  0.2787687E+01  0.1617631E+00 -0.2444097E+00
-0.3501830E+01 -0.2176807E+00 -0.1119331E-01  0.3234593E+01 -0.4478975E-01  0.1100703E+00
-0.3331804E+01 -0.1762240E+00  0.4457549E-01  0.3282501E+01 -0.1669575E+00 -0.1974087E+00
-0.3231829E+01 -0.1069640E+00 -0.1367616E-01  0.2723090E+01  0.7969984E-01 -0.1385236E+00
-0.3824466E+01  0.1539629E+00 -0.1714802E+00  0.3211658E+01  0.1654675E+00  0.1592143E+00
-0.3658842E+01 -0.4101100E+00  0.2687899E+00  0.2979575E+01 -0.2269929E+00  0.6524673E-01
-0.3380654E+01 -0.8746943E-01  0.7717756E-01  0.2976570E+01 -0.1791201E+00 -0.1051221E+00
-0.3582626E+01 -0.1175329E+00 -0.7964142E-01  0.3210763E+01  0.2240117E-01 -0.1587329E+00
-0.3362411E+01  0.1405759E+00 -0.1221481E-01  0.3006199E+01 -0.3184867E+00  0.2804137E-01
-0.3789613E+01 -0.6778673E-01 -0.1654684E+00  0.2835763E+01 -0.4201141E+00  0.9702775E-01
-0.3745645E+01  0.3118796E-01 -0.1723224E+00  0.3069927E+01  0.1393587E-01  0.3010349E+00
-0.3459874E+01  0.1109537E+00  0.1915111E-01  0.2997375E+01  0.4476926E-01  0.1141637E+00
-0.3159227E+01  0.2032865E+00 -0.1790396E+00  0.2629998E+01 -0.1958304E+00  0.1222694E-01
-0.3449847E+01 -0.1142556E+00 -0.9101865E-01  0.2954185E+01  0.2029801E+00  0.6894506E-02
-0.3489401E+01  0.1088555E+00  0.1931488E+00  0.2952035E+01 -0.1959993E-01 -0.2871587E+00
-0.3427827E+01  0.2872383E-02 -0.7705893E-01  0.3019326E+01 -0.8094039E-01 -0.1474528E+00
-0.3415798E+01  0.1381803E+00  0.1214925E+00  0.2751271E+01  0.1224404E+00  0.2902809E+00
-0.3491360E+01  0.3110940E-01  0.2028634E-01  0.3205331E+01  0.1111946E+00 -0.4954554E-01
-0.3334863E+01  0.1254271E+00  0.9771633E-01  0.3008576E+01 -0.7363975E-01  0.2410728E-01
-0.3329244E+01 -0.5031921E-01  0.5259620E-02  0.3134286E+01  0.2517136E-01 -0.5030530E-01
-0.3546023E+01 -0.7374003E-01  0.1931719E+00  0.3040284E+01  0.9809344E-02  0.1521140E-01
-0.3533339E+01  0.2432564E+00 -0.2457088E-01  0.3201655E+01 -0.1773802E+00  0.1129904E+00
-0.3754675E+01 -0.2619084E+00 -0.3657030E+00  0.2986771E+01  0.1066676E+00 -0.1554266E+00
-0.3384303E+01 -0.5587414E+00 -0.2195736E+00  0.3035248E+01 -0.5624930E-01  0.1349222E-01
-0.3692954E+01  0.9172138E-01 -0.4413153E-01  0.2939581E+01  0.5411447E-01  0.8873260E-01
-0.3368661E+01  0.1305378E+00 -0.2895304E+00  0.2846497E+01  0.1874206E+00  0.1774113E+00
-0.3126881E+01  0.4086820E-01 -0.1854582E+00  0.2997160E+01  0.1596253E+00  0.9011276E-01
-0.3375435E+01  0.1473789E+00  0.1890547E+00  0.2975542E+01  0.2783092E+00 -0.4480883E-01
-0.3393871E+01  0.5355795E-01 -0.1662352E+00  0.2860255E+01  0.3786336E-01 -0.5141360E-01
-0.3628770E+01 -0.1124105E+00  0.2180990E+00  0.2911716E+01  0.1084583E+00  0.5529848E-01
-0.3482866E+01  0.1138997E+00  0.8385575E-01  0.2899221E+01  0.2945078E+00 -0.1878010E+00
-0.3356970E+01  0.6958263E-01 -0.4378522E-01  0.2610301E+01  0.2266714E+00  0.1852864E+00
-0.3717792E+01  0.2148608E+00 -0.3198496E-01  0.2907166E+01  0.1857769E+00  0.8135087E-01
-0.3302161E+01  0.3924168E-01  0.4728350E-01  0.2868353E+01  0.2595738E-02  0.5537178E-02
-0.3439584E+01  0.1265690E-01  0.4529111E-01  0.3192297E+01 -0.1707054E+00  0.1079288E+00
-0.3612997E+01 -0.6072820E-01  0.4658349E-01  0.2927789E+01 -0.1137940E+00 -0.1057743E+00
-0.3804501E+01 -0.9539022E-01  0.2463399E+00  0.2892062E+01 -0.1191591E+00  0.3096798E-01
-0.3418907E+01 -0.1110809E-01 -0.6192834E-01  0.3129567E+01  0.2022278E+00 -0.2473223E-01
-0.3298874E+01 -0.8592098E-01 -0.1841470E+00  0.2990756E+01  0.1253740E+00 -0.2546904E+00
-0.3389164E+01  0.2079326E+00  0.2170224E+00  0.3030541E+01 -0.1256979E+00  0.1652862E+00
-0.3629556E+01  0.1400926E+00 -0.1084424E+00  0.3148424E+01  0.3533537E+00  0.9321384E-01
-0.3642774E+01  0.3118601E+00 -0.3329262E+00  0.3217486E+01 -0.2199869E+00  0.2645374E-01
-0.3438616E+01  0.1490076E-01 -0.2367236E+00  0.3075370E+01 -0.5657270E-01  0.4652647E+00
-0.3847809E+01 -0.9065508E-01 -0.1090576E+00  0.2875562E+01  0.7726687E-01 -0.1842677E+00
-0.3725270E+01  0.6088476E-01  0.7133598E-01  0.3139558E+01  0.2242915E+00  0.4898463E+00
-0.3292442E+01 -0.5518908E-01 -0.2608365E-01  0.2907955E+01 -0.2212368E+00  0.1958983E+00
-0.3500258E+01  0.6847011E-01  0.1381557E+00  0.3012600E+01 -0.1041095E+00 -0.9650144E-01
-0.3560530E+01 -0.4604672E-01  0.2934457E-01  0.2832797E+01 -0.5104700E-01  0.5938783E-01
-0.3548827E+01  0.2240116E+00  0.6832821E-01  0.3029696E+01  0.8754587E-01  0.1780759E+00
-0.3251804E+01  0.1726067E+00 -0.5697901E-01  0.2804719E+01 -0.9246052E-01  0.1417700E+00
-0.3446324E+01  0.1714803E+00  0.7491930E-02  0.2839804E+01  0.2101976E+00  0.1651404E-01
-0.3324452E+01 -0.9852102E-01  0.7145529E-01  0.3169703E+01 -0.1561744E-01 -0.9582136E-02
-0.3073864E+01 -0.4891917E-01 -0.1632323E-01  0.2955675E+01 -0.2009839E+00  0.7272863E-01
-0.3633027E+01 -0.8238780E-01 -0.1125540E+00  0.3220936E+01 -0.2562837E-01  0.9323858E-01
-0.3286268E+01  0.2438393E+00  0.4539856E-01  0.3073747E+01  0.1474256E+00  0.4910845E-01
-0.3528050E+01  0.1144684E+00 -0.6156274E-02  0.3377472E+01  0.1201374E+00  0.1089331E+00
-0.3681248E+01  0.1712353E-01  0.7431308E-01  0.2878004E+01  0.4167578E-01  0.8926228E-01
-0.3555628E+01 -0.2520602E+00 -0.4147588E+00  0.2691574E+01 -0.3797282E+00  0.2398033E+00
-0.3416066E+01 -0.4754874E+00  0.5046368E-01  0.2929046E+01 -0.6911158E-01  0.5623938E-02
-0.3373325E+01  0.1803820E-01 -0.3082512E-01  0.3127127E+01  0.1655605E+00  0.5245605E-01
-0.3330757E+01  0.1375334E+00 -0.1838897E+00  0.3306002E+01 -0.8118471E-01  0.1451008E+00
-0.3295137E+01  0.3028417E-01  0.2613986E+00  0.3197238E+01 -0.2192072E+00  0.6882165E-01
-0.3442549E+01  0.1073408E+00  0.8005306E-01  0.2693720E+01  0.6444934E-01 -0.9416270E-02
-0.3312874E+01 -0.1385836E+00  0.2986119E+00  0.2853896E+01 -0.2526342E+00 -0.3350656E-01
-0.3319965E+01 -0.1923466E+00 -0.6645909E-01  0.2801416E+01  0.2478803E+00 -0.1490222E+00
-0.3572018E+01 -0.9604147E-01 -0.2516709E+00  0.3015272E+01 -0.8809960E-01 -0.1045590E+00
-0.3774821E+01  0.1630605E-01  0.3044283E+00  0.3053926E+01  0.9267932E-02 -0.3803107E+00
-0.3588134E+01  0.3409419E-01 -0.1467517E+00  0.2962000E+01 -0.1274302E-01  0.1533682E+00
-0.3430032E+01  0.2569555E+00 -0.3725690E+00  0.3370667E+01 -0.6339580E-01  0.1437864E+00
-0.3378126E+01  0.1530506E+00 -0.3209444E+00  0.3098989E+01 -0.1268719E+00 -0.1530973E-01
-0.3546389E+01  0.6485128E-01  0.4952365E-01  0.3088648E+01 -0.1553602E+00  0.1110620E+00
-0.3581429E+01 -0.6379408E-01 -0.1877533E+00  0.2999436E+01  0.5339310E-01 -0.1785389E+00
-0.3590224E+01 -0.1273179E+00  0.1657255E-01  0.3119062E+01  0.9792258E-01 -0.6955235E-01
-0.3476550E+01 -0.1888511E-02 -0.3567311E+00  0.2798146E+01 -0.1239390E+00 -0.3300212E-01
-0.3335779E+01  0.1836595E+00 -0.1655726E+00  0.3145319E+01  0.2477901E+00  0.8385360E-02
-0.3593271E+01  0.3890155E-01 -0.4580758E-01  0.2837581E+01  0.2516856E+00  0.9204032E-02
-0.3359044E+01 -0.2550613E+00 -0.6014749E-01  0.3295087E+01  0.2915163E+00  0.1990975E+00
-0.3629118E+01  0.1667467E+00  0.1254358E-01  0.2924100E+01  0.1647198E-01 -0.8330647E-01
-0.3781107E+01  0.2324292E+00  0.8296965E-01  0.2979378E+01 -0.2087875E-01 -0.2820338E-01
-0.3373961E+01 -0.5239239E-01  0.3734737E-01  0.2702325E+01  0.3194309E+00  0.3228516E+00
-0.3578174E+01  0.2192853E+00 -0.3775569E+00  0.2978982E+01 -0.1006807E+00 -0.3212639E+00
-0.3658594E+01  0.8362653E-01  0.2451415E+00  0.2885913E+01  0.1863235E+00 -0.7365973E-01
-0.3455322E+01  0.2538185E-01  0.1186189E+00  0.3061454E+01  0.3297469E+00  0.1782729E+00
-0.3845192E+01  0.9599282E-01 -0.4781829E-01  0.2945942E+01  0.1194896E+00  0.9924386E-01
-0.3709472E+01 -0.4284252E-01  0.7886189E-01  0.3088581E+01  0.1307460E+00  0.8327177E-01
-0.3615045E+01 -0.2651341E+00  0.6744541E-01  0.2987947E+01 -0.8224449E-01 -0.8225212E-01
-0.3175935E+01  0.9765029E-01 -0.3591746E-01  0.3173727E+01  0.1567230E+00 -0.9286980E-01
-0.3451743E+01  0.1141290E+00 -0.2078357E+00  0.2860702E+01  0.3940990E-01  0.6685643E-01
-0.3481447E+01  0.1828802E+00  0.2332394E-01  0.3167787E+01  0.9360021E-01  0.3270107E-01
-0.3648433E+01  0.4829563E-01 -0.1125663E+00  0.3139877E+01  0.2191899E+00 -0.6479381E-01
-0.3858784E+01  0.8280450E-03  0.3001613E+00  0.3150694E+01 -0.3032969E+00  0.1381033E+00
-0.3566637E+01  0.4702938E-01 -0.9904464E-01  0.3034343E+01  0.2162224E+00  0.3093858E+00
-0.3709440E+01  0.2287099E+00  0.4352196E-01  0.2701150E+01  0.1363093E+00 -0.1404640E+00
-0.3648140E+01  0.8969177E-01 -0.8238483E-01  0.2768371E+01 -0.1781118E+00  0.6795489E-01
-0.3407024E+01 -0.7650186E-02  0.2286395E+00  0.2916597E+01  0.3256024E+00  0.1430548E+00
-0.3652243E+01 -0.5010677E+00  0.3529836E-02  0.2991676E+01  0.8781057E-02  0.2003089E+00
-0.3480967E+01  0.1629823E+00 -0.2986108E-01  0.3009678E+01  0.3583810E-01 -0.2232147E+00
-0.3618992E+01 -0.2204168E-01  0.8012990E-02  0.2855905E+01 -0.1800179E+00 -0.1613087E+00
-0.3180720E+01  0.1094489E-01  0.1226321E+00  0.2817591E+01  0.1270565E+00 -0.1371852E-01
-0.3377944E+01  0.9826430E-01  0.8880663E-01  0.2993967E+01  0.3283628E-01  0.4983862E-01
-0.3061999E+01  0.1911441E+00 -0.2485343E-01  0.2880729E+01  0.5434663E-02 -0.4004170E+00
-0.3623539E+01 -0.2043941E+00 -0.2604108E+00  0.3263859E+01 -0.2545344E+00  0.1208350E+00
-0.3439649E+01  0.1436132E+00 -0.1453546E-01  0.3060925E+01  0.6381845E-01  0.1670228E+00
-0.3410013E+01  0.6433958E-01 -0.1405349E+00  0.3054754E+01 -0.2357364E+00 -0.2322046E+00
-0.3498596E+01 -0.4705196E-01 -0.2277158E+00  0.2812163E+01  0.1797605E+00  0.2481347E+00
-0.3603041E+01  0.1388368E+00  0.1716226E+00  0.2902112E+01  0.3478847E+00  0.1382257E+00
-0.3687440E+01  0.2690180E+00  0.1353749E+00  0.3071656E+01 -0.8687011E-01  0.9541190E-01
-0.3506822E+01  0.3554297E+00 -0.6823574E-01  0.2953824E+01 -0.5142797E-01 -0.9782268E-01
-0.3637711E+01  0.1743865E+00 -0.6417527E-01  0.2937790E+01 -0.1543465E+00 -0.1946950E+00
-0.3400487E+01  0.8602521E-01  0.2165557E+00  0.3229794E+01  0.8020084E-01  0.1231362E+00
-0.3440291E+01  0.3417587E+00 -0.1665568E+00  0.2975702E+01 -0.5964648E-01  0.5113512E-02
-0.3760253E+01 -0.2208559E+00 -0.3051969E-01  0.2922066E+01 -0.1305475E+00 -0.1222978E+00
-0.3610713E+01  0.8391435E-01 -0.1223741E+00  0.2938031E+01 -0.1924404E+00  0.8444023E-01
-0.3320124E+01  0.1573638E+00  0.2812888E+00  0.2420512E+01  0.1015194E+00  0.2211634E+00
-0.3241154E+01  0.5256393E-01 -0.2566237E-01  0.3076048E+01  0.1567258E+00 -0.2294497E+00
-0.3469701E+01 -0.3520440E-01  0.2444670E+00  0.2963453E+01 -0.9116964E-01  0.7486370E-01
-0.3547018E+01  0.6538392E-01 -0.1260116E+00  0.3214229E+01 -0.2286708E+00 -0.2220292E-01
-0.3561198E+01 -0.1390656E+00 -0.3058264E+00  0.2859953E+01  0.1204847E+00  0.1355731E+00
-0.3594554E+01 -0.3423206E-01 -0.6595215E-01  0.3020635E+01  0.2603884E+00  0.4356139E-01
-0.3319317E+01  0.5629235E-02 -0.4404021E+00  0.3031991E+01  0.5654438E-01 -0.2171227E-01
-0.3539258E+01  0.7351968E-01 -0.6177935E-01  0.3055478E+01 -0.2040754E-01  0.1230379E+00
-0.3643427E+01 -0.1387185E+00 -0.8407526E-01  0.3035495E+01  0.2214586E+00 -0.1635325E+00
-0.3366951E+01 -0.8776268E-02  0.7064911E-01  0.3359917E+01  0.1229408E+00  0.7425861E-01
-0.3575177E+01  0.1679887E+00 -0.1656389E+00  0.2919682E+01 -0.1215037E-02 -0.8347736E-01
-0.3572172E+01 -0.1806541E+00 -0.2622117E+00  0.3095107E+01 -0.1562314E+00 -0.1493021E+00
-0.3573318E+01  0.3261414E+00  0.1320410E+00  0.3176987E+01 -0.4111561E-01 -0.2741983E+00
-0.3622796E+01  0.1091350E+00  0.7415453E-01  0.2840655E+01  0.2607319E-01 -0.1962273E-02
-0.3525012E+01 -0.8219025E-01  0.1186866E+00  0.2628989E+01  0.9042558E-01 -0.4452788E-01
-0.3584483E+01  0.8326184E-01 -0.1523038E+00  0.3021226E+01 -0.2808741E+00 -0.4151367E-01
-0.3709788E+01  0.3620982E+00  0.6052656E-01  0.2972147E+01 -0.4578842E+00  0.2000056E-01
-0.3496758E+01  0.2909549E+00 -0.1210968E+00  0.2950102E+01  0.1552125E+00  0.1321558E+00
-0.3587419E+01 -0.3890215E-01  0.9289720E-01  0.2862311E+01  0.8352539E-01  0.2202681E+00
-0.3336588E+01 -0.1510198E+00  0.2353175E+00  0.2914224E+01 -0.1072440E+00  0.1577740E+00
-0.3574904E+01  0.3966291E-01 -0.1119774E+00  0.2912239E+01 -0.7142823E-01  0.1593396E+00
-0.3560076E+01  0.5112384E-01  0.3560717E+00  0.3201597E+01  0.3236934E+00 -0.1785447E+00
-0.3446680E+01 -0.5773249E-01 -0.2023398E+00  0.2990748E+01  0.4202807E-01 -0.2689648E+00
-0.3578687E+01 -0.1864271E+00  0.7445310E-01  0.3307399E+01 -0.1974052E+00  0.2030615E+00
-0.3675781E+01  0.1733821E+00 -0.4522858E-01  0.2876520E+01 -0.5354967E-01 -0.1909561E+00
-0.3855844E+01  0.3736120E-01  0.8749904E-01  0.2979979E+01  0.8314956E-01  0.2125052E-02
-0.3743667E+01  0.2350863E+00 -0.1141723E+00  0.2831575E+01  0.2195055E-01 -0.1591921E+00
-0.3331680E+01  0.8660382E-02 -0.4626638E-01  0.2859155E+01 -0.1732302E+00 -0.1439955E+00
-0.3682307E+01 -0.6077721E-01 -0.8962399E-01  0.2997451E+01  0.1013819E+00  0.5392520E-02
-0.3425406E+01  0.1159379E+00  0.8870603E-01  0.2838607E+01 -0.2270862E+00 -0.4749417E-01
-0.3601017E+01 -0.1253694E+00  0.6132801E-01  0.2963424E+01 -0.2163671E-01  0.1195252E+00
-0.3612345E+01  0.4200537E+00 -0.1259752E+00  0.3034275E+01 -0.4716000E-01 -0.5934280E-01
-0.3396198E+01 -0.2076100E+00  0.1174239E+00  0.2837461E+01 -0.7372519E-01  0.5911720E-02
-0.3488628E+01  0.3526286E+00 -0.2538572E+00  0.3182016E+01 -0.8736946E-01 -0.2863144E+00
-0.3416858E+01  0.3277754E+00  0.6515667E-01  0.2967746E+01 -0.4725844E-01  0.3323627E+00
-0.3660143E+01  0.9287562E-01  0.5535633E-01  0.2913223E+01  0.2013878E-01 -0.6584804E-02
-0.3487051E+01 -0.1598845E+00 -0.1175401E+00  0.2721917E+01 -0.6365461E-01 -0.2010996E+00
-0.3534164E+01 -0.2821547E-01  0.3440577E-02  0.3098876E+01 -0.1731254E+00  0.1511619E+00
-0.3296051E+01 -0.2960315E+00  0.5452103E-01  0.2561252E+01 -0.4300595E-02  0.1376121E+00
-0.3599606E+01 -0.1228901E+00  0.2651981E+00  0.2997043E+01  0.2286299E+00  0.4495022E+00
-0.3628872E+01 -0.1539622E+00  0.1692353E+00  0.3018425E+01  0.2377355E+00 -0.2764413E-01
-0.3393850E+01 -0.2508564E+00 -0.2117267E+00  0.2823471E+01  0.1043376E+00 -0.1417195E-02
-0.3358222E+01  0.1357631E+00 -0.2020479E+00  0.3065091E+01 -0.6663350E-03  0.6899726E-01
-0.3522945E+01  0.7523837E-01  0.3359239E-01  0.3008832E+01 -0.6413385E-02  0.1450391E+00
-0.3413224E+01 -0.4588089E+00  0.3167891E-01  0.3025691E+01  0.3146582E+00 -0.4441527E-01
-0.3675168E+01 -0.2956231E+00 -0.2733031E+00  0.3048033E+01  0.8457831E-01 -0.2850220E-01
-0.3227184E+01  0.3706141E+00  0.4054585E+00  0.2954646E+01  0.3224099E-02 -0.2321110E+00
-0.3310948E+01  0.6096017E-01  0.1861865E+00  0.3054361E+01 -0.5157105E+00 -0.1011359E+00
-0.3616582E+01 -0.3068043E-01  0.3107989E+00  0.2901410E+01 -0.2203526E+00 -0.7316625E-01
-0.3247839E+01  0.4266058E-01 -0.1142567E-01  0.3024624E+01 -0.1172624E+00 -0.1702206E-01
-0.3222050E+01  0.4792778E-01  0.1075107E+00  0.3078964E+01  0.8466019E-01  0.1969937E+00
-0.3075758E+01  0.5922434E-01  0.1799996E+00  0.3356641E+01 -0.3729690E+00  0.1277600E+00
-0.3652645E+01  0.9729395E-01  0.1377994E+00  0.3142632E+01  0.3216279E-01  0.8884123E-01
-0.3479085E+01  0.1677057E+00  0.2269414E+00  0.3060792E+01  0.7703198E-01  0.1134132E+00
-0.3629982E+01  0.1394863E+00 -0.1089583E+00  0.2850617E+01  0.1032856E+00 -0.2836866E+00
-0.3472313E+01  0.3196221E-01 -0.2798573E-01  0.2913840E+01 -0.3644918E+00 -0.1240975E+00
-0.3349379E+01  0.6403823E-01 -0.1926628E+00  0.3075529E+01 -0.6105204E-01  0.1801824E+00
-0.3422111E+01  0.1012178E-01  0.3264965E-02  0.3066264E+01 -0.3194232E-02 -0.1041256E+00
-0.3651123E+01  0.3383491E-01 -0.1365118E+00  0.2902895E+01  0.2443045E+00 -0.2956087E+00
-0.3580960E+01  0.2837547E+00 -0.1492983E+00  0.3110969E+01  0.6154192E-01  0.1875133E+00
-0.3902289E+01  0.1060980E+00  0.6958213E-01  0.2965950E+01  0.6199927E-01  0.3265310E-01
-0.3455177E+01  0.2273682E+00 -0.1562508E+00  0.2921852E+01  0.2728231E+00 -0.1859061E+00
-0.3326356E+01 -0.1163317E+00 -0.3047432E+00  0.3027486E+01  0.1175137E+00  0.8339423E-01
-0.3310698E+01 -0.2119525E-01  0.1517648E+00  0.3314418E+01  0.1277732E+00 -0.2378362E-01
-0.3657435E+01 -0.1821372E+00  0.2761612E+00  0.3106508E+01  0.9078591E-01  0.2093334E+00
-0.3436584E+01  0.6195127E-01  0.1979557E+00  0.3204741E+01 -0.1787338E+00 -0.2293618E+00
-0.3357300E+01  0.7294978E-01  0.2361878E+00  0.3000769E+01  0.3096584E-01  0.2396187E-01
-0.3338765E+01  0.9459776E-01  0.1971298E+00  0.2716273E+01  0.1221626E+00  0.9586494E-01
-0.3334515E+01 -0.3655972E-02 -0.3590798E-01  0.3282656E+01  0.4947228E-01  0.1627242E+00
-0.3051061E+01  0.5464708E-01  0.1221912E+00  0.3077093E+01  0.6243559E-01 -0.1740889E-01
-0.3215164E+01  0.1260877E-01  0.2421314E+00  0.3273161E+01 -0.1589390E+00 -0.1838514E+00
-0.3351752E+01  0.1217788E-01  0.2924595E-01  0.3041351E+01  0.1341407E+00 -0.1370718E+00
-0.3048554E+01  0.1142597E+00  0.5909733E-01  0.3011045E+01  0.8590113E-01 -0.2171330E+00
-0.3650426E+01 -0.2890100E+00  0.2441017E-01  0.3042300E+01  0.2836752E+00 -0.2962586E+00
-0.3485590E+01 -0.7456990E-01 -0.1077832E+00  0.3199456E+01  0.7629228E-01  0.2569526E+00
-0.3175889E+01  0.5804816E-01 -0.3466757E-01  0.2995133E+01  0.9681096E-01 -0.6649861E-01
-0.3362969E+01  0.3387813E+00 -0.1690204E+00  0.3019437E+01 -0.1493162E+00 -0.3268674E-01
-0.3693266E+01  0.1175603E+00  0.8186187E-01  0.3344331E+01  0.1642623E+00 -0.2194060E-01
-0.3370571E+01 -0.1389941E+00 -0.1117590E+00  0.2935082E+01  0.2592319E-02 -0.2633001E+00
-0.3517342E+01 -0.3231569E+00 -0.3370671E-01  0.3123855E+01 -0.1713876E+00 -0.4799045E-02
-0.3509132E+01 -0.1422697E+00  0.4938665E-01  0.2791337E+01  0.9954761E-01 -0.6328404E-01
-0.3434133E+01  0.2726489E-01  0.4709524E-02  0.2782160E+01 -0.5644934E-01 -0.2450275E-01
-0.3344617E+01 -0.3174060E+00 -0.1549458E+00  0.3473464E+01  0.1399402E+00 -0.4389496E+00
-0.3560398E+01  0.1039725E+00  0.1049716E+00  0.2877009E+01  0.1155432E+00  0.2379893E+00
-0.3427282E+01  0.9175067E-01 -0.2299550E-01  0.2868680E+01 -0.3011860E-01 -0.2555387E+00
-0.3489117E+01 -0.9914497E-01  0.1345174E+00  0.3097801E+01  0.2400205E-01  0.5581341E-01
-0.3452490E+01 -0.2866109E+00 -0.1411562E+00  0.3205712E+01  0.1398660E+00 -0.1171907E+00
-0.3369721E+01  0.1212743E+00 -0.3381415E-01  0.3139134E+01  0.2766618E-01 -0.2228340E+00
-0.3338001E+01  0.8180401E-01 -0.2637193E-01  0.3148237E+01  0.1539611E+00 -0.5989211E-01
-0.3616188E+01 -0.2469074E-01 -0.1234047E+00  0.2841614E+01  0.1741435E+00 -0.8873869E-02
-0.3409649E+01  0.1385914E+00 -0.6329006E-01  0.3004305E+01 -0.1144632E+00  0.1851532E+00
-0.3485022E+01  0.1540988E+00  0.9501778E-01  0.2811230E+01 -0.2288134E+00 -0.1308971E+00
-0.3105660E+01 -0.1338539E+00 -0.6699550E-01  0.2891994E+01 -0.4779925E-01  0.1349503E+00
-0.3669397E+01 -0.6137449E-01 -0.2130697E+00  0.2798667E+01  0.7451058E-01  0.6348865E-01
-0.3607463E+01  0.1507644E-01 -0.1852215E+00  0.2872342E+01  0.6000549E-01  0.4367412E+00
-0.3687514E+01  0.1227205E+00 -0.1321234E+00  0.2579737E+01 -0.1102707E+00  0.4102412E-01
-0.3443655E+01  0.1882790E+00 -0.1035625E+00  0.3104195E+01 -0.3442835E+00 -0.1309054E+00
-0.3628822E+01 -0.3361071E-01 -0.8168122E-01  0.3021932E+01  0.4634352E-02 -0.3282899E-01
-0.3566285E+01  0.1315226E-01  0.1183718E-01  0.2859956E+01 -0.7102413E-01  0.2772734E+00
-0.3589969E+01 -0.3663773E+00 -0.1682517E+00  0.3052833E+01 -0.2352053E+00 -0.2584150E+00
-0.3636030E+01  0.9039926E-01 -0.2219790E+00  0.3051968E+01 -0.3270943E+00 -0.2252012E+00
-0.3603215E+01 -0.8911528E-02  0.3075460E+00  0.3099523E+01 -0.4354365E-01 -0.7784699E-01
-0.4134898E+01 -0.1671062E+00 -0.3716710E+00  0.2948109E+01 -0.1000478E+00  0.1295384E+00
-0.3401842E+01  0.3048815E+00  0.1767189E+00  0.3003743E+01  0.1598922E-02  0.1282469E+00
-0.3092659E+01 -0.1769865E+00  0.7350412E-01  0.3077489E+01  0.5096263E-02 -0.5108548E+00
-0.3460759E+01 -0.1485491E+00 -0.4185120E-01  0.3218387E+01 -0.1866423E+00 -0.8200184E-02
-0.3473692E+01  0.3769725E+00 -0.1052188E+00  0.2925182E+01  0.2253140E+00 -0.5850113E-01
-0.3314456E+01 -0.1429781E+00 -0.2192652E-01  0.3111359E+01  0.3589675E-01  0.1645783E-01
-0.3574627E+01 -0.3221207E+00 -0.2616544E+00  0.3014270E+01  0.2666749E-01  0.3402387E-01
-0.3350187E+01  0.8389776E-01 -0.2329963E+00  0.3111448E+01 -0.1164508E+00 -0.2204622E-02
-0.3283482E+01 -0.9328798E-01  0.1454690E+00  0.3076470E+01 -0.8194850E-01  0.2199013E+00
-0.3520375E+01 -0.1783825E+00  0.2174546E+00  0.3032985E+01  0.1570971E-01 -0.1502557E+00
-0.3715385E+01 -0.1639040E+00 -0.2974479E+00  0.2903628E+01  0.6798023E-01  0.3461319E+00
-0.3396280E+01  0.1264542E+00  0.5048281E-01  0.2765345E+01  0.1004684E+00 -0.5850205E-01
-0.3532263E+01 -0.2006689E+00  0.1765926E+00  0.2733111E+01 -0.1104854E+00 -0.4001309E+00
-0.3504361E+01  0.2033565E-01 -0.3760993E+00  0.2956171E+01  0.7813993E-01  0.3899435E-02
-0.3518082E+01 -0.3949252E-01  0.5875251E-01  0.3006420E+01 -0.8139781E-01 -0.2301257E+00
-0.3567862E+01  0.7031119E-01  0.2237709E+00  0.2783828E+01  0.3461437E-01  0.9716448E-01
-0.3529040E+01 -0.7483954E-02 -0.1496891E+00  0.3043071E+01  0.1830899E+00  0.7099136E-01
-0.3360896E+01  0.1674612E+00  0.8183344E-01  0.2984589E+01 -0.7684963E-01 -0.1361375E+00
-0.3367537E+01 -0.3140275E+00 -0.3274878E-01  0.2903202E+01 -0.7482729E-01  0.2361737E+00
-0.3697191E+01  0.9624194E-01 -0.1138205E+00  0.2823055E+01 -0.2996305E-01 -0.2135632E+00
-0.3497909E+01  0.1833866E-01 -0.3227941E+00  0.3174460E+01 -0.1390343E+00  0.1907261E-01
-0.3675743E+01 -0.1373249E+00 -0.1704085E+00  0.3049388E+01  0.2647715E+00 -0.2942870E+00
-0.3882183E+01  0.2809493E+00  0.1881958E+00  0.3049234E+01 -0.7784695E-01 -0.2207565E-01
-0.3468095E+01  0.1364678E+00  0.2181317E+00  0.2769086E+01  0.1306477E-01 -0.1750667E+00
-0.3403573E+01  0.3516495E-01  0.1121910E+00  0.2916337E+01 -0.1856991E+00 -0.5328304E-01
-0.3583452E+01 -0.2299939E-01  0.1988371E+00  0.2839476E+01  0.6190264E-01  0.6639917E-01
-0.3230561E+01 -0.1355007E-01 -0.2160770E+00  0.2948432E+01 -0.3030393E+00  0.4931904E-01
-0.3497426E+01 -0.1815210E+00 -0.1006983E+00  0.2955941E+01 -0.6860505E-01  0.2457273E+00
-0.3782465E+01 -0.2391071E+00 -0.3060469E+00  0.2768694E+01  0.3134589E+00  0.1348915E+00
-0.3548898E+01 -0.6911803E-01  0.1373856E-01  0.2953538E+01 -0.5079836E-01 -0.1096760E+00
-0.3694220E+01 -0.5004065E-01  0.2185446E+00  0.2639988E+01 -0.4771017E-01 -0.6056491E-03
-0.3648135E+01 -0.9953089E-01 -0.5582746E-04  0.2907165E+01  0.9913582E-01  0.1155199E+00
-0.3470365E+01  0.2855353E+00 -0.6613838E-01  0.2791735E+01  0.1164561E+00 -0.7041005E-01
-0.3490594E+01  0.2252895E+00  0.1353671E+00  0.2901025E+01  0.1146202E-01 -0.2439265E+00
-0.3450316E+01 -0.9597787E-01 -0.6282582E-01  0.2935141E+01  0.8495269E-01  0.9190991E-01
-0.3426520E+01  0.5231530E+00 -0.1672397E-02  0.2954877E+01 -0.3180598E-01 -0.1659174E+00
-0.3343801E+01  0.1430042E+00  0.1601875E+00  0.2923681E+01 -0.1161384E+00  0.2107879E+00
-0.3507248E+01 -0.2058900E+00 -0.2098018E+00  0.3038374E+01 -0.1348828E+00  0.1540621E+00
-0.3516475E+01  0.2183771E+00 -0.1018326E+00  0.2976356E+01  0.2330777E+00 -0.5865634E-01
-0.4102567E+01  0.9073843E-01 -0.3686757E-01  0.2966054E+01 -0.1060390E-01  0.1249343E+00
-0.3537182E+01  0.9707226E-01  0.2037096E+00  0.2753220E+01 -0.2411917E+00  0.3527239E+00
-0.3744730E+01 -0.4172716E-01 -0.2076962E+00  0.2730365E+01  0.1436230E+00  0.6087098E-01
-0.3217929E+01  0.6824695E-01 -0.2094763E+00  0.2908074E+01 -0.1652514E+00 -0.3966595E+00
-0.3506449E+01 -0.2673506E+00 -0.2689177E+00  0.3312324E+01 -0.1002633E+00 -0.4069846E+00
-0.3610715E+01  0.2369581E+00  0.3702636E-01  0.3447474E+01 -0.4281792E-01  0.7158099E-01
-0.3516903E+01 -0.1655939E+00 -0.1156233E+00  0.2836989E+01 -0.4383845E+00 -0.1769289E+00
-0.3441449E+01 -0.1598603E+00 -0.1178945E+00  0.2850590E+01 -0.2447051E+00 -0.4159478E-01
-0.3210949E+01 -0.6063877E-01 -0.4080390E+00  0.2736042E+01 -0.1045257E+00 -0.9276207E-01
