 0.100000E-02   0.547118E+00
 0.200000E-02   0.547202E+00
 0.300000E-02   0.547343E+00
 0.400000E-02   0.547541E+00
 0.500000E-02   0.547795E+00
 0.600000E-02   0.548105E+00
 0.700000E-02   0.548471E+00
 0.800000E-02   0.548894E+00
 0.900000E-02   0.549373E+00
 0.100000E-01   0.549907E+00
 0.110000E-01   0.550498E+00
 0.120000E-01   0.551144E+00
 0.130000E-01   0.551846E+00
 0.140000E-01   0.552603E+00
 0.150000E-01   0.553416E+00
 0.160000E-01   0.554283E+00
 0.170000E-01   0.555205E+00
 0.180000E-01   0.556182E+00
 0.190000E-01   0.557213E+00
 0.200000E-01   0.558298E+00
 0.210000E-01   0.559436E+00
 0.220000E-01   0.560627E+00
 0.230000E-01   0.561870E+00
 0.240000E-01   0.563166E+00
 0.250000E-01   0.564512E+00
 0.260000E-01   0.565910E+00
 0.270000E-01   0.567357E+00
 0.280000E-01   0.568854E+00
 0.290000E-01   0.570399E+00
 0.300000E-01   0.571991E+00
 0.310000E-01   0.573629E+00
 0.320000E-01   0.575312E+00
 0.330000E-01   0.577039E+00
 0.340000E-01   0.578808E+00
 0.350000E-01   0.580617E+00
 0.360000E-01   0.582465E+00
 0.370000E-01   0.584350E+00
 0.380000E-01   0.586269E+00
 0.390000E-01   0.588220E+00
 0.400000E-01   0.590201E+00
 0.410000E-01   0.592208E+00
 0.420000E-01   0.594240E+00
 0.430000E-01   0.596292E+00
 0.440000E-01   0.598362E+00
 0.450000E-01   0.600446E+00
 0.460000E-01   0.602540E+00
 0.470000E-01   0.604639E+00
 0.480000E-01   0.606741E+00
 0.490000E-01   0.608840E+00
 0.500000E-01   0.610933E+00
 0.510000E-01   0.613014E+00
 0.520000E-01   0.615079E+00
 0.530000E-01   0.617124E+00
 0.540000E-01   0.619143E+00
 0.550000E-01   0.621131E+00
 0.560000E-01   0.623086E+00
 0.570000E-01   0.625001E+00
 0.580000E-01   0.626872E+00
 0.590000E-01   0.628695E+00
 0.600000E-01   0.630467E+00
 0.610000E-01   0.632182E+00
 0.620000E-01   0.633839E+00
 0.630000E-01   0.635432E+00
 0.640000E-01   0.636960E+00
 0.650000E-01   0.638420E+00
 0.660000E-01   0.639809E+00
 0.670000E-01   0.641125E+00
 0.680000E-01   0.642367E+00
 0.690000E-01   0.643534E+00
 0.700000E-01   0.644623E+00
 0.710000E-01   0.645636E+00
 0.720000E-01   0.646571E+00
 0.730000E-01   0.647428E+00
 0.740000E-01   0.648208E+00
 0.750000E-01   0.648912E+00
 0.760000E-01   0.649539E+00
 0.770000E-01   0.650092E+00
 0.780000E-01   0.650572E+00
 0.790000E-01   0.650980E+00
 0.800000E-01   0.651318E+00
 0.810000E-01   0.651588E+00
 0.820000E-01   0.651792E+00
 0.830000E-01   0.651933E+00
 0.840000E-01   0.652011E+00
 0.850000E-01   0.652031E+00
 0.860000E-01   0.651994E+00
 0.870000E-01   0.651904E+00
 0.880000E-01   0.651761E+00
 0.890000E-01   0.651570E+00
 0.900000E-01   0.651332E+00
 0.910000E-01   0.651050E+00
 0.920000E-01   0.650727E+00
 0.930000E-01   0.650365E+00
 0.940000E-01   0.649967E+00
 0.950000E-01   0.649535E+00
 0.960000E-01   0.649071E+00
 0.970000E-01   0.648578E+00
 0.980000E-01   0.648058E+00
 0.990000E-01   0.647513E+00
 0.100000E+00   0.646945E+00
 0.101000E+00   0.646356E+00
 0.102000E+00   0.645749E+00
 0.103000E+00   0.645124E+00
 0.104000E+00   0.644485E+00
 0.105000E+00   0.643832E+00
 0.106000E+00   0.643167E+00
 0.107000E+00   0.642492E+00
 0.108000E+00   0.641809E+00
 0.109000E+00   0.641118E+00
 0.110000E+00   0.640421E+00
 0.111000E+00   0.639720E+00
 0.112000E+00   0.639016E+00
 0.113000E+00   0.638310E+00
 0.114000E+00   0.637604E+00
 0.115000E+00   0.636897E+00
 0.116000E+00   0.636192E+00
 0.117000E+00   0.635489E+00
 0.118000E+00   0.634790E+00
 0.119000E+00   0.634095E+00
 0.120000E+00   0.633406E+00
 0.121000E+00   0.632722E+00
 0.122000E+00   0.632045E+00
 0.123000E+00   0.631376E+00
 0.124000E+00   0.630716E+00
 0.125000E+00   0.630064E+00
 0.126000E+00   0.629423E+00
 0.127000E+00   0.628792E+00
 0.128000E+00   0.628172E+00
 0.129000E+00   0.627564E+00
 0.130000E+00   0.626968E+00
 0.131000E+00   0.626386E+00
 0.132000E+00   0.625816E+00
 0.133000E+00   0.625261E+00
 0.134000E+00   0.624720E+00
 0.135000E+00   0.624194E+00
 0.136000E+00   0.623683E+00
 0.137000E+00   0.623188E+00
 0.138000E+00   0.622710E+00
 0.139000E+00   0.622248E+00
 0.140000E+00   0.621803E+00
 0.141000E+00   0.621376E+00
 0.142000E+00   0.620966E+00
 0.143000E+00   0.620575E+00
 0.144000E+00   0.620201E+00
 0.145000E+00   0.619847E+00
 0.146000E+00   0.619512E+00
 0.147000E+00   0.619195E+00
 0.148000E+00   0.618899E+00
 0.149000E+00   0.618622E+00
 0.150000E+00   0.618365E+00
 0.151000E+00   0.618129E+00
 0.152000E+00   0.617912E+00
 0.153000E+00   0.617717E+00
 0.154000E+00   0.617542E+00
 0.155000E+00   0.617388E+00
 0.156000E+00   0.617255E+00
 0.157000E+00   0.617144E+00
 0.158000E+00   0.617054E+00
 0.159000E+00   0.616985E+00
 0.160000E+00   0.616937E+00
 0.161000E+00   0.616912E+00
 0.162000E+00   0.616907E+00
 0.163000E+00   0.616925E+00
 0.164000E+00   0.616964E+00
 0.165000E+00   0.617025E+00
 0.166000E+00   0.617108E+00
 0.167000E+00   0.617212E+00
 0.168000E+00   0.617338E+00
 0.169000E+00   0.617485E+00
 0.170000E+00   0.617654E+00
 0.171000E+00   0.617844E+00
 0.172000E+00   0.618056E+00
 0.173000E+00   0.618289E+00
 0.174000E+00   0.618543E+00
 0.175000E+00   0.618818E+00
 0.176000E+00   0.619113E+00
 0.177000E+00   0.619430E+00
 0.178000E+00   0.619766E+00
 0.179000E+00   0.620123E+00
 0.180000E+00   0.620500E+00
 0.181000E+00   0.620897E+00
 0.182000E+00   0.621313E+00
 0.183000E+00   0.621748E+00
 0.184000E+00   0.622203E+00
 0.185000E+00   0.622676E+00
 0.186000E+00   0.623167E+00
 0.187000E+00   0.623677E+00
 0.188000E+00   0.624204E+00
 0.189000E+00   0.624748E+00
 0.190000E+00   0.625310E+00
 0.191000E+00   0.625888E+00
 0.192000E+00   0.626482E+00
 0.193000E+00   0.627092E+00
 0.194000E+00   0.627717E+00
 0.195000E+00   0.628358E+00
 0.196000E+00   0.629013E+00
 0.197000E+00   0.629681E+00
 0.198000E+00   0.630364E+00
 0.199000E+00   0.631059E+00
 0.200000E+00   0.631767E+00
 0.201000E+00   0.632488E+00
 0.202000E+00   0.633219E+00
 0.203000E+00   0.633962E+00
 0.204000E+00   0.634716E+00
 0.205000E+00   0.635479E+00
 0.206000E+00   0.636252E+00
 0.207000E+00   0.637034E+00
 0.208000E+00   0.637824E+00
 0.209000E+00   0.638621E+00
 0.210000E+00   0.639426E+00
 0.211000E+00   0.640238E+00
 0.212000E+00   0.641055E+00
 0.213000E+00   0.641878E+00
 0.214000E+00   0.642706E+00
 0.215000E+00   0.643538E+00
 0.216000E+00   0.644373E+00
 0.217000E+00   0.645212E+00
 0.218000E+00   0.646053E+00
 0.219000E+00   0.646895E+00
 0.220000E+00   0.647739E+00
 0.221000E+00   0.648584E+00
 0.222000E+00   0.649428E+00
 0.223000E+00   0.650272E+00
 0.224000E+00   0.651114E+00
 0.225000E+00   0.651955E+00
 0.226000E+00   0.652793E+00
 0.227000E+00   0.653629E+00
 0.228000E+00   0.654460E+00
 0.229000E+00   0.655287E+00
 0.230000E+00   0.656110E+00
 0.231000E+00   0.656927E+00
 0.232000E+00   0.657739E+00
 0.233000E+00   0.658543E+00
 0.234000E+00   0.659341E+00
 0.235000E+00   0.660132E+00
 0.236000E+00   0.660914E+00
 0.237000E+00   0.661687E+00
 0.238000E+00   0.662452E+00
 0.239000E+00   0.663207E+00
 0.240000E+00   0.663951E+00
 0.241000E+00   0.664686E+00
 0.242000E+00   0.665409E+00
 0.243000E+00   0.666120E+00
 0.244000E+00   0.666820E+00
 0.245000E+00   0.667507E+00
 0.246000E+00   0.668182E+00
 0.247000E+00   0.668843E+00
 0.248000E+00   0.669491E+00
 0.249000E+00   0.670125E+00
 0.250000E+00   0.670744E+00
 0.251000E+00   0.671349E+00
 0.252000E+00   0.671939E+00
 0.253000E+00   0.672513E+00
 0.254000E+00   0.673072E+00
 0.255000E+00   0.673615E+00
 0.256000E+00   0.674142E+00
 0.257000E+00   0.674653E+00
 0.258000E+00   0.675147E+00
 0.259000E+00   0.675624E+00
 0.260000E+00   0.676084E+00
 0.261000E+00   0.676527E+00
 0.262000E+00   0.676953E+00
 0.263000E+00   0.677361E+00
 0.264000E+00   0.677751E+00
 0.265000E+00   0.678124E+00
 0.266000E+00   0.678478E+00
 0.267000E+00   0.678815E+00
 0.268000E+00   0.679133E+00
 0.269000E+00   0.679434E+00
 0.270000E+00   0.679716E+00
 0.271000E+00   0.679981E+00
 0.272000E+00   0.680227E+00
 0.273000E+00   0.680455E+00
 0.274000E+00   0.680665E+00
 0.275000E+00   0.680857E+00
 0.276000E+00   0.681031E+00
 0.277000E+00   0.681187E+00
 0.278000E+00   0.681325E+00
 0.279000E+00   0.681446E+00
 0.280000E+00   0.681549E+00
 0.281000E+00   0.681635E+00
 0.282000E+00   0.681704E+00
 0.283000E+00   0.681756E+00
 0.284000E+00   0.681791E+00
 0.285000E+00   0.681810E+00
 0.286000E+00   0.681812E+00
 0.287000E+00   0.681799E+00
 0.288000E+00   0.681769E+00
 0.289000E+00   0.681725E+00
 0.290000E+00   0.681665E+00
 0.291000E+00   0.681590E+00
 0.292000E+00   0.681501E+00
 0.293000E+00   0.681397E+00
 0.294000E+00   0.681280E+00
 0.295000E+00   0.681150E+00
 0.296000E+00   0.681006E+00
 0.297000E+00   0.680850E+00
 0.298000E+00   0.680682E+00
 0.299000E+00   0.680502E+00
 0.300000E+00   0.680311E+00
 0.301000E+00   0.680109E+00
 0.302000E+00   0.679897E+00
 0.303000E+00   0.679674E+00
 0.304000E+00   0.679442E+00
 0.305000E+00   0.679201E+00
 0.306000E+00   0.678952E+00
 0.307000E+00   0.678694E+00
 0.308000E+00   0.678429E+00
 0.309000E+00   0.678157E+00
 0.310000E+00   0.677878E+00
 0.311000E+00   0.677592E+00
 0.312000E+00   0.677301E+00
 0.313000E+00   0.677005E+00
 0.314000E+00   0.676703E+00
 0.315000E+00   0.676398E+00
 0.316000E+00   0.676088E+00
 0.317000E+00   0.675775E+00
 0.318000E+00   0.675458E+00
 0.319000E+00   0.675139E+00
 0.320000E+00   0.674818E+00
 0.321000E+00   0.674494E+00
 0.322000E+00   0.674169E+00
 0.323000E+00   0.673843E+00
 0.324000E+00   0.673516E+00
 0.325000E+00   0.673189E+00
 0.326000E+00   0.672861E+00
 0.327000E+00   0.672534E+00
 0.328000E+00   0.672208E+00
 0.329000E+00   0.671882E+00
 0.330000E+00   0.671558E+00
 0.331000E+00   0.671236E+00
 0.332000E+00   0.670917E+00
 0.333000E+00   0.670599E+00
 0.334000E+00   0.670285E+00
 0.335000E+00   0.669975E+00
 0.336000E+00   0.669668E+00
 0.337000E+00   0.669366E+00
 0.338000E+00   0.669068E+00
 0.339000E+00   0.668776E+00
 0.340000E+00   0.668489E+00
 0.341000E+00   0.668209E+00
 0.342000E+00   0.667935E+00
 0.343000E+00   0.667669E+00
 0.344000E+00   0.667411E+00
 0.345000E+00   0.667162E+00
 0.346000E+00   0.666921E+00
 0.347000E+00   0.666690E+00
 0.348000E+00   0.666470E+00
 0.349000E+00   0.666261E+00
 0.350000E+00   0.666063E+00
 0.351000E+00   0.665878E+00
 0.352000E+00   0.665705E+00
 0.353000E+00   0.665546E+00
 0.354000E+00   0.665402E+00
 0.355000E+00   0.665272E+00
 0.356000E+00   0.665158E+00
 0.357000E+00   0.665061E+00
 0.358000E+00   0.664980E+00
 0.359000E+00   0.664917E+00
 0.360000E+00   0.664873E+00
 0.361000E+00   0.664847E+00
 0.362000E+00   0.664840E+00
 0.363000E+00   0.664853E+00
 0.364000E+00   0.664887E+00
 0.365000E+00   0.664942E+00
 0.366000E+00   0.665018E+00
 0.367000E+00   0.665115E+00
 0.368000E+00   0.665235E+00
 0.369000E+00   0.665377E+00
 0.370000E+00   0.665541E+00
 0.371000E+00   0.665728E+00
 0.372000E+00   0.665938E+00
 0.373000E+00   0.666171E+00
 0.374000E+00   0.666427E+00
 0.375000E+00   0.666705E+00
 0.376000E+00   0.667006E+00
 0.377000E+00   0.667329E+00
 0.378000E+00   0.667674E+00
 0.379000E+00   0.668041E+00
 0.380000E+00   0.668429E+00
 0.381000E+00   0.668837E+00
 0.382000E+00   0.669265E+00
 0.383000E+00   0.669712E+00
 0.384000E+00   0.670178E+00
 0.385000E+00   0.670662E+00
 0.386000E+00   0.671162E+00
 0.387000E+00   0.671677E+00
 0.388000E+00   0.672208E+00
 0.389000E+00   0.672751E+00
 0.390000E+00   0.673308E+00
 0.391000E+00   0.673875E+00
 0.392000E+00   0.674453E+00
 0.393000E+00   0.675039E+00
 0.394000E+00   0.675632E+00
 0.395000E+00   0.676232E+00
 0.396000E+00   0.676836E+00
 0.397000E+00   0.677443E+00
 0.398000E+00   0.678053E+00
 0.399000E+00   0.678663E+00
 0.400000E+00   0.679272E+00
 0.401000E+00   0.679879E+00
 0.402000E+00   0.680483E+00
 0.403000E+00   0.681082E+00
 0.404000E+00   0.681674E+00
 0.405000E+00   0.682260E+00
 0.406000E+00   0.682837E+00
 0.407000E+00   0.683404E+00
 0.408000E+00   0.683960E+00
 0.409000E+00   0.684505E+00
 0.410000E+00   0.685037E+00
 0.411000E+00   0.685555E+00
 0.412000E+00   0.686058E+00
 0.413000E+00   0.686546E+00
 0.414000E+00   0.687018E+00
 0.415000E+00   0.687472E+00
 0.416000E+00   0.687910E+00
 0.417000E+00   0.688329E+00
 0.418000E+00   0.688730E+00
 0.419000E+00   0.689112E+00
 0.420000E+00   0.689475E+00
 0.421000E+00   0.689818E+00
 0.422000E+00   0.690141E+00
 0.423000E+00   0.690444E+00
 0.424000E+00   0.690726E+00
 0.425000E+00   0.690988E+00
 0.426000E+00   0.691229E+00
 0.427000E+00   0.691449E+00
 0.428000E+00   0.691648E+00
 0.429000E+00   0.691826E+00
 0.430000E+00   0.691983E+00
 0.431000E+00   0.692118E+00
 0.432000E+00   0.692231E+00
 0.433000E+00   0.692323E+00
 0.434000E+00   0.692393E+00
 0.435000E+00   0.692441E+00
 0.436000E+00   0.692467E+00
 0.437000E+00   0.692470E+00
 0.438000E+00   0.692451E+00
 0.439000E+00   0.692409E+00
 0.440000E+00   0.692345E+00
 0.441000E+00   0.692258E+00
 0.442000E+00   0.692147E+00
 0.443000E+00   0.692014E+00
 0.444000E+00   0.691857E+00
 0.445000E+00   0.691677E+00
 0.446000E+00   0.691474E+00
 0.447000E+00   0.691247E+00
 0.448000E+00   0.690996E+00
 0.449000E+00   0.690722E+00
 0.450000E+00   0.690425E+00
 0.451000E+00   0.690104E+00
 0.452000E+00   0.689759E+00
 0.453000E+00   0.689391E+00
 0.454000E+00   0.688999E+00
 0.455000E+00   0.688584E+00
 0.456000E+00   0.688145E+00
 0.457000E+00   0.687683E+00
 0.458000E+00   0.687198E+00
 0.459000E+00   0.686690E+00
 0.460000E+00   0.686158E+00
 0.461000E+00   0.685603E+00
 0.462000E+00   0.685026E+00
 0.463000E+00   0.684425E+00
 0.464000E+00   0.683802E+00
 0.465000E+00   0.683156E+00
 0.466000E+00   0.682488E+00
 0.467000E+00   0.681798E+00
 0.468000E+00   0.681086E+00
 0.469000E+00   0.680352E+00
 0.470000E+00   0.679597E+00
 0.471000E+00   0.678821E+00
 0.472000E+00   0.678025E+00
 0.473000E+00   0.677209E+00
 0.474000E+00   0.676374E+00
 0.475000E+00   0.675521E+00
 0.476000E+00   0.674650E+00
 0.477000E+00   0.673763E+00
 0.478000E+00   0.672860E+00
 0.479000E+00   0.671942E+00
 0.480000E+00   0.671011E+00
 0.481000E+00   0.670067E+00
 0.482000E+00   0.669113E+00
 0.483000E+00   0.668149E+00
 0.484000E+00   0.667177E+00
 0.485000E+00   0.666199E+00
 0.486000E+00   0.665215E+00
 0.487000E+00   0.664228E+00
 0.488000E+00   0.663239E+00
 0.489000E+00   0.662249E+00
 0.490000E+00   0.661261E+00
 0.491000E+00   0.660275E+00
 0.492000E+00   0.659294E+00
 0.493000E+00   0.658320E+00
 0.494000E+00   0.657353E+00
 0.495000E+00   0.656395E+00
 0.496000E+00   0.655447E+00
 0.497000E+00   0.654512E+00
 0.498000E+00   0.653591E+00
 0.499000E+00   0.652684E+00
 0.500000E+00   0.651794E+00
 0.501000E+00   0.650921E+00
 0.502000E+00   0.650067E+00
 0.503000E+00   0.649233E+00
 0.504000E+00   0.648419E+00
 0.505000E+00   0.647628E+00
 0.506000E+00   0.646859E+00
 0.507000E+00   0.646114E+00
 0.508000E+00   0.645393E+00
 0.509000E+00   0.644697E+00
 0.510000E+00   0.644027E+00
 0.511000E+00   0.643384E+00
 0.512000E+00   0.642767E+00
 0.513000E+00   0.642177E+00
 0.514000E+00   0.641615E+00
 0.515000E+00   0.641081E+00
 0.516000E+00   0.640575E+00
 0.517000E+00   0.640097E+00
 0.518000E+00   0.639647E+00
 0.519000E+00   0.639225E+00
 0.520000E+00   0.638831E+00
 0.521000E+00   0.638466E+00
 0.522000E+00   0.638127E+00
 0.523000E+00   0.637817E+00
 0.524000E+00   0.637533E+00
 0.525000E+00   0.637276E+00
 0.526000E+00   0.637045E+00
 0.527000E+00   0.636840E+00
 0.528000E+00   0.636661E+00
 0.529000E+00   0.636505E+00
 0.530000E+00   0.636374E+00
 0.531000E+00   0.636267E+00
 0.532000E+00   0.636182E+00
 0.533000E+00   0.636119E+00
 0.534000E+00   0.636078E+00
 0.535000E+00   0.636058E+00
 0.536000E+00   0.636059E+00
 0.537000E+00   0.636079E+00
 0.538000E+00   0.636119E+00
 0.539000E+00   0.636178E+00
 0.540000E+00   0.636255E+00
 0.541000E+00   0.636350E+00
 0.542000E+00   0.636464E+00
 0.543000E+00   0.636594E+00
 0.544000E+00   0.636742E+00
 0.545000E+00   0.636908E+00
 0.546000E+00   0.637089E+00
 0.547000E+00   0.637288E+00
 0.548000E+00   0.637503E+00
 0.549000E+00   0.637735E+00
 0.550000E+00   0.637983E+00
 0.551000E+00   0.638248E+00
 0.552000E+00   0.638528E+00
 0.553000E+00   0.638825E+00
 0.554000E+00   0.639138E+00
 0.555000E+00   0.639467E+00
 0.556000E+00   0.639811E+00
 0.557000E+00   0.640171E+00
 0.558000E+00   0.640547E+00
 0.559000E+00   0.640937E+00
 0.560000E+00   0.641342E+00
 0.561000E+00   0.641761E+00
 0.562000E+00   0.642194E+00
 0.563000E+00   0.642641E+00
 0.564000E+00   0.643100E+00
 0.565000E+00   0.643572E+00
 0.566000E+00   0.644056E+00
 0.567000E+00   0.644551E+00
 0.568000E+00   0.645056E+00
 0.569000E+00   0.645572E+00
 0.570000E+00   0.646097E+00
 0.571000E+00   0.646631E+00
 0.572000E+00   0.647173E+00
 0.573000E+00   0.647723E+00
 0.574000E+00   0.648279E+00
 0.575000E+00   0.648841E+00
 0.576000E+00   0.649410E+00
 0.577000E+00   0.649983E+00
 0.578000E+00   0.650560E+00
 0.579000E+00   0.651141E+00
 0.580000E+00   0.651724E+00
 0.581000E+00   0.652310E+00
 0.582000E+00   0.652898E+00
 0.583000E+00   0.653487E+00
 0.584000E+00   0.654076E+00
 0.585000E+00   0.654665E+00
 0.586000E+00   0.655253E+00
 0.587000E+00   0.655840E+00
 0.588000E+00   0.656424E+00
 0.589000E+00   0.657005E+00
 0.590000E+00   0.657583E+00
 0.591000E+00   0.658156E+00
 0.592000E+00   0.658725E+00
 0.593000E+00   0.659288E+00
 0.594000E+00   0.659846E+00
 0.595000E+00   0.660396E+00
 0.596000E+00   0.660940E+00
 0.597000E+00   0.661476E+00
 0.598000E+00   0.662004E+00
 0.599000E+00   0.662524E+00
 0.600000E+00   0.663034E+00
 0.601000E+00   0.663536E+00
 0.602000E+00   0.664029E+00
 0.603000E+00   0.664511E+00
 0.604000E+00   0.664985E+00
 0.605000E+00   0.665448E+00
 0.606000E+00   0.665901E+00
 0.607000E+00   0.666345E+00
 0.608000E+00   0.666778E+00
 0.609000E+00   0.667202E+00
 0.610000E+00   0.667616E+00
 0.611000E+00   0.668020E+00
 0.612000E+00   0.668414E+00
 0.613000E+00   0.668799E+00
 0.614000E+00   0.669174E+00
 0.615000E+00   0.669539E+00
 0.616000E+00   0.669895E+00
 0.617000E+00   0.670241E+00
 0.618000E+00   0.670578E+00
 0.619000E+00   0.670905E+00
 0.620000E+00   0.671222E+00
 0.621000E+00   0.671529E+00
 0.622000E+00   0.671826E+00
 0.623000E+00   0.672113E+00
 0.624000E+00   0.672390E+00
 0.625000E+00   0.672656E+00
 0.626000E+00   0.672912E+00
 0.627000E+00   0.673156E+00
 0.628000E+00   0.673389E+00
 0.629000E+00   0.673611E+00
 0.630000E+00   0.673821E+00
 0.631000E+00   0.674020E+00
 0.632000E+00   0.674206E+00
 0.633000E+00   0.674380E+00
 0.634000E+00   0.674542E+00
 0.635000E+00   0.674692E+00
 0.636000E+00   0.674830E+00
 0.637000E+00   0.674954E+00
 0.638000E+00   0.675067E+00
 0.639000E+00   0.675167E+00
 0.640000E+00   0.675254E+00
 0.641000E+00   0.675329E+00
 0.642000E+00   0.675392E+00
 0.643000E+00   0.675442E+00
 0.644000E+00   0.675480E+00
 0.645000E+00   0.675506E+00
 0.646000E+00   0.675519E+00
 0.647000E+00   0.675521E+00
 0.648000E+00   0.675511E+00
 0.649000E+00   0.675490E+00
 0.650000E+00   0.675457E+00
 0.651000E+00   0.675412E+00
 0.652000E+00   0.675356E+00
 0.653000E+00   0.675290E+00
 0.654000E+00   0.675212E+00
 0.655000E+00   0.675124E+00
 0.656000E+00   0.675025E+00
 0.657000E+00   0.674916E+00
 0.658000E+00   0.674797E+00
 0.659000E+00   0.674668E+00
 0.660000E+00   0.674530E+00
 0.661000E+00   0.674382E+00
 0.662000E+00   0.674226E+00
 0.663000E+00   0.674061E+00
 0.664000E+00   0.673888E+00
 0.665000E+00   0.673707E+00
 0.666000E+00   0.673519E+00
 0.667000E+00   0.673323E+00
 0.668000E+00   0.673121E+00
 0.669000E+00   0.672913E+00
 0.670000E+00   0.672699E+00
 0.671000E+00   0.672480E+00
 0.672000E+00   0.672255E+00
 0.673000E+00   0.672027E+00
 0.674000E+00   0.671794E+00
 0.675000E+00   0.671558E+00
 0.676000E+00   0.671318E+00
 0.677000E+00   0.671076E+00
 0.678000E+00   0.670832E+00
 0.679000E+00   0.670586E+00
 0.680000E+00   0.670339E+00
 0.681000E+00   0.670091E+00
 0.682000E+00   0.669842E+00
 0.683000E+00   0.669594E+00
 0.684000E+00   0.669347E+00
 0.685000E+00   0.669101E+00
 0.686000E+00   0.668857E+00
 0.687000E+00   0.668616E+00
 0.688000E+00   0.668377E+00
 0.689000E+00   0.668143E+00
 0.690000E+00   0.667913E+00
 0.691000E+00   0.667688E+00
 0.692000E+00   0.667468E+00
 0.693000E+00   0.667256E+00
 0.694000E+00   0.667050E+00
 0.695000E+00   0.666853E+00
 0.696000E+00   0.666664E+00
 0.697000E+00   0.666485E+00
 0.698000E+00   0.666316E+00
 0.699000E+00   0.666157E+00
 0.700000E+00   0.666010E+00
 0.701000E+00   0.665875E+00
 0.702000E+00   0.665753E+00
 0.703000E+00   0.665643E+00
 0.704000E+00   0.665547E+00
 0.705000E+00   0.665465E+00
 0.706000E+00   0.665397E+00
 0.707000E+00   0.665344E+00
 0.708000E+00   0.665305E+00
 0.709000E+00   0.665281E+00
 0.710000E+00   0.665273E+00
 0.711000E+00   0.665279E+00
 0.712000E+00   0.665301E+00
 0.713000E+00   0.665338E+00
 0.714000E+00   0.665390E+00
 0.715000E+00   0.665457E+00
 0.716000E+00   0.665539E+00
 0.717000E+00   0.665636E+00
 0.718000E+00   0.665747E+00
 0.719000E+00   0.665872E+00
 0.720000E+00   0.666012E+00
 0.721000E+00   0.666165E+00
 0.722000E+00   0.666331E+00
 0.723000E+00   0.666511E+00
 0.724000E+00   0.666704E+00
 0.725000E+00   0.666909E+00
 0.726000E+00   0.667127E+00
 0.727000E+00   0.667357E+00
 0.728000E+00   0.667598E+00
 0.729000E+00   0.667851E+00
 0.730000E+00   0.668114E+00
 0.731000E+00   0.668388E+00
 0.732000E+00   0.668672E+00
 0.733000E+00   0.668966E+00
 0.734000E+00   0.669270E+00
 0.735000E+00   0.669582E+00
 0.736000E+00   0.669903E+00
 0.737000E+00   0.670232E+00
 0.738000E+00   0.670569E+00
 0.739000E+00   0.670913E+00
 0.740000E+00   0.671264E+00
 0.741000E+00   0.671621E+00
 0.742000E+00   0.671985E+00
 0.743000E+00   0.672353E+00
 0.744000E+00   0.672727E+00
 0.745000E+00   0.673106E+00
 0.746000E+00   0.673488E+00
 0.747000E+00   0.673875E+00
 0.748000E+00   0.674264E+00
 0.749000E+00   0.674657E+00
 0.750000E+00   0.675051E+00
 0.751000E+00   0.675448E+00
 0.752000E+00   0.675846E+00
 0.753000E+00   0.676245E+00
 0.754000E+00   0.676644E+00
 0.755000E+00   0.677043E+00
 0.756000E+00   0.677441E+00
 0.757000E+00   0.677838E+00
 0.758000E+00   0.678234E+00
 0.759000E+00   0.678626E+00
 0.760000E+00   0.679016E+00
 0.761000E+00   0.679401E+00
 0.762000E+00   0.679783E+00
 0.763000E+00   0.680159E+00
 0.764000E+00   0.680529E+00
 0.765000E+00   0.680893E+00
 0.766000E+00   0.681250E+00
 0.767000E+00   0.681600E+00
 0.768000E+00   0.681941E+00
 0.769000E+00   0.682274E+00
 0.770000E+00   0.682597E+00
 0.771000E+00   0.682910E+00
 0.772000E+00   0.683214E+00
 0.773000E+00   0.683506E+00
 0.774000E+00   0.683788E+00
 0.775000E+00   0.684059E+00
 0.776000E+00   0.684318E+00
 0.777000E+00   0.684565E+00
 0.778000E+00   0.684801E+00
 0.779000E+00   0.685024E+00
 0.780000E+00   0.685235E+00
 0.781000E+00   0.685434E+00
 0.782000E+00   0.685621E+00
 0.783000E+00   0.685796E+00
 0.784000E+00   0.685958E+00
 0.785000E+00   0.686107E+00
 0.786000E+00   0.686244E+00
 0.787000E+00   0.686368E+00
 0.788000E+00   0.686480E+00
 0.789000E+00   0.686579E+00
 0.790000E+00   0.686665E+00
 0.791000E+00   0.686737E+00
 0.792000E+00   0.686797E+00
 0.793000E+00   0.686842E+00
 0.794000E+00   0.686874E+00
 0.795000E+00   0.686892E+00
 0.796000E+00   0.686895E+00
 0.797000E+00   0.686884E+00
 0.798000E+00   0.686857E+00
 0.799000E+00   0.686816E+00
 0.800000E+00   0.686758E+00
 0.801000E+00   0.686685E+00
 0.802000E+00   0.686596E+00
 0.803000E+00   0.686491E+00
 0.804000E+00   0.686369E+00
 0.805000E+00   0.686230E+00
 0.806000E+00   0.686075E+00
 0.807000E+00   0.685903E+00
 0.808000E+00   0.685714E+00
 0.809000E+00   0.685509E+00
 0.810000E+00   0.685287E+00
 0.811000E+00   0.685048E+00
 0.812000E+00   0.684792E+00
 0.813000E+00   0.684520E+00
 0.814000E+00   0.684232E+00
 0.815000E+00   0.683927E+00
 0.816000E+00   0.683607E+00
 0.817000E+00   0.683270E+00
 0.818000E+00   0.682918E+00
 0.819000E+00   0.682549E+00
 0.820000E+00   0.682166E+00
 0.821000E+00   0.681767E+00
 0.822000E+00   0.681353E+00
 0.823000E+00   0.680924E+00
 0.824000E+00   0.680480E+00
 0.825000E+00   0.680022E+00
 0.826000E+00   0.679549E+00
 0.827000E+00   0.679063E+00
 0.828000E+00   0.678563E+00
 0.829000E+00   0.678050E+00
 0.830000E+00   0.677523E+00
 0.831000E+00   0.676985E+00
 0.832000E+00   0.676434E+00
 0.833000E+00   0.675872E+00
 0.834000E+00   0.675299E+00
 0.835000E+00   0.674716E+00
 0.836000E+00   0.674123E+00
 0.837000E+00   0.673521E+00
 0.838000E+00   0.672911E+00
 0.839000E+00   0.672294E+00
 0.840000E+00   0.671670E+00
 0.841000E+00   0.671040E+00
 0.842000E+00   0.670406E+00
 0.843000E+00   0.669767E+00
 0.844000E+00   0.669124E+00
 0.845000E+00   0.668480E+00
 0.846000E+00   0.667833E+00
 0.847000E+00   0.667186E+00
 0.848000E+00   0.666539E+00
 0.849000E+00   0.665892E+00
 0.850000E+00   0.665247E+00
 0.851000E+00   0.664605E+00
 0.852000E+00   0.663965E+00
 0.853000E+00   0.663329E+00
 0.854000E+00   0.662698E+00
 0.855000E+00   0.662073E+00
 0.856000E+00   0.661453E+00
 0.857000E+00   0.660839E+00
 0.858000E+00   0.660233E+00
 0.859000E+00   0.659635E+00
 0.860000E+00   0.659044E+00
 0.861000E+00   0.658463E+00
 0.862000E+00   0.657891E+00
 0.863000E+00   0.657329E+00
 0.864000E+00   0.656777E+00
 0.865000E+00   0.656236E+00
 0.866000E+00   0.655706E+00
 0.867000E+00   0.655188E+00
 0.868000E+00   0.654681E+00
 0.869000E+00   0.654187E+00
 0.870000E+00   0.653705E+00
 0.871000E+00   0.653235E+00
 0.872000E+00   0.652779E+00
 0.873000E+00   0.652335E+00
 0.874000E+00   0.651905E+00
 0.875000E+00   0.651488E+00
 0.876000E+00   0.651084E+00
 0.877000E+00   0.650695E+00
 0.878000E+00   0.650319E+00
 0.879000E+00   0.649957E+00
 0.880000E+00   0.649609E+00
 0.881000E+00   0.649276E+00
 0.882000E+00   0.648956E+00
 0.883000E+00   0.648652E+00
 0.884000E+00   0.648361E+00
 0.885000E+00   0.648086E+00
 0.886000E+00   0.647825E+00
 0.887000E+00   0.647580E+00
 0.888000E+00   0.647350E+00
 0.889000E+00   0.647136E+00
 0.890000E+00   0.646937E+00
 0.891000E+00   0.646755E+00
 0.892000E+00   0.646589E+00
 0.893000E+00   0.646439E+00
 0.894000E+00   0.646307E+00
 0.895000E+00   0.646192E+00
 0.896000E+00   0.646094E+00
 0.897000E+00   0.646014E+00
 0.898000E+00   0.645952E+00
 0.899000E+00   0.645909E+00
 0.900000E+00   0.645883E+00
 0.901000E+00   0.645876E+00
 0.902000E+00   0.645888E+00
 0.903000E+00   0.645918E+00
 0.904000E+00   0.645967E+00
 0.905000E+00   0.646035E+00
 0.906000E+00   0.646120E+00
 0.907000E+00   0.646224E+00
 0.908000E+00   0.646345E+00
 0.909000E+00   0.646484E+00
 0.910000E+00   0.646640E+00
 0.911000E+00   0.646813E+00
 0.912000E+00   0.647001E+00
 0.913000E+00   0.647205E+00
 0.914000E+00   0.647424E+00
 0.915000E+00   0.647658E+00
 0.916000E+00   0.647905E+00
 0.917000E+00   0.648165E+00
 0.918000E+00   0.648437E+00
 0.919000E+00   0.648721E+00
 0.920000E+00   0.649017E+00
 0.921000E+00   0.649322E+00
 0.922000E+00   0.649637E+00
 0.923000E+00   0.649962E+00
 0.924000E+00   0.650295E+00
 0.925000E+00   0.650635E+00
 0.926000E+00   0.650984E+00
 0.927000E+00   0.651339E+00
 0.928000E+00   0.651701E+00
 0.929000E+00   0.652070E+00
 0.930000E+00   0.652444E+00
 0.931000E+00   0.652823E+00
 0.932000E+00   0.653208E+00
 0.933000E+00   0.653597E+00
 0.934000E+00   0.653991E+00
 0.935000E+00   0.654390E+00
 0.936000E+00   0.654792E+00
 0.937000E+00   0.655198E+00
 0.938000E+00   0.655608E+00
 0.939000E+00   0.656021E+00
 0.940000E+00   0.656437E+00
 0.941000E+00   0.656856E+00
 0.942000E+00   0.657277E+00
 0.943000E+00   0.657701E+00
 0.944000E+00   0.658126E+00
 0.945000E+00   0.658553E+00
 0.946000E+00   0.658982E+00
 0.947000E+00   0.659412E+00
 0.948000E+00   0.659842E+00
 0.949000E+00   0.660272E+00
 0.950000E+00   0.660702E+00
 0.951000E+00   0.661131E+00
 0.952000E+00   0.661559E+00
 0.953000E+00   0.661986E+00
 0.954000E+00   0.662410E+00
 0.955000E+00   0.662832E+00
 0.956000E+00   0.663250E+00
 0.957000E+00   0.663665E+00
 0.958000E+00   0.664076E+00
 0.959000E+00   0.664481E+00
 0.960000E+00   0.664882E+00
 0.961000E+00   0.665276E+00
 0.962000E+00   0.665665E+00
 0.963000E+00   0.666046E+00
 0.964000E+00   0.666420E+00
 0.965000E+00   0.666786E+00
 0.966000E+00   0.667144E+00
 0.967000E+00   0.667493E+00
 0.968000E+00   0.667832E+00
 0.969000E+00   0.668162E+00
 0.970000E+00   0.668482E+00
 0.971000E+00   0.668791E+00
 0.972000E+00   0.669089E+00
 0.973000E+00   0.669375E+00
 0.974000E+00   0.669649E+00
 0.975000E+00   0.669912E+00
 0.976000E+00   0.670161E+00
 0.977000E+00   0.670398E+00
 0.978000E+00   0.670622E+00
 0.979000E+00   0.670832E+00
 0.980000E+00   0.671028E+00
 0.981000E+00   0.671211E+00
 0.982000E+00   0.671380E+00
 0.983000E+00   0.671534E+00
 0.984000E+00   0.671675E+00
 0.985000E+00   0.671802E+00
 0.986000E+00   0.671914E+00
 0.987000E+00   0.672014E+00
 0.988000E+00   0.672099E+00
 0.989000E+00   0.672172E+00
 0.990000E+00   0.672232E+00
 0.991000E+00   0.672279E+00
 0.992000E+00   0.672314E+00
 0.993000E+00   0.672338E+00
 0.994000E+00   0.672352E+00
 0.995000E+00   0.672354E+00
 0.996000E+00   0.672347E+00
 0.997000E+00   0.672330E+00
 0.998000E+00   0.672305E+00
 0.999000E+00   0.672271E+00
 0.100000E+01   0.672230E+00
