 0.200000E-02   0.999601E+00  -0.215899E-01
 0.400000E-02   0.998412E+00  -0.430909E-01
 0.600000E-02   0.996460E+00  -0.644263E-01
 0.800000E-02   0.993782E+00  -0.855277E-01
 0.100000E-01   0.990428E+00  -0.106338E+00
 0.120000E-01   0.986451E+00  -0.126810E+00
 0.140000E-01   0.981911E+00  -0.146913E+00
 0.160000E-01   0.976867E+00  -0.166624E+00
 0.180000E-01   0.971375E+00  -0.185933E+00
 0.200000E-01   0.965489E+00  -0.204838E+00
 0.220000E-01   0.959257E+00  -0.223344E+00
 0.240000E-01   0.952721E+00  -0.241461E+00
 0.260000E-01   0.945920E+00  -0.259204E+00
 0.280000E-01   0.938885E+00  -0.276590E+00
 0.300000E-01   0.931644E+00  -0.293635E+00
 0.320000E-01   0.924221E+00  -0.310360E+00
 0.340000E-01   0.916635E+00  -0.326783E+00
 0.360000E-01   0.908901E+00  -0.342922E+00
 0.380000E-01   0.901035E+00  -0.358795E+00
 0.400000E-01   0.893047E+00  -0.374419E+00
 0.420000E-01   0.884946E+00  -0.389810E+00
 0.440000E-01   0.876742E+00  -0.404983E+00
 0.460000E-01   0.868441E+00  -0.419954E+00
 0.480000E-01   0.860049E+00  -0.434735E+00
 0.500000E-01   0.851572E+00  -0.449339E+00
 0.520000E-01   0.843016E+00  -0.463778E+00
 0.540000E-01   0.834384E+00  -0.478062E+00
 0.560000E-01   0.825681E+00  -0.492201E+00
 0.580000E-01   0.816913E+00  -0.506204E+00
 0.600000E-01   0.808083E+00  -0.520078E+00
 0.620000E-01   0.799196E+00  -0.533828E+00
 0.640000E-01   0.790258E+00  -0.547460E+00
 0.660000E-01   0.781273E+00  -0.560974E+00
 0.680000E-01   0.772245E+00  -0.574372E+00
 0.700000E-01   0.763178E+00  -0.587652E+00
 0.720000E-01   0.754075E+00  -0.600809E+00
 0.740000E-01   0.744937E+00  -0.613837E+00
 0.760000E-01   0.735766E+00  -0.626728E+00
 0.780000E-01   0.726560E+00  -0.639471E+00
 0.800000E-01   0.717314E+00  -0.652053E+00
 0.820000E-01   0.708023E+00  -0.664462E+00
 0.840000E-01   0.698677E+00  -0.676683E+00
 0.860000E-01   0.689266E+00  -0.688702E+00
 0.880000E-01   0.679776E+00  -0.700504E+00
 0.900000E-01   0.670191E+00  -0.712075E+00
 0.920000E-01   0.660493E+00  -0.723404E+00
 0.940000E-01   0.650663E+00  -0.734478E+00
 0.960000E-01   0.640683E+00  -0.745288E+00
 0.980000E-01   0.630531E+00  -0.755825E+00
 0.100000E+00   0.620189E+00  -0.766082E+00
 0.102000E+00   0.609636E+00  -0.776054E+00
 0.104000E+00   0.598854E+00  -0.785737E+00
 0.106000E+00   0.587825E+00  -0.795126E+00
 0.108000E+00   0.576534E+00  -0.804220E+00
 0.110000E+00   0.564966E+00  -0.813016E+00
 0.112000E+00   0.553108E+00  -0.821514E+00
 0.114000E+00   0.540949E+00  -0.829712E+00
 0.116000E+00   0.528480E+00  -0.837611E+00
 0.118000E+00   0.515693E+00  -0.845211E+00
 0.120000E+00   0.502585E+00  -0.852512E+00
 0.122000E+00   0.489152E+00  -0.859515E+00
 0.124000E+00   0.475395E+00  -0.866222E+00
 0.126000E+00   0.461316E+00  -0.872633E+00
 0.128000E+00   0.446919E+00  -0.878750E+00
 0.130000E+00   0.432215E+00  -0.884573E+00
 0.132000E+00   0.417212E+00  -0.890102E+00
 0.134000E+00   0.401925E+00  -0.895337E+00
 0.136000E+00   0.386367E+00  -0.900275E+00
 0.138000E+00   0.370556E+00  -0.904914E+00
 0.140000E+00   0.354507E+00  -0.909250E+00
 0.142000E+00   0.338238E+00  -0.913277E+00
 0.144000E+00   0.321764E+00  -0.916991E+00
 0.146000E+00   0.305099E+00  -0.920389E+00
 0.148000E+00   0.288258E+00  -0.923471E+00
 0.150000E+00   0.271253E+00  -0.926240E+00
 0.152000E+00   0.254099E+00  -0.928703E+00
 0.154000E+00   0.236813E+00  -0.930873E+00
 0.156000E+00   0.219416E+00  -0.932767E+00
 0.158000E+00   0.201938E+00  -0.934404E+00
 0.160000E+00   0.184415E+00  -0.935802E+00
 0.162000E+00   0.166891E+00  -0.936974E+00
 0.164000E+00   0.149414E+00  -0.937926E+00
 0.166000E+00   0.132034E+00  -0.938653E+00
 0.168000E+00   0.114797E+00  -0.939138E+00
 0.170000E+00   0.977366E-01  -0.939355E+00
 0.172000E+00   0.808755E-01  -0.939271E+00
 0.174000E+00   0.642184E-01  -0.938859E+00
 0.176000E+00   0.477559E-01  -0.938094E+00
 0.178000E+00   0.314695E-01  -0.936970E+00
 0.180000E+00   0.153381E-01  -0.935493E+00
 0.182000E+00  -0.654070E-03  -0.933684E+00
 0.184000E+00  -0.165128E-01  -0.931570E+00
 0.186000E+00  -0.322333E-01  -0.929179E+00
 0.188000E+00  -0.478031E-01  -0.926534E+00
 0.190000E+00  -0.632094E-01  -0.923647E+00
 0.192000E+00  -0.784447E-01  -0.920525E+00
 0.194000E+00  -0.935101E-01  -0.917174E+00
 0.196000E+00  -0.108413E+00  -0.913606E+00
 0.198000E+00  -0.123163E+00  -0.909842E+00
 0.200000E+00  -0.137758E+00  -0.905912E+00
 0.202000E+00  -0.152186E+00  -0.901844E+00
 0.204000E+00  -0.166426E+00  -0.897654E+00
 0.206000E+00  -0.180453E+00  -0.893343E+00
 0.208000E+00  -0.194259E+00  -0.888895E+00
 0.210000E+00  -0.207854E+00  -0.884290E+00
 0.212000E+00  -0.221276E+00  -0.879522E+00
 0.214000E+00  -0.234568E+00  -0.874615E+00
 0.216000E+00  -0.247763E+00  -0.869624E+00
 0.218000E+00  -0.260855E+00  -0.864626E+00
 0.220000E+00  -0.273793E+00  -0.859689E+00
 0.222000E+00  -0.286487E+00  -0.854841E+00
 0.224000E+00  -0.298843E+00  -0.850052E+00
 0.226000E+00  -0.310797E+00  -0.845234E+00
 0.228000E+00  -0.322349E+00  -0.840275E+00
 0.230000E+00  -0.333571E+00  -0.835078E+00
 0.232000E+00  -0.344579E+00  -0.829603E+00
 0.234000E+00  -0.355489E+00  -0.823889E+00
 0.236000E+00  -0.366372E+00  -0.818030E+00
 0.238000E+00  -0.377224E+00  -0.812139E+00
 0.240000E+00  -0.387975E+00  -0.806291E+00
 0.242000E+00  -0.398531E+00  -0.800495E+00
 0.244000E+00  -0.408820E+00  -0.794695E+00
 0.246000E+00  -0.418836E+00  -0.788800E+00
 0.248000E+00  -0.428631E+00  -0.782743E+00
 0.250000E+00  -0.438294E+00  -0.776508E+00
 0.252000E+00  -0.447896E+00  -0.770144E+00
 0.254000E+00  -0.457455E+00  -0.763731E+00
 0.256000E+00  -0.466931E+00  -0.757332E+00
 0.258000E+00  -0.476256E+00  -0.750960E+00
 0.260000E+00  -0.485379E+00  -0.744573E+00
 0.262000E+00  -0.494301E+00  -0.738108E+00
 0.264000E+00  -0.503075E+00  -0.731526E+00
 0.266000E+00  -0.511769E+00  -0.724845E+00
 0.268000E+00  -0.520414E+00  -0.718133E+00
 0.270000E+00  -0.528978E+00  -0.711470E+00
 0.272000E+00  -0.537373E+00  -0.704890E+00
 0.274000E+00  -0.545503E+00  -0.698351E+00
 0.276000E+00  -0.553328E+00  -0.691750E+00
 0.278000E+00  -0.560892E+00  -0.684981E+00
 0.280000E+00  -0.568303E+00  -0.677997E+00
 0.282000E+00  -0.575676E+00  -0.670847E+00
 0.284000E+00  -0.583055E+00  -0.663646E+00
 0.286000E+00  -0.590387E+00  -0.656516E+00
 0.288000E+00  -0.597544E+00  -0.649500E+00
 0.290000E+00  -0.604400E+00  -0.642541E+00
 0.292000E+00  -0.610910E+00  -0.635504E+00
 0.294000E+00  -0.617138E+00  -0.628263E+00
 0.296000E+00  -0.623222E+00  -0.620776E+00
 0.298000E+00  -0.629289E+00  -0.613120E+00
 0.300000E+00  -0.635370E+00  -0.605440E+00
 0.302000E+00  -0.641381E+00  -0.597865E+00
 0.304000E+00  -0.647167E+00  -0.590423E+00
 0.306000E+00  -0.652600E+00  -0.583023E+00
 0.308000E+00  -0.657657E+00  -0.575510E+00
 0.310000E+00  -0.662436E+00  -0.567760E+00
 0.312000E+00  -0.667091E+00  -0.559757E+00
 0.314000E+00  -0.671745E+00  -0.551600E+00
 0.316000E+00  -0.676418E+00  -0.543438E+00
 0.318000E+00  -0.681030E+00  -0.535389E+00
 0.320000E+00  -0.685460E+00  -0.527484E+00
 0.322000E+00  -0.689619E+00  -0.519673E+00
 0.324000E+00  -0.693485E+00  -0.511886E+00
 0.326000E+00  -0.697085E+00  -0.504084E+00
 0.328000E+00  -0.700437E+00  -0.496272E+00
 0.330000E+00  -0.703533E+00  -0.488456E+00
 0.332000E+00  -0.706348E+00  -0.480607E+00
 0.334000E+00  -0.708905E+00  -0.472661E+00
 0.336000E+00  -0.711296E+00  -0.464572E+00
 0.338000E+00  -0.713662E+00  -0.456383E+00
 0.340000E+00  -0.716094E+00  -0.448249E+00
 0.342000E+00  -0.718554E+00  -0.440371E+00
 0.344000E+00  -0.720866E+00  -0.432884E+00
 0.346000E+00  -0.722810E+00  -0.425757E+00
 0.348000E+00  -0.724256E+00  -0.418811E+00
 0.350000E+00  -0.725254E+00  -0.411831E+00
 0.352000E+00  -0.726003E+00  -0.404718E+00
 0.354000E+00  -0.726707E+00  -0.397553E+00
 0.356000E+00  -0.727437E+00  -0.390540E+00
 0.358000E+00  -0.728090E+00  -0.383849E+00
 0.360000E+00  -0.728485E+00  -0.377493E+00
 0.362000E+00  -0.728520E+00  -0.371331E+00
 0.364000E+00  -0.728269E+00  -0.365191E+00
 0.366000E+00  -0.727931E+00  -0.359027E+00
 0.368000E+00  -0.727679E+00  -0.352968E+00
 0.370000E+00  -0.727530E+00  -0.347226E+00
 0.372000E+00  -0.727343E+00  -0.341932E+00
 0.374000E+00  -0.726947E+00  -0.337046E+00
 0.376000E+00  -0.726299E+00  -0.332404E+00
 0.378000E+00  -0.725516E+00  -0.327877E+00
 0.380000E+00  -0.724782E+00  -0.323487E+00
 0.382000E+00  -0.724186E+00  -0.319388E+00
 0.384000E+00  -0.723654E+00  -0.315727E+00
 0.386000E+00  -0.723030E+00  -0.312505E+00
 0.388000E+00  -0.722232E+00  -0.309577E+00
 0.390000E+00  -0.721341E+00  -0.306777E+00
 0.392000E+00  -0.720542E+00  -0.304061E+00
 0.394000E+00  -0.719965E+00  -0.301533E+00
 0.396000E+00  -0.719596E+00  -0.299324E+00
 0.398000E+00  -0.719321E+00  -0.297453E+00
 0.400000E+00  -0.719080E+00  -0.295799E+00
 0.402000E+00  -0.718958E+00  -0.294226E+00
 0.404000E+00  -0.719124E+00  -0.292718E+00
 0.406000E+00  -0.719672E+00  -0.291396E+00
 0.408000E+00  -0.720534E+00  -0.290384E+00
 0.410000E+00  -0.721555E+00  -0.289657E+00
 0.412000E+00  -0.722667E+00  -0.289038E+00
 0.414000E+00  -0.723986E+00  -0.288353E+00
 0.416000E+00  -0.725714E+00  -0.287604E+00
 0.418000E+00  -0.727932E+00  -0.286960E+00
 0.420000E+00  -0.730504E+00  -0.286572E+00
 0.422000E+00  -0.733191E+00  -0.286384E+00
 0.424000E+00  -0.735884E+00  -0.286146E+00
 0.426000E+00  -0.738710E+00  -0.285622E+00
 0.428000E+00  -0.741899E+00  -0.284797E+00
 0.430000E+00  -0.745532E+00  -0.283850E+00
 0.432000E+00  -0.749451E+00  -0.282925E+00
 0.434000E+00  -0.753418E+00  -0.281931E+00
 0.436000E+00  -0.757382E+00  -0.280605E+00
 0.438000E+00  -0.761534E+00  -0.278781E+00
 0.440000E+00  -0.766098E+00  -0.276577E+00
 0.442000E+00  -0.771048E+00  -0.274285E+00
 0.444000E+00  -0.776068E+00  -0.272060E+00
 0.446000E+00  -0.780826E+00  -0.269732E+00
 0.448000E+00  -0.785267E+00  -0.266952E+00
 0.450000E+00  -0.789632E+00  -0.263532E+00
 0.452000E+00  -0.794170E+00  -0.259617E+00
 0.454000E+00  -0.798854E+00  -0.255510E+00
 0.456000E+00  -0.803403E+00  -0.251361E+00
 0.458000E+00  -0.807569E+00  -0.247039E+00
 0.460000E+00  -0.811354E+00  -0.242333E+00
 0.462000E+00  -0.814928E+00  -0.237218E+00
 0.464000E+00  -0.818363E+00  -0.231876E+00
 0.466000E+00  -0.821521E+00  -0.226476E+00
 0.468000E+00  -0.824217E+00  -0.220985E+00
 0.470000E+00  -0.826444E+00  -0.215263E+00
 0.472000E+00  -0.828359E+00  -0.209300E+00
 0.474000E+00  -0.830059E+00  -0.203288E+00
 0.476000E+00  -0.831426E+00  -0.197416E+00
 0.478000E+00  -0.832280E+00  -0.191657E+00
 0.480000E+00  -0.832644E+00  -0.185841E+00
 0.482000E+00  -0.832766E+00  -0.179952E+00
 0.484000E+00  -0.832826E+00  -0.174249E+00
 0.486000E+00  -0.832694E+00  -0.169033E+00
 0.488000E+00  -0.832078E+00  -0.164298E+00
 0.490000E+00  -0.830918E+00  -0.159742E+00
 0.492000E+00  -0.829551E+00  -0.155163E+00
 0.494000E+00  -0.828382E+00  -0.150780E+00
 0.496000E+00  -0.827432E+00  -0.147060E+00
 0.498000E+00  -0.826313E+00  -0.144209E+00
 0.500000E+00  -0.824693E+00  -0.141926E+00
 0.502000E+00  -0.822716E+00  -0.139739E+00
 0.504000E+00  -0.820870E+00  -0.137518E+00
 0.506000E+00  -0.819484E+00  -0.135557E+00
 0.508000E+00  -0.818457E+00  -0.134170E+00
 0.510000E+00  -0.817525E+00  -0.133314E+00
 0.512000E+00  -0.816675E+00  -0.132708E+00
 0.514000E+00  -0.816145E+00  -0.132229E+00
 0.516000E+00  -0.816076E+00  -0.132022E+00
 0.518000E+00  -0.816313E+00  -0.132196E+00
 0.520000E+00  -0.816656E+00  -0.132551E+00
 0.522000E+00  -0.817197E+00  -0.132759E+00
 0.524000E+00  -0.818247E+00  -0.132752E+00
 0.526000E+00  -0.819922E+00  -0.132772E+00
 0.528000E+00  -0.821969E+00  -0.132989E+00
 0.530000E+00  -0.824078E+00  -0.133199E+00
 0.532000E+00  -0.826263E+00  -0.133040E+00
 0.534000E+00  -0.828787E+00  -0.132411E+00
 0.536000E+00  -0.831737E+00  -0.131523E+00
 0.538000E+00  -0.834872E+00  -0.130508E+00
 0.540000E+00  -0.837949E+00  -0.129185E+00
 0.542000E+00  -0.841043E+00  -0.127312E+00
 0.544000E+00  -0.844360E+00  -0.124967E+00
 0.546000E+00  -0.847813E+00  -0.122446E+00
 0.548000E+00  -0.851019E+00  -0.119800E+00
 0.550000E+00  -0.853782E+00  -0.116698E+00
 0.552000E+00  -0.856378E+00  -0.112895E+00
 0.554000E+00  -0.859161E+00  -0.108666E+00
 0.556000E+00  -0.861998E+00  -0.104545E+00
 0.558000E+00  -0.864327E+00  -0.100672E+00
 0.560000E+00  -0.865833E+00  -0.966306E-01
 0.562000E+00  -0.866819E+00  -0.920299E-01
 0.564000E+00  -0.867782E+00  -0.870548E-01
 0.566000E+00  -0.868767E+00  -0.822341E-01
 0.568000E+00  -0.869396E+00  -0.777872E-01
 0.570000E+00  -0.869467E+00  -0.734692E-01
 0.572000E+00  -0.869237E+00  -0.690819E-01
 0.574000E+00  -0.869016E+00  -0.648564E-01
 0.576000E+00  -0.868710E+00  -0.611497E-01
 0.578000E+00  -0.868009E+00  -0.579429E-01
 0.580000E+00  -0.866906E+00  -0.549045E-01
 0.582000E+00  -0.865756E+00  -0.519000E-01
 0.584000E+00  -0.864810E+00  -0.491621E-01
 0.586000E+00  -0.863958E+00  -0.468915E-01
 0.588000E+00  -0.863060E+00  -0.449520E-01
 0.590000E+00  -0.862277E+00  -0.431400E-01
 0.592000E+00  -0.861843E+00  -0.415544E-01
 0.594000E+00  -0.861655E+00  -0.404109E-01
 0.596000E+00  -0.861390E+00  -0.395593E-01
 0.598000E+00  -0.861068E+00  -0.385199E-01
 0.600000E+00  -0.861149E+00  -0.370819E-01
 0.602000E+00  -0.861948E+00  -0.355777E-01
 0.604000E+00  -0.863196E+00  -0.343647E-01
 0.606000E+00  -0.864442E+00  -0.332658E-01
 0.608000E+00  -0.865695E+00  -0.318231E-01
 0.610000E+00  -0.867323E+00  -0.299850E-01
 0.612000E+00  -0.869344E+00  -0.281461E-01
 0.614000E+00  -0.871244E+00  -0.264446E-01
 0.616000E+00  -0.872650E+00  -0.244052E-01
 0.618000E+00  -0.873870E+00  -0.215354E-01
 0.620000E+00  -0.875442E+00  -0.180209E-01
 0.622000E+00  -0.877338E+00  -0.144795E-01
 0.624000E+00  -0.878979E+00  -0.111333E-01
 0.626000E+00  -0.880009E+00  -0.760837E-02
 0.628000E+00  -0.880662E+00  -0.358655E-02
 0.630000E+00  -0.881256E+00   0.728518E-03
 0.632000E+00  -0.881686E+00   0.497501E-02
 0.634000E+00  -0.881667E+00   0.914459E-02
 0.636000E+00  -0.881220E+00   0.134290E-01
 0.638000E+00  -0.880576E+00   0.177609E-01
 0.640000E+00  -0.879724E+00   0.218837E-01
 0.642000E+00  -0.878465E+00   0.258067E-01
 0.644000E+00  -0.876900E+00   0.297799E-01
 0.646000E+00  -0.875447E+00   0.337464E-01
 0.648000E+00  -0.874233E+00   0.372202E-01
 0.650000E+00  -0.872809E+00   0.399390E-01
 0.652000E+00  -0.870778E+00   0.423262E-01
 0.654000E+00  -0.868439E+00   0.449736E-01
 0.656000E+00  -0.866440E+00   0.478649E-01
 0.658000E+00  -0.864957E+00   0.505028E-01
 0.660000E+00  -0.863621E+00   0.527021E-01
 0.662000E+00  -0.862228E+00   0.547996E-01
 0.664000E+00  -0.861035E+00   0.570344E-01
 0.666000E+00  -0.860206E+00   0.592070E-01
 0.668000E+00  -0.859441E+00   0.611994E-01
 0.670000E+00  -0.858489E+00   0.634158E-01
 0.672000E+00  -0.857707E+00   0.662762E-01
 0.674000E+00  -0.857623E+00   0.695079E-01
 0.676000E+00  -0.858082E+00   0.724432E-01
 0.678000E+00  -0.858334E+00   0.749689E-01
 0.680000E+00  -0.857996E+00   0.776871E-01
 0.682000E+00  -0.857450E+00   0.810376E-01
 0.684000E+00  -0.857118E+00   0.847313E-01
 0.686000E+00  -0.856798E+00   0.882910E-01
 0.688000E+00  -0.856030E+00   0.917548E-01
 0.690000E+00  -0.854785E+00   0.954659E-01
 0.692000E+00  -0.853377E+00   0.994317E-01
 0.694000E+00  -0.851881E+00   0.103330E+00
 0.696000E+00  -0.850094E+00   0.107020E+00
 0.698000E+00  -0.847974E+00   0.110593E+00
 0.700000E+00  -0.845662E+00   0.113973E+00
 0.702000E+00  -0.843056E+00   0.116941E+00
 0.704000E+00  -0.839868E+00   0.119653E+00
 0.706000E+00  -0.836266E+00   0.122609E+00
 0.708000E+00  -0.832971E+00   0.125876E+00
 0.710000E+00  -0.830386E+00   0.128774E+00
 0.712000E+00  -0.828015E+00   0.130734E+00
 0.714000E+00  -0.825202E+00   0.132125E+00
 0.716000E+00  -0.822144E+00   0.133736E+00
 0.718000E+00  -0.819637E+00   0.135644E+00
 0.720000E+00  -0.817940E+00   0.137190E+00
 0.722000E+00  -0.816489E+00   0.138040E+00
 0.724000E+00  -0.814816E+00   0.138665E+00
 0.726000E+00  -0.813168E+00   0.139605E+00
 0.728000E+00  -0.811959E+00   0.140809E+00
 0.730000E+00  -0.811145E+00   0.142008E+00
 0.732000E+00  -0.810502E+00   0.143276E+00
 0.734000E+00  -0.810122E+00   0.144775E+00
 0.736000E+00  -0.810129E+00   0.146284E+00
 0.738000E+00  -0.810175E+00   0.147530E+00
 0.740000E+00  -0.809784E+00   0.148789E+00
 0.742000E+00  -0.809093E+00   0.150607E+00
 0.744000E+00  -0.808687E+00   0.152936E+00
 0.746000E+00  -0.808683E+00   0.155124E+00
 0.748000E+00  -0.808506E+00   0.156826E+00
 0.750000E+00  -0.807722E+00   0.158421E+00
 0.752000E+00  -0.806575E+00   0.160324E+00
 0.754000E+00  -0.805469E+00   0.162403E+00
 0.756000E+00  -0.804411E+00   0.164357E+00
 0.758000E+00  -0.803310E+00   0.166206E+00
 0.760000E+00  -0.802382E+00   0.167975E+00
 0.762000E+00  -0.801772E+00   0.169311E+00
 0.764000E+00  -0.801090E+00   0.169956E+00
 0.766000E+00  -0.799934E+00   0.170343E+00
 0.768000E+00  -0.798670E+00   0.171105E+00
 0.770000E+00  -0.798056E+00   0.172116E+00
 0.772000E+00  -0.798151E+00   0.172670E+00
 0.774000E+00  -0.798256E+00   0.172634E+00
 0.776000E+00  -0.798076E+00   0.172741E+00
 0.778000E+00  -0.798229E+00   0.173502E+00
 0.780000E+00  -0.799303E+00   0.174487E+00
 0.782000E+00  -0.800985E+00   0.175083E+00
 0.784000E+00  -0.802607E+00   0.175446E+00
 0.786000E+00  -0.804110E+00   0.176170E+00
 0.788000E+00  -0.805897E+00   0.177379E+00
 0.790000E+00  -0.808037E+00   0.178747E+00
 0.792000E+00  -0.810215E+00   0.180185E+00
 0.794000E+00  -0.812324E+00   0.181901E+00
 0.796000E+00  -0.814502E+00   0.183887E+00
 0.798000E+00  -0.816650E+00   0.185938E+00
 0.800000E+00  -0.818513E+00   0.188150E+00
 0.802000E+00  -0.820250E+00   0.190798E+00
 0.804000E+00  -0.822297E+00   0.193659E+00
 0.806000E+00  -0.824557E+00   0.196091E+00
 0.808000E+00  -0.826340E+00   0.197974E+00
 0.810000E+00  -0.827374E+00   0.199963E+00
 0.812000E+00  -0.828270E+00   0.202489E+00
 0.814000E+00  -0.829617E+00   0.205099E+00
 0.816000E+00  -0.831169E+00   0.207207E+00
 0.818000E+00  -0.832429E+00   0.208986E+00
 0.820000E+00  -0.833555E+00   0.210922E+00
 0.822000E+00  -0.835036E+00   0.212923E+00
 0.824000E+00  -0.836798E+00   0.214541E+00
 0.826000E+00  -0.838361E+00   0.215873E+00
 0.828000E+00  -0.839743E+00   0.217458E+00
 0.830000E+00  -0.841432E+00   0.219368E+00
 0.832000E+00  -0.843478E+00   0.221157E+00
 0.834000E+00  -0.845353E+00   0.222762E+00
 0.836000E+00  -0.846867E+00   0.224743E+00
 0.838000E+00  -0.848513E+00   0.227377E+00
 0.840000E+00  -0.850613E+00   0.230193E+00
 0.842000E+00  -0.852748E+00   0.232744E+00
 0.844000E+00  -0.854420E+00   0.235251E+00
 0.846000E+00  -0.855724E+00   0.238076E+00
 0.848000E+00  -0.856918E+00   0.241058E+00
 0.850000E+00  -0.857811E+00   0.243894E+00
 0.852000E+00  -0.858110E+00   0.246728E+00
 0.854000E+00  -0.858000E+00   0.249799E+00
 0.856000E+00  -0.857790E+00   0.252860E+00
 0.858000E+00  -0.857291E+00   0.255542E+00
 0.860000E+00  -0.856175E+00   0.258022E+00
 0.862000E+00  -0.854707E+00   0.260687E+00
 0.864000E+00  -0.853442E+00   0.263333E+00
 0.866000E+00  -0.852349E+00   0.265408E+00
 0.868000E+00  -0.850979E+00   0.266934E+00
 0.870000E+00  -0.849432E+00   0.268416E+00
 0.872000E+00  -0.848339E+00   0.269815E+00
 0.874000E+00  -0.847759E+00   0.270464E+00
 0.876000E+00  -0.846943E+00   0.270231E+00
 0.878000E+00  -0.845527E+00   0.269962E+00
 0.880000E+00  -0.844218E+00   0.270337E+00
 0.882000E+00  -0.843809E+00   0.270961E+00
 0.884000E+00  -0.844123E+00   0.271102E+00
 0.886000E+00  -0.844500E+00   0.270773E+00
 0.888000E+00  -0.844797E+00   0.270475E+00
 0.890000E+00  -0.845279E+00   0.270334E+00
 0.892000E+00  -0.845912E+00   0.270169E+00
 0.894000E+00  -0.846460E+00   0.270083E+00
 0.896000E+00  -0.847030E+00   0.270310E+00
 0.898000E+00  -0.847856E+00   0.270675E+00
 0.900000E+00  -0.848722E+00   0.270853E+00
 0.902000E+00  -0.849257E+00   0.271016E+00
 0.904000E+00  -0.849646E+00   0.271536E+00
 0.906000E+00  -0.850354E+00   0.272187E+00
 0.908000E+00  -0.851229E+00   0.272368E+00
 0.910000E+00  -0.851629E+00   0.272110E+00
 0.912000E+00  -0.851490E+00   0.272072E+00
 0.914000E+00  -0.851477E+00   0.272451E+00
 0.916000E+00  -0.851921E+00   0.272682E+00
 0.918000E+00  -0.852377E+00   0.272430E+00
 0.920000E+00  -0.852532E+00   0.272116E+00
 0.922000E+00  -0.852776E+00   0.272087E+00
 0.924000E+00  -0.853438E+00   0.272018E+00
 0.926000E+00  -0.854149E+00   0.271629E+00
 0.928000E+00  -0.854545E+00   0.271358E+00
 0.930000E+00  -0.854992E+00   0.271689E+00
 0.932000E+00  -0.855965E+00   0.272347E+00
 0.934000E+00  -0.857178E+00   0.272851E+00
 0.936000E+00  -0.858056E+00   0.273440E+00
 0.938000E+00  -0.858707E+00   0.274698E+00
 0.940000E+00  -0.859649E+00   0.276553E+00
 0.942000E+00  -0.860814E+00   0.278450E+00
 0.944000E+00  -0.861613E+00   0.280344E+00
 0.946000E+00  -0.861915E+00   0.282733E+00
 0.948000E+00  -0.862176E+00   0.285734E+00
 0.950000E+00  -0.862589E+00   0.288870E+00
 0.952000E+00  -0.862819E+00   0.291819E+00
 0.954000E+00  -0.862627E+00   0.294683E+00
 0.956000E+00  -0.862064E+00   0.297477E+00
 0.958000E+00  -0.860991E+00   0.300058E+00
 0.960000E+00  -0.859151E+00   0.302688E+00
 0.962000E+00  -0.856891E+00   0.305882E+00
 0.964000E+00  -0.855046E+00   0.309455E+00
 0.966000E+00  -0.853776E+00   0.312483E+00
 0.968000E+00  -0.852278E+00   0.314567E+00
 0.970000E+00  -0.850026E+00   0.316403E+00
 0.972000E+00  -0.847588E+00   0.318655E+00
 0.974000E+00  -0.845678E+00   0.320953E+00
 0.976000E+00  -0.844059E+00   0.322648E+00
 0.978000E+00  -0.842102E+00   0.323918E+00
 0.980000E+00  -0.839869E+00   0.325383E+00
 0.982000E+00  -0.837861E+00   0.327071E+00
 0.984000E+00  -0.836064E+00   0.328587E+00
 0.986000E+00  -0.834071E+00   0.329995E+00
 0.988000E+00  -0.831918E+00   0.331713E+00
 0.990000E+00  -0.829996E+00   0.333705E+00
 0.992000E+00  -0.828246E+00   0.335557E+00
 0.994000E+00  -0.826227E+00   0.337301E+00
 0.996000E+00  -0.823945E+00   0.339367E+00
 0.998000E+00  -0.821859E+00   0.341747E+00
 0.100000E+01  -0.820026E+00   0.343938E+00
 0.100200E+01  -0.817993E+00   0.345796E+00
 0.100400E+01  -0.815616E+00   0.347695E+00
 0.100600E+01  -0.813253E+00   0.349742E+00
 0.100800E+01  -0.810992E+00   0.351579E+00
 0.101000E+01  -0.808459E+00   0.353161E+00
 0.101200E+01  -0.805621E+00   0.354953E+00
 0.101400E+01  -0.803020E+00   0.357075E+00
 0.101600E+01  -0.800859E+00   0.358994E+00
 0.101800E+01  -0.798598E+00   0.360479E+00
 0.102000E+01  -0.795912E+00   0.362107E+00
 0.102200E+01  -0.793329E+00   0.364329E+00
 0.102400E+01  -0.791342E+00   0.366709E+00
 0.102600E+01  -0.789542E+00   0.368730E+00
 0.102800E+01  -0.787328E+00   0.370751E+00
 0.103000E+01  -0.784945E+00   0.373408E+00
 0.103200E+01  -0.783010E+00   0.376524E+00
 0.103400E+01  -0.781401E+00   0.379447E+00
 0.103600E+01  -0.779460E+00   0.382157E+00
 0.103800E+01  -0.777056E+00   0.385192E+00
 0.104000E+01  -0.774623E+00   0.388675E+00
 0.104200E+01  -0.772291E+00   0.392207E+00
 0.104400E+01  -0.769764E+00   0.395644E+00
 0.104600E+01  -0.767026E+00   0.399178E+00
 0.104800E+01  -0.764354E+00   0.402674E+00
 0.105000E+01  -0.761628E+00   0.405707E+00
 0.105200E+01  -0.758391E+00   0.408329E+00
 0.105400E+01  -0.754689E+00   0.411031E+00
 0.105600E+01  -0.751097E+00   0.413840E+00
 0.105800E+01  -0.747772E+00   0.416196E+00
 0.106000E+01  -0.744239E+00   0.417906E+00
 0.106200E+01  -0.740300E+00   0.419443E+00
 0.106400E+01  -0.736405E+00   0.421073E+00
 0.106600E+01  -0.732813E+00   0.422459E+00
 0.106800E+01  -0.729203E+00   0.423466E+00
 0.107000E+01  -0.725482E+00   0.424549E+00
 0.107200E+01  -0.722213E+00   0.425882E+00
 0.107400E+01  -0.719660E+00   0.426850E+00
 0.107600E+01  -0.717151E+00   0.427043E+00
 0.107800E+01  -0.714050E+00   0.427089E+00
 0.108000E+01  -0.710798E+00   0.427768E+00
 0.108200E+01  -0.708200E+00   0.428825E+00
 0.108400E+01  -0.706152E+00   0.429449E+00
 0.108600E+01  -0.703892E+00   0.429549E+00
 0.108800E+01  -0.701186E+00   0.429717E+00
 0.109000E+01  -0.698436E+00   0.430194E+00
 0.109200E+01  -0.695829E+00   0.430701E+00
 0.109400E+01  -0.693176E+00   0.431137E+00
 0.109600E+01  -0.690511E+00   0.431664E+00
 0.109800E+01  -0.688062E+00   0.432152E+00
 0.110000E+01  -0.685684E+00   0.432313E+00
 0.110200E+01  -0.683062E+00   0.432321E+00
 0.110400E+01  -0.680420E+00   0.432572E+00
 0.110600E+01  -0.678273E+00   0.432855E+00
 0.110800E+01  -0.676465E+00   0.432557E+00
 0.111000E+01  -0.674283E+00   0.431752E+00
 0.111200E+01  -0.671626E+00   0.431222E+00
 0.111400E+01  -0.669210E+00   0.431268E+00
 0.111600E+01  -0.667418E+00   0.431327E+00
 0.111800E+01  -0.665790E+00   0.431030E+00
 0.112000E+01  -0.663982E+00   0.430787E+00
 0.112200E+01  -0.662374E+00   0.430913E+00
 0.112400E+01  -0.661273E+00   0.431010E+00
 0.112600E+01  -0.660275E+00   0.430731E+00
 0.112800E+01  -0.659007E+00   0.430440E+00
 0.113000E+01  -0.657816E+00   0.430496E+00
 0.113200E+01  -0.657088E+00   0.430531E+00
 0.113400E+01  -0.656476E+00   0.430110E+00
 0.113600E+01  -0.655528E+00   0.429552E+00
 0.113800E+01  -0.654572E+00   0.429351E+00
 0.114000E+01  -0.654183E+00   0.429228E+00
 0.114200E+01  -0.654186E+00   0.428580E+00
 0.114400E+01  -0.653982E+00   0.427522E+00
 0.114600E+01  -0.653611E+00   0.426695E+00
 0.114800E+01  -0.653687E+00   0.426229E+00
 0.115000E+01  -0.654461E+00   0.425674E+00
 0.115200E+01  -0.655661E+00   0.424800E+00
 0.115400E+01  -0.657127E+00   0.423736E+00
 0.115600E+01  -0.658846E+00   0.422486E+00
 0.115800E+01  -0.660527E+00   0.421060E+00
 0.116000E+01  -0.661931E+00   0.419961E+00
 0.116200E+01  -0.663542E+00   0.419710E+00
 0.116400E+01  -0.666058E+00   0.419916E+00
 0.116600E+01  -0.669207E+00   0.419693E+00
 0.116800E+01  -0.671966E+00   0.419040E+00
 0.117000E+01  -0.674026E+00   0.418890E+00
 0.117200E+01  -0.676131E+00   0.419670E+00
 0.117400E+01  -0.678737E+00   0.420737E+00
 0.117600E+01  -0.681298E+00   0.421566E+00
 0.117800E+01  -0.683287E+00   0.422566E+00
 0.118000E+01  -0.685058E+00   0.424211E+00
 0.118200E+01  -0.687122E+00   0.426173E+00
 0.118400E+01  -0.689289E+00   0.427920E+00
 0.118600E+01  -0.691154E+00   0.429518E+00
 0.118800E+01  -0.692816E+00   0.431226E+00
 0.119000E+01  -0.694486E+00   0.432872E+00
 0.119200E+01  -0.695928E+00   0.434272E+00
 0.119400E+01  -0.696945E+00   0.435763E+00
 0.119600E+01  -0.697932E+00   0.437663E+00
 0.119800E+01  -0.699303E+00   0.439639E+00
 0.120000E+01  -0.700791E+00   0.441265E+00
 0.120200E+01  -0.701955E+00   0.442788E+00
 0.120400E+01  -0.702994E+00   0.444658E+00
 0.120600E+01  -0.704307E+00   0.446691E+00
 0.120800E+01  -0.705652E+00   0.448479E+00
 0.121000E+01  -0.706521E+00   0.450260E+00
 0.121200E+01  -0.707066E+00   0.452580E+00
 0.121400E+01  -0.707806E+00   0.455322E+00
 0.121600E+01  -0.708638E+00   0.457945E+00
 0.121800E+01  -0.709011E+00   0.460481E+00
 0.122000E+01  -0.708937E+00   0.463432E+00
 0.122200E+01  -0.708928E+00   0.466751E+00
 0.122400E+01  -0.708974E+00   0.469873E+00
 0.122600E+01  -0.708541E+00   0.472758E+00
 0.122800E+01  -0.707648E+00   0.475941E+00
 0.123000E+01  -0.706978E+00   0.479394E+00
 0.123200E+01  -0.706679E+00   0.482310E+00
 0.123400E+01  -0.705977E+00   0.484329E+00
 0.123600E+01  -0.704360E+00   0.486114E+00
 0.123800E+01  -0.702315E+00   0.488306E+00
 0.124000E+01  -0.700483E+00   0.490679E+00
 0.124200E+01  -0.698810E+00   0.492780E+00
 0.124400E+01  -0.697029E+00   0.494683E+00
 0.124600E+01  -0.695282E+00   0.496585E+00
 0.124800E+01  -0.693725E+00   0.498304E+00
 0.125000E+01  -0.692108E+00   0.499713E+00
 0.125200E+01  -0.690278E+00   0.501115E+00
 0.125400E+01  -0.688547E+00   0.502674E+00
 0.125600E+01  -0.687061E+00   0.504038E+00
 0.125800E+01  -0.685392E+00   0.505030E+00
 0.126000E+01  -0.683304E+00   0.506125E+00
 0.126200E+01  -0.681324E+00   0.507624E+00
 0.126400E+01  -0.679886E+00   0.508955E+00
 0.126600E+01  -0.678483E+00   0.509534E+00
 0.126800E+01  -0.676463E+00   0.509758E+00
 0.127000E+01  -0.674165E+00   0.510322E+00
 0.127200E+01  -0.672368E+00   0.510982E+00
 0.127400E+01  -0.670983E+00   0.510948E+00
 0.127600E+01  -0.669273E+00   0.510211E+00
 0.127800E+01  -0.667150E+00   0.509508E+00
 0.128000E+01  -0.665301E+00   0.509088E+00
 0.128200E+01  -0.664069E+00   0.508465E+00
 0.128400E+01  -0.663143E+00   0.507380E+00
 0.128600E+01  -0.662361E+00   0.506107E+00
 0.128800E+01  -0.661955E+00   0.504749E+00
 0.129000E+01  -0.661893E+00   0.503089E+00
 0.129200E+01  -0.661821E+00   0.501270E+00
 0.129400E+01  -0.661814E+00   0.499790E+00
 0.129600E+01  -0.662371E+00   0.498654E+00
 0.129800E+01  -0.663480E+00   0.497333E+00
 0.130000E+01  -0.664486E+00   0.495768E+00
 0.130200E+01  -0.665138E+00   0.494624E+00
 0.130400E+01  -0.665971E+00   0.494257E+00
 0.130600E+01  -0.667354E+00   0.494226E+00
 0.130800E+01  -0.668929E+00   0.494130E+00
 0.131000E+01  -0.670337E+00   0.494184E+00
 0.131200E+01  -0.671736E+00   0.494574E+00
 0.131400E+01  -0.673174E+00   0.495032E+00
 0.131600E+01  -0.674245E+00   0.495518E+00
 0.131800E+01  -0.674867E+00   0.496549E+00
 0.132000E+01  -0.675664E+00   0.498297E+00
 0.132200E+01  -0.676971E+00   0.500080E+00
 0.132400E+01  -0.678145E+00   0.501406E+00
 0.132600E+01  -0.678577E+00   0.502848E+00
 0.132800E+01  -0.678750E+00   0.505121E+00
 0.133000E+01  -0.679469E+00   0.507879E+00
 0.133200E+01  -0.680556E+00   0.510281E+00
 0.133400E+01  -0.681199E+00   0.512322E+00
 0.133600E+01  -0.681232E+00   0.514690E+00
 0.133800E+01  -0.681166E+00   0.517606E+00
 0.134000E+01  -0.681187E+00   0.520692E+00
 0.134200E+01  -0.681001E+00   0.523798E+00
 0.134400E+01  -0.680524E+00   0.527140E+00
 0.134600E+01  -0.679951E+00   0.530698E+00
 0.134800E+01  -0.679222E+00   0.534245E+00
 0.135000E+01  -0.678155E+00   0.537858E+00
 0.135200E+01  -0.676975E+00   0.541664E+00
 0.135400E+01  -0.675935E+00   0.545238E+00
 0.135600E+01  -0.674568E+00   0.548079E+00
 0.135800E+01  -0.672178E+00   0.550569E+00
 0.136000E+01  -0.669027E+00   0.553567E+00
 0.136200E+01  -0.666110E+00   0.557048E+00
 0.136400E+01  -0.663705E+00   0.560063E+00
 0.136600E+01  -0.661079E+00   0.562169E+00
 0.136800E+01  -0.657778E+00   0.563926E+00
 0.137000E+01  -0.654248E+00   0.565792E+00
 0.137200E+01  -0.650905E+00   0.567456E+00
 0.137400E+01  -0.647507E+00   0.568644E+00
 0.137600E+01  -0.643881E+00   0.569671E+00
 0.137800E+01  -0.640414E+00   0.570729E+00
 0.138000E+01  -0.637311E+00   0.571427E+00
 0.138200E+01  -0.634135E+00   0.571580E+00
 0.138400E+01  -0.630645E+00   0.571719E+00
 0.138600E+01  -0.627387E+00   0.572220E+00
 0.138800E+01  -0.624843E+00   0.572602E+00
 0.139000E+01  -0.622613E+00   0.572325E+00
 0.139200E+01  -0.620104E+00   0.571688E+00
 0.139400E+01  -0.617481E+00   0.571288E+00
 0.139600E+01  -0.615261E+00   0.571082E+00
 0.139800E+01  -0.613451E+00   0.570671E+00
 0.140000E+01  -0.611756E+00   0.570056E+00
 0.140200E+01  -0.610207E+00   0.569434E+00
 0.140400E+01  -0.608893E+00   0.568692E+00
 0.140600E+01  -0.607517E+00   0.567786E+00
 0.140800E+01  -0.605935E+00   0.567206E+00
 0.141000E+01  -0.604715E+00   0.567295E+00
 0.141200E+01  -0.604377E+00   0.567509E+00
 0.141400E+01  -0.604445E+00   0.567157E+00
 0.141600E+01  -0.604079E+00   0.566555E+00
 0.141800E+01  -0.603360E+00   0.566545E+00
 0.142000E+01  -0.603005E+00   0.567172E+00
 0.142200E+01  -0.603052E+00   0.567798E+00
 0.142400E+01  -0.602857E+00   0.568362E+00
 0.142600E+01  -0.602315E+00   0.569492E+00
 0.142800E+01  -0.602047E+00   0.571305E+00
 0.143000E+01  -0.602252E+00   0.573138E+00
 0.143200E+01  -0.602332E+00   0.574631E+00
 0.143400E+01  -0.601874E+00   0.576188E+00
 0.143600E+01  -0.601151E+00   0.578126E+00
 0.143800E+01  -0.600396E+00   0.580204E+00
 0.144000E+01  -0.599405E+00   0.582267E+00
 0.144200E+01  -0.598155E+00   0.584551E+00
 0.144400E+01  -0.597046E+00   0.587020E+00
 0.144600E+01  -0.596148E+00   0.589151E+00
 0.144800E+01  -0.594955E+00   0.590753E+00
 0.145000E+01  -0.593232E+00   0.592283E+00
 0.145200E+01  -0.591406E+00   0.594008E+00
 0.145400E+01  -0.589755E+00   0.595558E+00
 0.145600E+01  -0.587945E+00   0.596707E+00
 0.145800E+01  -0.585791E+00   0.597830E+00
 0.146000E+01  -0.583727E+00   0.599129E+00
 0.146200E+01  -0.581982E+00   0.600138E+00
 0.146400E+01  -0.580049E+00   0.600592E+00
 0.146600E+01  -0.577585E+00   0.601042E+00
 0.146800E+01  -0.575146E+00   0.601944E+00
 0.147000E+01  -0.573304E+00   0.602790E+00
 0.147200E+01  -0.571649E+00   0.602924E+00
 0.147400E+01  -0.569498E+00   0.602651E+00
 0.147600E+01  -0.567073E+00   0.602667E+00
 0.147800E+01  -0.565086E+00   0.602855E+00
 0.148000E+01  -0.563545E+00   0.602550E+00
 0.148200E+01  -0.561879E+00   0.601683E+00
 0.148400E+01  -0.559987E+00   0.600769E+00
 0.148600E+01  -0.558293E+00   0.599975E+00
 0.148800E+01  -0.556937E+00   0.599064E+00
 0.149000E+01  -0.555769E+00   0.598094E+00
 0.149200E+01  -0.555004E+00   0.597321E+00
 0.149400E+01  -0.555023E+00   0.596522E+00
 0.149600E+01  -0.555600E+00   0.595236E+00
 0.149800E+01  -0.556139E+00   0.593654E+00
 0.150000E+01  -0.556654E+00   0.592446E+00
 0.150200E+01  -0.557704E+00   0.591739E+00
 0.150400E+01  -0.559387E+00   0.591073E+00
 0.150600E+01  -0.561235E+00   0.590359E+00
 0.150800E+01  -0.563110E+00   0.589998E+00
 0.151000E+01  -0.565314E+00   0.590024E+00
 0.151200E+01  -0.567723E+00   0.590032E+00
 0.151400E+01  -0.569742E+00   0.590108E+00
 0.151600E+01  -0.571332E+00   0.590892E+00
 0.151800E+01  -0.573146E+00   0.592458E+00
 0.152000E+01  -0.575347E+00   0.594069E+00
 0.152200E+01  -0.577217E+00   0.595378E+00
 0.152400E+01  -0.578327E+00   0.596978E+00
 0.152600E+01  -0.579227E+00   0.599290E+00
 0.152800E+01  -0.580426E+00   0.601778E+00
 0.153000E+01  -0.581516E+00   0.603849E+00
 0.153200E+01  -0.581949E+00   0.605786E+00
 0.153400E+01  -0.581984E+00   0.608098E+00
 0.153600E+01  -0.582161E+00   0.610598E+00
 0.153800E+01  -0.582426E+00   0.612802E+00
 0.154000E+01  -0.582444E+00   0.614733E+00
 0.154200E+01  -0.582300E+00   0.616643E+00
 0.154400E+01  -0.582222E+00   0.618416E+00
 0.154600E+01  -0.582067E+00   0.619884E+00
 0.154800E+01  -0.581710E+00   0.621279E+00
 0.155000E+01  -0.581484E+00   0.622742E+00
 0.155200E+01  -0.581577E+00   0.623859E+00
 0.155400E+01  -0.581481E+00   0.624364E+00
 0.155600E+01  -0.580774E+00   0.624825E+00
 0.155800E+01  -0.579977E+00   0.625857E+00
 0.156000E+01  -0.579832E+00   0.627083E+00
 0.156200E+01  -0.580119E+00   0.627731E+00
 0.156400E+01  -0.580084E+00   0.627905E+00
 0.156600E+01  -0.579730E+00   0.628333E+00
 0.156800E+01  -0.579716E+00   0.629109E+00
 0.157000E+01  -0.580177E+00   0.629684E+00
 0.157200E+01  -0.580633E+00   0.629953E+00
 0.157400E+01  -0.581004E+00   0.630377E+00
 0.157600E+01  -0.581720E+00   0.631015E+00
 0.157800E+01  -0.582785E+00   0.631430E+00
 0.158000E+01  -0.583665E+00   0.631632E+00
 0.158200E+01  -0.584276E+00   0.632205E+00
 0.158400E+01  -0.585149E+00   0.633308E+00
 0.158600E+01  -0.586434E+00   0.634424E+00
 0.158800E+01  -0.587576E+00   0.635352E+00
 0.159000E+01  -0.588261E+00   0.636593E+00
 0.159200E+01  -0.588872E+00   0.638480E+00
 0.159400E+01  -0.589706E+00   0.640686E+00
 0.159600E+01  -0.590500E+00   0.642926E+00
 0.159800E+01  -0.591061E+00   0.645366E+00
 0.160000E+01  -0.591606E+00   0.648025E+00
 0.160200E+01  -0.592116E+00   0.650507E+00
 0.160400E+01  -0.592116E+00   0.652736E+00
 0.160600E+01  -0.591501E+00   0.655185E+00
 0.160800E+01  -0.590827E+00   0.657978E+00
 0.161000E+01  -0.590347E+00   0.660491E+00
 0.161200E+01  -0.589506E+00   0.662359E+00
 0.161400E+01  -0.587926E+00   0.664081E+00
 0.161600E+01  -0.586123E+00   0.666084E+00
 0.161800E+01  -0.584604E+00   0.667911E+00
 0.162000E+01  -0.582997E+00   0.669071E+00
 0.162200E+01  -0.580839E+00   0.669973E+00
 0.162400E+01  -0.578590E+00   0.671191E+00
 0.162600E+01  -0.576972E+00   0.672353E+00
 0.162800E+01  -0.575772E+00   0.672674E+00
 0.163000E+01  -0.574195E+00   0.672207E+00
 0.163200E+01  -0.572094E+00   0.671680E+00
 0.163400E+01  -0.569986E+00   0.671387E+00
 0.163600E+01  -0.568114E+00   0.671070E+00
 0.163800E+01  -0.566343E+00   0.670667E+00
 0.164000E+01  -0.564764E+00   0.670339E+00
 0.164200E+01  -0.563599E+00   0.669917E+00
 0.164400E+01  -0.562634E+00   0.669119E+00
 0.164600E+01  -0.561518E+00   0.668180E+00
 0.164800E+01  -0.560469E+00   0.667511E+00
 0.165000E+01  -0.559921E+00   0.666905E+00
 0.165200E+01  -0.559636E+00   0.665891E+00
 0.165400E+01  -0.559034E+00   0.664715E+00
 0.165600E+01  -0.558274E+00   0.664068E+00
 0.165800E+01  -0.558072E+00   0.663913E+00
 0.166000E+01  -0.558463E+00   0.663539E+00
 0.166200E+01  -0.558721E+00   0.662814E+00
 0.166400E+01  -0.558580E+00   0.662407E+00
 0.166600E+01  -0.558573E+00   0.662627E+00
 0.166800E+01  -0.558957E+00   0.663000E+00
 0.167000E+01  -0.559256E+00   0.663266E+00
 0.167200E+01  -0.559185E+00   0.663844E+00
 0.167400E+01  -0.559128E+00   0.664951E+00
 0.167600E+01  -0.559273E+00   0.666131E+00
 0.167800E+01  -0.559131E+00   0.667105E+00
 0.168000E+01  -0.558382E+00   0.668291E+00
 0.168200E+01  -0.557432E+00   0.669976E+00
 0.168400E+01  -0.556610E+00   0.671727E+00
 0.168600E+01  -0.555541E+00   0.673162E+00
 0.168800E+01  -0.553895E+00   0.674616E+00
 0.169000E+01  -0.552074E+00   0.676429E+00
 0.169200E+01  -0.550543E+00   0.678213E+00
 0.169400E+01  -0.549054E+00   0.679457E+00
 0.169600E+01  -0.547155E+00   0.680332E+00
 0.169800E+01  -0.544973E+00   0.681275E+00
 0.170000E+01  -0.542884E+00   0.682284E+00
 0.170200E+01  -0.540927E+00   0.683200E+00
 0.170400E+01  -0.539133E+00   0.684147E+00
 0.170600E+01  -0.537849E+00   0.685064E+00
 0.170800E+01  -0.537062E+00   0.685385E+00
 0.171000E+01  -0.535960E+00   0.684931E+00
 0.171200E+01  -0.533980E+00   0.684594E+00
 0.171400E+01  -0.531798E+00   0.685270E+00
 0.171600E+01  -0.530417E+00   0.686570E+00
 0.171800E+01  -0.529662E+00   0.687481E+00
 0.172000E+01  -0.528552E+00   0.687955E+00
 0.172200E+01  -0.526863E+00   0.688824E+00
 0.172400E+01  -0.525275E+00   0.690353E+00
 0.172600E+01  -0.524095E+00   0.691922E+00
 0.172800E+01  -0.522830E+00   0.693125E+00
 0.173000E+01  -0.521089E+00   0.694229E+00
 0.173200E+01  -0.518993E+00   0.695464E+00
 0.173400E+01  -0.516614E+00   0.696737E+00
 0.173600E+01  -0.513834E+00   0.698123E+00
 0.173800E+01  -0.510872E+00   0.699853E+00
 0.174000E+01  -0.508143E+00   0.701691E+00
 0.174200E+01  -0.505501E+00   0.703116E+00
 0.174400E+01  -0.502397E+00   0.704225E+00
 0.174600E+01  -0.498904E+00   0.705640E+00
 0.174800E+01  -0.495736E+00   0.707402E+00
 0.175000E+01  -0.493092E+00   0.708799E+00
 0.175200E+01  -0.490344E+00   0.709512E+00
 0.175400E+01  -0.487115E+00   0.710060E+00
 0.175600E+01  -0.483812E+00   0.710814E+00
 0.175800E+01  -0.480745E+00   0.711444E+00
 0.176000E+01  -0.477599E+00   0.711704E+00
 0.176200E+01  -0.474181E+00   0.711935E+00
 0.176400E+01  -0.470883E+00   0.712307E+00
 0.176600E+01  -0.467895E+00   0.712377E+00
 0.176800E+01  -0.464755E+00   0.711930E+00
 0.177000E+01  -0.461235E+00   0.711475E+00
 0.177200E+01  -0.457916E+00   0.711308E+00
 0.177400E+01  -0.455225E+00   0.710832E+00
 0.177600E+01  -0.452589E+00   0.709517E+00
 0.177800E+01  -0.449344E+00   0.707903E+00
 0.178000E+01  -0.445884E+00   0.706832E+00
 0.178200E+01  -0.443095E+00   0.706193E+00
 0.178400E+01  -0.441081E+00   0.705239E+00
 0.178600E+01  -0.439251E+00   0.703765E+00
 0.178800E+01  -0.437306E+00   0.702184E+00
 0.179000E+01  -0.435378E+00   0.700776E+00
 0.179200E+01  -0.433517E+00   0.699607E+00
 0.179400E+01  -0.431764E+00   0.698874E+00
 0.179600E+01  -0.430448E+00   0.698610E+00
 0.179800E+01  -0.429679E+00   0.698343E+00
 0.180000E+01  -0.428859E+00   0.697764E+00
 0.180200E+01  -0.427459E+00   0.697430E+00
 0.180400E+01  -0.425941E+00   0.697985E+00
 0.180600E+01  -0.425085E+00   0.699019E+00
 0.180800E+01  -0.424668E+00   0.699576E+00
 0.181000E+01  -0.423756E+00   0.699583E+00
 0.181200E+01  -0.422126E+00   0.699781E+00
 0.181400E+01  -0.420401E+00   0.700395E+00
 0.181600E+01  -0.418829E+00   0.700882E+00
 0.181800E+01  -0.416983E+00   0.701028E+00
 0.182000E+01  -0.414768E+00   0.701259E+00
 0.182200E+01  -0.412725E+00   0.701675E+00
 0.182400E+01  -0.411077E+00   0.701740E+00
 0.182600E+01  -0.409385E+00   0.701207E+00
 0.182800E+01  -0.407437E+00   0.700495E+00
 0.183000E+01  -0.405637E+00   0.699841E+00
 0.183200E+01  -0.404196E+00   0.698905E+00
 0.183400E+01  -0.402739E+00   0.697563E+00
 0.183600E+01  -0.401097E+00   0.696289E+00
 0.183800E+01  -0.399716E+00   0.695372E+00
 0.184000E+01  -0.398884E+00   0.694466E+00
 0.184200E+01  -0.398261E+00   0.693334E+00
 0.184400E+01  -0.397597E+00   0.692324E+00
 0.184600E+01  -0.397203E+00   0.691673E+00
 0.184800E+01  -0.397269E+00   0.691046E+00
 0.185000E+01  -0.397402E+00   0.690225E+00
 0.185200E+01  -0.397352E+00   0.689570E+00
 0.185400E+01  -0.397463E+00   0.689269E+00
 0.185600E+01  -0.397895E+00   0.688860E+00
 0.185800E+01  -0.398082E+00   0.688074E+00
 0.186000E+01  -0.397623E+00   0.687465E+00
 0.186200E+01  -0.397033E+00   0.687515E+00
 0.186400E+01  -0.396882E+00   0.687758E+00
 0.186600E+01  -0.396809E+00   0.687567E+00
 0.186800E+01  -0.396198E+00   0.687227E+00
 0.187000E+01  -0.395322E+00   0.687372E+00
 0.187200E+01  -0.394894E+00   0.687803E+00
 0.187400E+01  -0.394872E+00   0.687810E+00
 0.187600E+01  -0.394645E+00   0.687332E+00
 0.187800E+01  -0.394124E+00   0.686895E+00
 0.188000E+01  -0.393763E+00   0.686621E+00
 0.188200E+01  -0.393674E+00   0.686183E+00
 0.188400E+01  -0.393612E+00   0.685578E+00
 0.188600E+01  -0.393692E+00   0.685093E+00
 0.188800E+01  -0.394282E+00   0.684582E+00
 0.189000E+01  -0.395237E+00   0.683609E+00
 0.189200E+01  -0.396039E+00   0.682277E+00
 0.189400E+01  -0.396658E+00   0.681129E+00
 0.189600E+01  -0.397512E+00   0.680300E+00
 0.189800E+01  -0.398654E+00   0.679519E+00
 0.190000E+01  -0.399820E+00   0.678890E+00
 0.190200E+01  -0.401199E+00   0.678770E+00
 0.190400E+01  -0.403251E+00   0.678912E+00
 0.190600E+01  -0.405708E+00   0.678675E+00
 0.190800E+01  -0.407727E+00   0.678185E+00
 0.191000E+01  -0.409183E+00   0.678323E+00
 0.191200E+01  -0.410862E+00   0.679366E+00
 0.191400E+01  -0.413121E+00   0.680594E+00
 0.191600E+01  -0.415320E+00   0.681534E+00
 0.191800E+01  -0.416938E+00   0.682654E+00
 0.192000E+01  -0.418325E+00   0.684400E+00
 0.192200E+01  -0.419878E+00   0.686420E+00
 0.192400E+01  -0.421284E+00   0.688298E+00
 0.192600E+01  -0.422173E+00   0.690272E+00
 0.192800E+01  -0.422799E+00   0.692633E+00
 0.193000E+01  -0.423470E+00   0.695091E+00
 0.193200E+01  -0.423944E+00   0.697327E+00
 0.193400E+01  -0.423973E+00   0.699566E+00
 0.193600E+01  -0.423858E+00   0.702030E+00
 0.193800E+01  -0.423870E+00   0.704390E+00
 0.194000E+01  -0.423695E+00   0.706368E+00
 0.194200E+01  -0.423053E+00   0.708331E+00
 0.194400E+01  -0.422336E+00   0.710655E+00
 0.194600E+01  -0.421991E+00   0.713045E+00
 0.194800E+01  -0.421808E+00   0.715110E+00
 0.195000E+01  -0.421465E+00   0.717082E+00
 0.195200E+01  -0.421246E+00   0.719269E+00
 0.195400E+01  -0.421470E+00   0.721324E+00
 0.195600E+01  -0.421713E+00   0.722848E+00
 0.195800E+01  -0.421430E+00   0.724253E+00
 0.196000E+01  -0.420926E+00   0.726170E+00
 0.196200E+01  -0.420838E+00   0.728379E+00
 0.196400E+01  -0.421012E+00   0.730227E+00
 0.196600E+01  -0.420809E+00   0.731776E+00
 0.196800E+01  -0.420252E+00   0.733590E+00
 0.197000E+01  -0.419891E+00   0.735598E+00
 0.197200E+01  -0.419655E+00   0.737182E+00
 0.197400E+01  -0.418876E+00   0.738325E+00
 0.197600E+01  -0.417439E+00   0.739692E+00
 0.197800E+01  -0.415984E+00   0.741505E+00
 0.198000E+01  -0.414842E+00   0.743227E+00
 0.198200E+01  -0.413638E+00   0.744500E+00
 0.198400E+01  -0.412084E+00   0.745566E+00
 0.198600E+01  -0.410339E+00   0.746618E+00
 0.198800E+01  -0.408459E+00   0.747542E+00
 0.199000E+01  -0.406268E+00   0.748449E+00
 0.199200E+01  -0.403961E+00   0.749680E+00
 0.199400E+01  -0.402032E+00   0.751086E+00
 0.199600E+01  -0.400423E+00   0.752095E+00
 0.199800E+01  -0.398530E+00   0.752683E+00
 0.200000E+01  -0.396255E+00   0.753461E+00
