 0.100000E-02   0.000000E+00
 0.200000E-02   0.000000E+00
 0.300000E-02   0.000000E+00
 0.400000E-02   0.000000E+00
 0.500000E-02   0.000000E+00
 0.600000E-02   0.000000E+00
 0.700000E-02   0.000000E+00
 0.800000E-02   0.000000E+00
 0.900000E-02   0.000000E+00
 0.100000E-01   0.000000E+00
 0.110000E-01   0.000000E+00
 0.120000E-01   0.000000E+00
 0.130000E-01   0.000000E+00
 0.140000E-01   0.000000E+00
 0.150000E-01   0.000000E+00
 0.160000E-01   0.000000E+00
 0.170000E-01   0.000000E+00
 0.180000E-01   0.000000E+00
 0.190000E-01   0.000000E+00
 0.200000E-01   0.000000E+00
 0.210000E-01   0.000000E+00
 0.220000E-01   0.000000E+00
 0.230000E-01   0.000000E+00
 0.240000E-01   0.000000E+00
 0.250000E-01   0.000000E+00
 0.260000E-01   0.000000E+00
 0.270000E-01   0.000000E+00
 0.280000E-01   0.000000E+00
 0.290000E-01   0.000000E+00
 0.300000E-01   0.000000E+00
 0.310000E-01   0.000000E+00
 0.320000E-01   0.000000E+00
 0.330000E-01   0.000000E+00
 0.340000E-01   0.000000E+00
 0.350000E-01   0.000000E+00
 0.360000E-01   0.000000E+00
 0.370000E-01   0.000000E+00
 0.380000E-01   0.000000E+00
 0.390000E-01   0.000000E+00
 0.400000E-01   0.000000E+00
 0.410000E-01   0.000000E+00
 0.420000E-01   0.000000E+00
 0.430000E-01   0.000000E+00
 0.440000E-01   0.000000E+00
 0.450000E-01   0.000000E+00
 0.460000E-01   0.000000E+00
 0.470000E-01   0.000000E+00
 0.480000E-01   0.000000E+00
 0.490000E-01   0.000000E+00
 0.500000E-01   0.000000E+00
 0.510000E-01   0.000000E+00
 0.520000E-01   0.000000E+00
 0.530000E-01   0.000000E+00
 0.540000E-01   0.000000E+00
 0.550000E-01   0.000000E+00
 0.560000E-01   0.000000E+00
 0.570000E-01   0.000000E+00
 0.580000E-01   0.000000E+00
 0.590000E-01   0.000000E+00
 0.600000E-01   0.000000E+00
 0.610000E-01   0.000000E+00
 0.620000E-01   0.000000E+00
 0.630000E-01   0.000000E+00
 0.640000E-01   0.000000E+00
 0.650000E-01   0.000000E+00
 0.660000E-01   0.000000E+00
 0.670000E-01   0.000000E+00
 0.680000E-01   0.000000E+00
 0.690000E-01   0.000000E+00
 0.700000E-01   0.000000E+00
 0.710000E-01   0.000000E+00
 0.720000E-01   0.000000E+00
 0.730000E-01   0.000000E+00
 0.740000E-01   0.000000E+00
 0.750000E-01   0.000000E+00
 0.760000E-01   0.000000E+00
 0.770000E-01   0.000000E+00
 0.780000E-01   0.000000E+00
 0.790000E-01   0.000000E+00
 0.800000E-01   0.000000E+00
 0.810000E-01   0.000000E+00
 0.820000E-01   0.000000E+00
 0.830000E-01   0.000000E+00
 0.840000E-01   0.000000E+00
 0.850000E-01   0.000000E+00
 0.860000E-01   0.000000E+00
 0.870000E-01   0.000000E+00
 0.880000E-01   0.000000E+00
 0.890000E-01   0.000000E+00
 0.900000E-01   0.000000E+00
 0.910000E-01   0.000000E+00
 0.920000E-01   0.000000E+00
 0.930000E-01   0.000000E+00
 0.940000E-01   0.000000E+00
 0.950000E-01   0.000000E+00
 0.960000E-01   0.000000E+00
 0.970000E-01   0.000000E+00
 0.980000E-01   0.000000E+00
 0.990000E-01   0.000000E+00
 0.100000E+00   0.000000E+00
 0.101000E+00   0.000000E+00
 0.102000E+00   0.000000E+00
 0.103000E+00   0.000000E+00
 0.104000E+00   0.000000E+00
 0.105000E+00   0.000000E+00
 0.106000E+00   0.000000E+00
 0.107000E+00   0.000000E+00
 0.108000E+00   0.000000E+00
 0.109000E+00   0.000000E+00
 0.110000E+00   0.000000E+00
 0.111000E+00   0.000000E+00
 0.112000E+00   0.000000E+00
 0.113000E+00   0.000000E+00
 0.114000E+00   0.000000E+00
 0.115000E+00   0.000000E+00
 0.116000E+00   0.000000E+00
 0.117000E+00   0.000000E+00
 0.118000E+00   0.000000E+00
 0.119000E+00   0.000000E+00
 0.120000E+00   0.000000E+00
 0.121000E+00   0.000000E+00
 0.122000E+00   0.000000E+00
 0.123000E+00   0.000000E+00
 0.124000E+00   0.000000E+00
 0.125000E+00   0.000000E+00
 0.126000E+00   0.000000E+00
 0.127000E+00   0.000000E+00
 0.128000E+00   0.000000E+00
 0.129000E+00   0.000000E+00
 0.130000E+00   0.000000E+00
 0.131000E+00   0.000000E+00
 0.132000E+00   0.000000E+00
 0.133000E+00   0.000000E+00
 0.134000E+00   0.000000E+00
 0.135000E+00   0.000000E+00
 0.136000E+00   0.000000E+00
 0.137000E+00   0.000000E+00
 0.138000E+00   0.000000E+00
 0.139000E+00   0.000000E+00
 0.140000E+00   0.000000E+00
 0.141000E+00   0.000000E+00
 0.142000E+00   0.000000E+00
 0.143000E+00   0.000000E+00
 0.144000E+00   0.000000E+00
 0.145000E+00   0.000000E+00
 0.146000E+00   0.000000E+00
 0.147000E+00   0.000000E+00
 0.148000E+00   0.000000E+00
 0.149000E+00   0.000000E+00
 0.150000E+00   0.000000E+00
 0.151000E+00   0.000000E+00
 0.152000E+00   0.000000E+00
 0.153000E+00   0.000000E+00
 0.154000E+00   0.000000E+00
 0.155000E+00   0.000000E+00
 0.156000E+00   0.000000E+00
 0.157000E+00   0.000000E+00
 0.158000E+00   0.000000E+00
 0.159000E+00   0.000000E+00
 0.160000E+00   0.000000E+00
 0.161000E+00   0.000000E+00
 0.162000E+00   0.000000E+00
 0.163000E+00   0.000000E+00
 0.164000E+00   0.000000E+00
 0.165000E+00   0.000000E+00
 0.166000E+00   0.000000E+00
 0.167000E+00   0.000000E+00
 0.168000E+00   0.000000E+00
 0.169000E+00   0.000000E+00
 0.170000E+00   0.000000E+00
 0.171000E+00   0.000000E+00
 0.172000E+00   0.000000E+00
 0.173000E+00   0.000000E+00
 0.174000E+00   0.000000E+00
 0.175000E+00   0.000000E+00
 0.176000E+00   0.000000E+00
 0.177000E+00   0.000000E+00
 0.178000E+00   0.000000E+00
 0.179000E+00   0.000000E+00
 0.180000E+00   0.000000E+00
 0.181000E+00   0.000000E+00
 0.182000E+00   0.000000E+00
 0.183000E+00   0.000000E+00
 0.184000E+00   0.000000E+00
 0.185000E+00   0.000000E+00
 0.186000E+00   0.000000E+00
 0.187000E+00   0.000000E+00
 0.188000E+00   0.000000E+00
 0.189000E+00   0.000000E+00
 0.190000E+00   0.000000E+00
 0.191000E+00   0.000000E+00
 0.192000E+00   0.000000E+00
 0.193000E+00   0.000000E+00
 0.194000E+00   0.000000E+00
 0.195000E+00   0.000000E+00
 0.196000E+00   0.000000E+00
 0.197000E+00   0.000000E+00
 0.198000E+00   0.000000E+00
 0.199000E+00   0.000000E+00
 0.200000E+00   0.000000E+00
 0.201000E+00   0.000000E+00
 0.202000E+00   0.000000E+00
 0.203000E+00   0.000000E+00
 0.204000E+00   0.000000E+00
 0.205000E+00   0.000000E+00
 0.206000E+00   0.000000E+00
 0.207000E+00   0.000000E+00
 0.208000E+00   0.000000E+00
 0.209000E+00   0.000000E+00
 0.210000E+00   0.000000E+00
 0.211000E+00   0.000000E+00
 0.212000E+00   0.000000E+00
 0.213000E+00   0.000000E+00
 0.214000E+00   0.000000E+00
 0.215000E+00   0.000000E+00
 0.216000E+00   0.000000E+00
 0.217000E+00   0.000000E+00
 0.218000E+00   0.000000E+00
 0.219000E+00   0.000000E+00
 0.220000E+00   0.000000E+00
 0.221000E+00   0.000000E+00
 0.222000E+00   0.000000E+00
 0.223000E+00   0.000000E+00
 0.224000E+00   0.000000E+00
 0.225000E+00   0.000000E+00
 0.226000E+00   0.000000E+00
 0.227000E+00   0.000000E+00
 0.228000E+00   0.000000E+00
 0.229000E+00   0.000000E+00
 0.230000E+00   0.000000E+00
 0.231000E+00   0.000000E+00
 0.232000E+00   0.000000E+00
 0.233000E+00   0.000000E+00
 0.234000E+00   0.000000E+00
 0.235000E+00   0.000000E+00
 0.236000E+00   0.000000E+00
 0.237000E+00   0.000000E+00
 0.238000E+00   0.000000E+00
 0.239000E+00   0.000000E+00
 0.240000E+00   0.000000E+00
 0.241000E+00   0.000000E+00
 0.242000E+00   0.000000E+00
 0.243000E+00   0.000000E+00
 0.244000E+00   0.000000E+00
 0.245000E+00   0.000000E+00
 0.246000E+00   0.000000E+00
 0.247000E+00   0.000000E+00
 0.248000E+00   0.000000E+00
 0.249000E+00   0.000000E+00
 0.250000E+00   0.000000E+00
 0.251000E+00   0.000000E+00
 0.252000E+00   0.000000E+00
 0.253000E+00   0.000000E+00
 0.254000E+00   0.000000E+00
 0.255000E+00   0.000000E+00
 0.256000E+00   0.000000E+00
 0.257000E+00   0.000000E+00
 0.258000E+00   0.000000E+00
 0.259000E+00   0.000000E+00
 0.260000E+00   0.000000E+00
 0.261000E+00   0.000000E+00
 0.262000E+00   0.000000E+00
 0.263000E+00   0.000000E+00
 0.264000E+00   0.000000E+00
 0.265000E+00   0.000000E+00
 0.266000E+00   0.000000E+00
 0.267000E+00   0.000000E+00
 0.268000E+00   0.000000E+00
 0.269000E+00   0.000000E+00
 0.270000E+00   0.000000E+00
 0.271000E+00   0.000000E+00
 0.272000E+00   0.000000E+00
 0.273000E+00   0.000000E+00
 0.274000E+00   0.000000E+00
 0.275000E+00   0.000000E+00
 0.276000E+00   0.000000E+00
 0.277000E+00   0.000000E+00
 0.278000E+00   0.000000E+00
 0.279000E+00   0.000000E+00
 0.280000E+00   0.000000E+00
 0.281000E+00   0.000000E+00
 0.282000E+00   0.000000E+00
 0.283000E+00   0.000000E+00
 0.284000E+00   0.000000E+00
 0.285000E+00   0.000000E+00
 0.286000E+00   0.000000E+00
 0.287000E+00   0.000000E+00
 0.288000E+00   0.000000E+00
 0.289000E+00   0.000000E+00
 0.290000E+00   0.000000E+00
 0.291000E+00   0.000000E+00
 0.292000E+00   0.000000E+00
 0.293000E+00   0.000000E+00
 0.294000E+00   0.000000E+00
 0.295000E+00   0.000000E+00
 0.296000E+00   0.000000E+00
 0.297000E+00   0.000000E+00
 0.298000E+00   0.000000E+00
 0.299000E+00   0.000000E+00
 0.300000E+00   0.000000E+00
 0.301000E+00   0.000000E+00
 0.302000E+00   0.000000E+00
 0.303000E+00   0.000000E+00
 0.304000E+00   0.000000E+00
 0.305000E+00   0.000000E+00
 0.306000E+00   0.000000E+00
 0.307000E+00   0.000000E+00
 0.308000E+00   0.000000E+00
 0.309000E+00   0.000000E+00
 0.310000E+00   0.000000E+00
 0.311000E+00   0.000000E+00
 0.312000E+00   0.000000E+00
 0.313000E+00   0.000000E+00
 0.314000E+00   0.000000E+00
 0.315000E+00   0.000000E+00
 0.316000E+00   0.000000E+00
 0.317000E+00   0.000000E+00
 0.318000E+00   0.000000E+00
 0.319000E+00   0.000000E+00
 0.320000E+00   0.000000E+00
 0.321000E+00   0.000000E+00
 0.322000E+00   0.000000E+00
 0.323000E+00   0.000000E+00
 0.324000E+00   0.000000E+00
 0.325000E+00   0.000000E+00
 0.326000E+00   0.000000E+00
 0.327000E+00   0.000000E+00
 0.328000E+00   0.000000E+00
 0.329000E+00   0.000000E+00
 0.330000E+00   0.000000E+00
 0.331000E+00   0.000000E+00
 0.332000E+00   0.000000E+00
 0.333000E+00   0.000000E+00
 0.334000E+00   0.000000E+00
 0.335000E+00   0.000000E+00
 0.336000E+00   0.000000E+00
 0.337000E+00   0.000000E+00
 0.338000E+00   0.000000E+00
 0.339000E+00   0.000000E+00
 0.340000E+00   0.000000E+00
 0.341000E+00   0.000000E+00
 0.342000E+00   0.000000E+00
 0.343000E+00   0.000000E+00
 0.344000E+00   0.000000E+00
 0.345000E+00   0.000000E+00
 0.346000E+00   0.000000E+00
 0.347000E+00   0.000000E+00
 0.348000E+00   0.000000E+00
 0.349000E+00   0.000000E+00
 0.350000E+00   0.000000E+00
 0.351000E+00   0.000000E+00
 0.352000E+00   0.000000E+00
 0.353000E+00   0.000000E+00
 0.354000E+00   0.000000E+00
 0.355000E+00   0.000000E+00
 0.356000E+00   0.000000E+00
 0.357000E+00   0.000000E+00
 0.358000E+00   0.000000E+00
 0.359000E+00   0.000000E+00
 0.360000E+00   0.000000E+00
 0.361000E+00   0.000000E+00
 0.362000E+00   0.000000E+00
 0.363000E+00   0.000000E+00
 0.364000E+00   0.000000E+00
 0.365000E+00   0.000000E+00
 0.366000E+00   0.000000E+00
 0.367000E+00   0.000000E+00
 0.368000E+00   0.000000E+00
 0.369000E+00   0.000000E+00
 0.370000E+00   0.000000E+00
 0.371000E+00   0.000000E+00
 0.372000E+00   0.000000E+00
 0.373000E+00   0.000000E+00
 0.374000E+00   0.000000E+00
 0.375000E+00   0.000000E+00
 0.376000E+00   0.000000E+00
 0.377000E+00   0.000000E+00
 0.378000E+00   0.000000E+00
 0.379000E+00   0.000000E+00
 0.380000E+00   0.000000E+00
 0.381000E+00   0.000000E+00
 0.382000E+00   0.000000E+00
 0.383000E+00   0.000000E+00
 0.384000E+00   0.000000E+00
 0.385000E+00   0.000000E+00
 0.386000E+00   0.000000E+00
 0.387000E+00   0.000000E+00
 0.388000E+00   0.000000E+00
 0.389000E+00   0.000000E+00
 0.390000E+00   0.000000E+00
 0.391000E+00   0.000000E+00
 0.392000E+00   0.000000E+00
 0.393000E+00   0.000000E+00
 0.394000E+00   0.000000E+00
 0.395000E+00   0.000000E+00
 0.396000E+00   0.000000E+00
 0.397000E+00   0.000000E+00
 0.398000E+00   0.000000E+00
 0.399000E+00   0.000000E+00
 0.400000E+00   0.000000E+00
 0.401000E+00   0.000000E+00
 0.402000E+00   0.000000E+00
 0.403000E+00   0.000000E+00
 0.404000E+00   0.000000E+00
 0.405000E+00   0.000000E+00
 0.406000E+00   0.000000E+00
 0.407000E+00   0.000000E+00
 0.408000E+00   0.000000E+00
 0.409000E+00   0.000000E+00
 0.410000E+00   0.000000E+00
 0.411000E+00   0.000000E+00
 0.412000E+00   0.000000E+00
 0.413000E+00   0.000000E+00
 0.414000E+00   0.000000E+00
 0.415000E+00   0.000000E+00
 0.416000E+00   0.000000E+00
 0.417000E+00   0.000000E+00
 0.418000E+00   0.000000E+00
 0.419000E+00   0.000000E+00
 0.420000E+00   0.000000E+00
 0.421000E+00   0.000000E+00
 0.422000E+00   0.000000E+00
 0.423000E+00   0.000000E+00
 0.424000E+00   0.000000E+00
 0.425000E+00   0.000000E+00
 0.426000E+00   0.000000E+00
 0.427000E+00   0.000000E+00
 0.428000E+00   0.000000E+00
 0.429000E+00   0.000000E+00
 0.430000E+00   0.000000E+00
 0.431000E+00   0.000000E+00
 0.432000E+00   0.000000E+00
 0.433000E+00   0.000000E+00
 0.434000E+00   0.000000E+00
 0.435000E+00   0.000000E+00
 0.436000E+00   0.000000E+00
 0.437000E+00   0.000000E+00
 0.438000E+00   0.000000E+00
 0.439000E+00   0.000000E+00
 0.440000E+00   0.000000E+00
 0.441000E+00   0.000000E+00
 0.442000E+00   0.000000E+00
 0.443000E+00   0.000000E+00
 0.444000E+00   0.000000E+00
 0.445000E+00   0.000000E+00
 0.446000E+00   0.000000E+00
 0.447000E+00   0.000000E+00
 0.448000E+00   0.000000E+00
 0.449000E+00   0.000000E+00
 0.450000E+00   0.000000E+00
 0.451000E+00   0.000000E+00
 0.452000E+00   0.000000E+00
 0.453000E+00   0.000000E+00
 0.454000E+00   0.000000E+00
 0.455000E+00   0.000000E+00
 0.456000E+00   0.000000E+00
 0.457000E+00   0.000000E+00
 0.458000E+00   0.000000E+00
 0.459000E+00   0.000000E+00
 0.460000E+00   0.000000E+00
 0.461000E+00   0.000000E+00
 0.462000E+00   0.000000E+00
 0.463000E+00   0.000000E+00
 0.464000E+00   0.000000E+00
 0.465000E+00   0.000000E+00
 0.466000E+00   0.000000E+00
 0.467000E+00   0.000000E+00
 0.468000E+00   0.000000E+00
 0.469000E+00   0.000000E+00
 0.470000E+00   0.000000E+00
 0.471000E+00   0.000000E+00
 0.472000E+00   0.000000E+00
 0.473000E+00   0.000000E+00
 0.474000E+00   0.000000E+00
 0.475000E+00   0.000000E+00
 0.476000E+00   0.000000E+00
 0.477000E+00   0.000000E+00
 0.478000E+00   0.000000E+00
 0.479000E+00   0.000000E+00
 0.480000E+00   0.000000E+00
 0.481000E+00   0.000000E+00
 0.482000E+00   0.000000E+00
 0.483000E+00   0.000000E+00
 0.484000E+00   0.000000E+00
 0.485000E+00   0.000000E+00
 0.486000E+00   0.000000E+00
 0.487000E+00   0.000000E+00
 0.488000E+00   0.000000E+00
 0.489000E+00   0.000000E+00
 0.490000E+00   0.000000E+00
 0.491000E+00   0.000000E+00
 0.492000E+00   0.000000E+00
 0.493000E+00   0.000000E+00
 0.494000E+00   0.000000E+00
 0.495000E+00   0.000000E+00
 0.496000E+00   0.000000E+00
 0.497000E+00   0.000000E+00
 0.498000E+00   0.000000E+00
 0.499000E+00   0.000000E+00
 0.500000E+00   0.000000E+00
 0.501000E+00   0.000000E+00
 0.502000E+00   0.000000E+00
 0.503000E+00   0.000000E+00
 0.504000E+00   0.000000E+00
 0.505000E+00   0.000000E+00
 0.506000E+00   0.000000E+00
 0.507000E+00   0.000000E+00
 0.508000E+00   0.000000E+00
 0.509000E+00   0.000000E+00
 0.510000E+00   0.000000E+00
 0.511000E+00   0.000000E+00
 0.512000E+00   0.000000E+00
 0.513000E+00   0.000000E+00
 0.514000E+00   0.000000E+00
 0.515000E+00   0.000000E+00
 0.516000E+00   0.000000E+00
 0.517000E+00   0.000000E+00
 0.518000E+00   0.000000E+00
 0.519000E+00   0.000000E+00
 0.520000E+00   0.000000E+00
 0.521000E+00   0.000000E+00
 0.522000E+00   0.000000E+00
 0.523000E+00   0.000000E+00
 0.524000E+00   0.000000E+00
 0.525000E+00   0.000000E+00
 0.526000E+00   0.000000E+00
 0.527000E+00   0.000000E+00
 0.528000E+00   0.000000E+00
 0.529000E+00   0.000000E+00
 0.530000E+00   0.000000E+00
 0.531000E+00   0.000000E+00
 0.532000E+00   0.000000E+00
 0.533000E+00   0.000000E+00
 0.534000E+00   0.000000E+00
 0.535000E+00   0.000000E+00
 0.536000E+00   0.000000E+00
 0.537000E+00   0.000000E+00
 0.538000E+00   0.000000E+00
 0.539000E+00   0.000000E+00
 0.540000E+00   0.000000E+00
 0.541000E+00   0.000000E+00
 0.542000E+00   0.000000E+00
 0.543000E+00   0.000000E+00
 0.544000E+00   0.000000E+00
 0.545000E+00   0.000000E+00
 0.546000E+00   0.000000E+00
 0.547000E+00   0.000000E+00
 0.548000E+00   0.000000E+00
 0.549000E+00   0.000000E+00
 0.550000E+00   0.000000E+00
 0.551000E+00   0.000000E+00
 0.552000E+00   0.000000E+00
 0.553000E+00   0.000000E+00
 0.554000E+00   0.000000E+00
 0.555000E+00   0.000000E+00
 0.556000E+00   0.000000E+00
 0.557000E+00   0.000000E+00
 0.558000E+00   0.000000E+00
 0.559000E+00   0.000000E+00
 0.560000E+00   0.000000E+00
 0.561000E+00   0.000000E+00
 0.562000E+00   0.000000E+00
 0.563000E+00   0.000000E+00
 0.564000E+00   0.000000E+00
 0.565000E+00   0.000000E+00
 0.566000E+00   0.000000E+00
 0.567000E+00   0.000000E+00
 0.568000E+00   0.000000E+00
 0.569000E+00   0.000000E+00
 0.570000E+00   0.000000E+00
 0.571000E+00   0.000000E+00
 0.572000E+00   0.000000E+00
 0.573000E+00   0.000000E+00
 0.574000E+00   0.000000E+00
 0.575000E+00   0.000000E+00
 0.576000E+00   0.000000E+00
 0.577000E+00   0.000000E+00
 0.578000E+00   0.000000E+00
 0.579000E+00   0.000000E+00
 0.580000E+00   0.000000E+00
 0.581000E+00   0.000000E+00
 0.582000E+00   0.000000E+00
 0.583000E+00   0.000000E+00
 0.584000E+00   0.000000E+00
 0.585000E+00   0.000000E+00
 0.586000E+00   0.000000E+00
 0.587000E+00   0.000000E+00
 0.588000E+00   0.000000E+00
 0.589000E+00   0.000000E+00
 0.590000E+00   0.000000E+00
 0.591000E+00   0.000000E+00
 0.592000E+00   0.000000E+00
 0.593000E+00   0.000000E+00
 0.594000E+00   0.000000E+00
 0.595000E+00   0.000000E+00
 0.596000E+00   0.000000E+00
 0.597000E+00   0.000000E+00
 0.598000E+00   0.000000E+00
 0.599000E+00   0.000000E+00
 0.600000E+00   0.000000E+00
 0.601000E+00   0.000000E+00
 0.602000E+00   0.000000E+00
 0.603000E+00   0.000000E+00
 0.604000E+00   0.000000E+00
 0.605000E+00   0.000000E+00
 0.606000E+00   0.000000E+00
 0.607000E+00   0.000000E+00
 0.608000E+00   0.000000E+00
 0.609000E+00   0.000000E+00
 0.610000E+00   0.000000E+00
 0.611000E+00   0.000000E+00
 0.612000E+00   0.000000E+00
 0.613000E+00   0.000000E+00
 0.614000E+00   0.000000E+00
 0.615000E+00   0.000000E+00
 0.616000E+00   0.000000E+00
 0.617000E+00   0.000000E+00
 0.618000E+00   0.000000E+00
 0.619000E+00   0.000000E+00
 0.620000E+00   0.000000E+00
 0.621000E+00   0.000000E+00
 0.622000E+00   0.000000E+00
 0.623000E+00   0.000000E+00
 0.624000E+00   0.000000E+00
 0.625000E+00   0.000000E+00
 0.626000E+00   0.000000E+00
 0.627000E+00   0.000000E+00
 0.628000E+00   0.000000E+00
 0.629000E+00   0.000000E+00
 0.630000E+00   0.000000E+00
 0.631000E+00   0.000000E+00
 0.632000E+00   0.000000E+00
 0.633000E+00   0.000000E+00
 0.634000E+00   0.000000E+00
 0.635000E+00   0.000000E+00
 0.636000E+00   0.000000E+00
 0.637000E+00   0.000000E+00
 0.638000E+00   0.000000E+00
 0.639000E+00   0.000000E+00
 0.640000E+00   0.000000E+00
 0.641000E+00   0.000000E+00
 0.642000E+00   0.000000E+00
 0.643000E+00   0.000000E+00
 0.644000E+00   0.000000E+00
 0.645000E+00   0.000000E+00
 0.646000E+00   0.000000E+00
 0.647000E+00   0.000000E+00
 0.648000E+00   0.000000E+00
 0.649000E+00   0.000000E+00
 0.650000E+00   0.000000E+00
 0.651000E+00   0.000000E+00
 0.652000E+00   0.000000E+00
 0.653000E+00   0.000000E+00
 0.654000E+00   0.000000E+00
 0.655000E+00   0.000000E+00
 0.656000E+00   0.000000E+00
 0.657000E+00   0.000000E+00
 0.658000E+00   0.000000E+00
 0.659000E+00   0.000000E+00
 0.660000E+00   0.000000E+00
 0.661000E+00   0.000000E+00
 0.662000E+00   0.000000E+00
 0.663000E+00   0.000000E+00
 0.664000E+00   0.000000E+00
 0.665000E+00   0.000000E+00
 0.666000E+00   0.000000E+00
 0.667000E+00   0.000000E+00
 0.668000E+00   0.000000E+00
 0.669000E+00   0.000000E+00
 0.670000E+00   0.000000E+00
 0.671000E+00   0.000000E+00
 0.672000E+00   0.000000E+00
 0.673000E+00   0.000000E+00
 0.674000E+00   0.000000E+00
 0.675000E+00   0.000000E+00
 0.676000E+00   0.000000E+00
 0.677000E+00   0.000000E+00
 0.678000E+00   0.000000E+00
 0.679000E+00   0.000000E+00
 0.680000E+00   0.000000E+00
 0.681000E+00   0.000000E+00
 0.682000E+00   0.000000E+00
 0.683000E+00   0.000000E+00
 0.684000E+00   0.000000E+00
 0.685000E+00   0.000000E+00
 0.686000E+00   0.000000E+00
 0.687000E+00   0.000000E+00
 0.688000E+00   0.000000E+00
 0.689000E+00   0.000000E+00
 0.690000E+00   0.000000E+00
 0.691000E+00   0.000000E+00
 0.692000E+00   0.000000E+00
 0.693000E+00   0.000000E+00
 0.694000E+00   0.000000E+00
 0.695000E+00   0.000000E+00
 0.696000E+00   0.000000E+00
 0.697000E+00   0.000000E+00
 0.698000E+00   0.000000E+00
 0.699000E+00   0.000000E+00
 0.700000E+00   0.000000E+00
 0.701000E+00   0.000000E+00
 0.702000E+00   0.000000E+00
 0.703000E+00   0.000000E+00
 0.704000E+00   0.000000E+00
 0.705000E+00   0.000000E+00
 0.706000E+00   0.000000E+00
 0.707000E+00   0.000000E+00
 0.708000E+00   0.000000E+00
 0.709000E+00   0.000000E+00
 0.710000E+00   0.000000E+00
 0.711000E+00   0.000000E+00
 0.712000E+00   0.000000E+00
 0.713000E+00   0.000000E+00
 0.714000E+00   0.000000E+00
 0.715000E+00   0.000000E+00
 0.716000E+00   0.000000E+00
 0.717000E+00   0.000000E+00
 0.718000E+00   0.000000E+00
 0.719000E+00   0.000000E+00
 0.720000E+00   0.000000E+00
 0.721000E+00   0.000000E+00
 0.722000E+00   0.000000E+00
 0.723000E+00   0.000000E+00
 0.724000E+00   0.000000E+00
 0.725000E+00   0.000000E+00
 0.726000E+00   0.000000E+00
 0.727000E+00   0.000000E+00
 0.728000E+00   0.000000E+00
 0.729000E+00   0.000000E+00
 0.730000E+00   0.000000E+00
 0.731000E+00   0.000000E+00
 0.732000E+00   0.000000E+00
 0.733000E+00   0.000000E+00
 0.734000E+00   0.000000E+00
 0.735000E+00   0.000000E+00
 0.736000E+00   0.000000E+00
 0.737000E+00   0.000000E+00
 0.738000E+00   0.000000E+00
 0.739000E+00   0.000000E+00
 0.740000E+00   0.000000E+00
 0.741000E+00   0.000000E+00
 0.742000E+00   0.000000E+00
 0.743000E+00   0.000000E+00
 0.744000E+00   0.000000E+00
 0.745000E+00   0.000000E+00
 0.746000E+00   0.000000E+00
 0.747000E+00   0.000000E+00
 0.748000E+00   0.000000E+00
 0.749000E+00   0.000000E+00
 0.750000E+00   0.000000E+00
 0.751000E+00   0.000000E+00
 0.752000E+00   0.000000E+00
 0.753000E+00   0.000000E+00
 0.754000E+00   0.000000E+00
 0.755000E+00   0.000000E+00
 0.756000E+00   0.000000E+00
 0.757000E+00   0.000000E+00
 0.758000E+00   0.000000E+00
 0.759000E+00   0.000000E+00
 0.760000E+00   0.000000E+00
 0.761000E+00   0.000000E+00
 0.762000E+00   0.000000E+00
 0.763000E+00   0.000000E+00
 0.764000E+00   0.000000E+00
 0.765000E+00   0.000000E+00
 0.766000E+00   0.000000E+00
 0.767000E+00   0.000000E+00
 0.768000E+00   0.000000E+00
 0.769000E+00   0.000000E+00
 0.770000E+00   0.000000E+00
 0.771000E+00   0.000000E+00
 0.772000E+00   0.000000E+00
 0.773000E+00   0.000000E+00
 0.774000E+00   0.000000E+00
 0.775000E+00   0.000000E+00
 0.776000E+00   0.000000E+00
 0.777000E+00   0.000000E+00
 0.778000E+00   0.000000E+00
 0.779000E+00   0.000000E+00
 0.780000E+00   0.000000E+00
 0.781000E+00   0.000000E+00
 0.782000E+00   0.000000E+00
 0.783000E+00   0.000000E+00
 0.784000E+00   0.000000E+00
 0.785000E+00   0.000000E+00
 0.786000E+00   0.000000E+00
 0.787000E+00   0.000000E+00
 0.788000E+00   0.000000E+00
 0.789000E+00   0.000000E+00
 0.790000E+00   0.000000E+00
 0.791000E+00   0.000000E+00
 0.792000E+00   0.000000E+00
 0.793000E+00   0.000000E+00
 0.794000E+00   0.000000E+00
 0.795000E+00   0.000000E+00
 0.796000E+00   0.000000E+00
 0.797000E+00   0.000000E+00
 0.798000E+00   0.000000E+00
 0.799000E+00   0.000000E+00
 0.800000E+00   0.000000E+00
 0.801000E+00   0.000000E+00
 0.802000E+00   0.000000E+00
 0.803000E+00   0.000000E+00
 0.804000E+00   0.000000E+00
 0.805000E+00   0.000000E+00
 0.806000E+00   0.000000E+00
 0.807000E+00   0.000000E+00
 0.808000E+00   0.000000E+00
 0.809000E+00   0.000000E+00
 0.810000E+00   0.000000E+00
 0.811000E+00   0.000000E+00
 0.812000E+00   0.000000E+00
 0.813000E+00   0.000000E+00
 0.814000E+00   0.000000E+00
 0.815000E+00   0.000000E+00
 0.816000E+00   0.000000E+00
 0.817000E+00   0.000000E+00
 0.818000E+00   0.000000E+00
 0.819000E+00   0.000000E+00
 0.820000E+00   0.000000E+00
 0.821000E+00   0.000000E+00
 0.822000E+00   0.000000E+00
 0.823000E+00   0.000000E+00
 0.824000E+00   0.000000E+00
 0.825000E+00   0.000000E+00
 0.826000E+00   0.000000E+00
 0.827000E+00   0.000000E+00
 0.828000E+00   0.000000E+00
 0.829000E+00   0.000000E+00
 0.830000E+00   0.000000E+00
 0.831000E+00   0.000000E+00
 0.832000E+00   0.000000E+00
 0.833000E+00   0.000000E+00
 0.834000E+00   0.000000E+00
 0.835000E+00   0.000000E+00
 0.836000E+00   0.000000E+00
 0.837000E+00   0.000000E+00
 0.838000E+00   0.000000E+00
 0.839000E+00   0.000000E+00
 0.840000E+00   0.000000E+00
 0.841000E+00   0.000000E+00
 0.842000E+00   0.000000E+00
 0.843000E+00   0.000000E+00
 0.844000E+00   0.000000E+00
 0.845000E+00   0.000000E+00
 0.846000E+00   0.000000E+00
 0.847000E+00   0.000000E+00
 0.848000E+00   0.000000E+00
 0.849000E+00   0.000000E+00
 0.850000E+00   0.000000E+00
 0.851000E+00   0.000000E+00
 0.852000E+00   0.000000E+00
 0.853000E+00   0.000000E+00
 0.854000E+00   0.000000E+00
 0.855000E+00   0.000000E+00
 0.856000E+00   0.000000E+00
 0.857000E+00   0.000000E+00
 0.858000E+00   0.000000E+00
 0.859000E+00   0.000000E+00
 0.860000E+00   0.000000E+00
 0.861000E+00   0.000000E+00
 0.862000E+00   0.000000E+00
 0.863000E+00   0.000000E+00
 0.864000E+00   0.000000E+00
 0.865000E+00   0.000000E+00
 0.866000E+00   0.000000E+00
 0.867000E+00   0.000000E+00
 0.868000E+00   0.000000E+00
 0.869000E+00   0.000000E+00
 0.870000E+00   0.000000E+00
 0.871000E+00   0.000000E+00
 0.872000E+00   0.000000E+00
 0.873000E+00   0.000000E+00
 0.874000E+00   0.000000E+00
 0.875000E+00   0.000000E+00
 0.876000E+00   0.000000E+00
 0.877000E+00   0.000000E+00
 0.878000E+00   0.000000E+00
 0.879000E+00   0.000000E+00
 0.880000E+00   0.000000E+00
 0.881000E+00   0.000000E+00
 0.882000E+00   0.000000E+00
 0.883000E+00   0.000000E+00
 0.884000E+00   0.000000E+00
 0.885000E+00   0.000000E+00
 0.886000E+00   0.000000E+00
 0.887000E+00   0.000000E+00
 0.888000E+00   0.000000E+00
 0.889000E+00   0.000000E+00
 0.890000E+00   0.000000E+00
 0.891000E+00   0.000000E+00
 0.892000E+00   0.000000E+00
 0.893000E+00   0.000000E+00
 0.894000E+00   0.000000E+00
 0.895000E+00   0.000000E+00
 0.896000E+00   0.000000E+00
 0.897000E+00   0.000000E+00
 0.898000E+00   0.000000E+00
 0.899000E+00   0.000000E+00
 0.900000E+00   0.000000E+00
 0.901000E+00   0.000000E+00
 0.902000E+00   0.000000E+00
 0.903000E+00   0.000000E+00
 0.904000E+00   0.000000E+00
 0.905000E+00   0.000000E+00
 0.906000E+00   0.000000E+00
 0.907000E+00   0.000000E+00
 0.908000E+00   0.000000E+00
 0.909000E+00   0.000000E+00
 0.910000E+00   0.000000E+00
 0.911000E+00   0.000000E+00
 0.912000E+00   0.000000E+00
 0.913000E+00   0.000000E+00
 0.914000E+00   0.000000E+00
 0.915000E+00   0.000000E+00
 0.916000E+00   0.000000E+00
 0.917000E+00   0.000000E+00
 0.918000E+00   0.000000E+00
 0.919000E+00   0.000000E+00
 0.920000E+00   0.000000E+00
 0.921000E+00   0.000000E+00
 0.922000E+00   0.000000E+00
 0.923000E+00   0.000000E+00
 0.924000E+00   0.000000E+00
 0.925000E+00   0.000000E+00
 0.926000E+00   0.000000E+00
 0.927000E+00   0.000000E+00
 0.928000E+00   0.000000E+00
 0.929000E+00   0.000000E+00
 0.930000E+00   0.000000E+00
 0.931000E+00   0.000000E+00
 0.932000E+00   0.000000E+00
 0.933000E+00   0.000000E+00
 0.934000E+00   0.000000E+00
 0.935000E+00   0.000000E+00
 0.936000E+00   0.000000E+00
 0.937000E+00   0.000000E+00
 0.938000E+00   0.000000E+00
 0.939000E+00   0.000000E+00
 0.940000E+00   0.000000E+00
 0.941000E+00   0.000000E+00
 0.942000E+00   0.000000E+00
 0.943000E+00   0.000000E+00
 0.944000E+00   0.000000E+00
 0.945000E+00   0.000000E+00
 0.946000E+00   0.000000E+00
 0.947000E+00   0.000000E+00
 0.948000E+00   0.000000E+00
 0.949000E+00   0.000000E+00
 0.950000E+00   0.000000E+00
 0.951000E+00   0.000000E+00
 0.952000E+00   0.000000E+00
 0.953000E+00   0.000000E+00
 0.954000E+00   0.000000E+00
 0.955000E+00   0.000000E+00
 0.956000E+00   0.000000E+00
 0.957000E+00   0.000000E+00
 0.958000E+00   0.000000E+00
 0.959000E+00   0.000000E+00
 0.960000E+00   0.000000E+00
 0.961000E+00   0.000000E+00
 0.962000E+00   0.000000E+00
 0.963000E+00   0.000000E+00
 0.964000E+00   0.000000E+00
 0.965000E+00   0.000000E+00
 0.966000E+00   0.000000E+00
 0.967000E+00   0.000000E+00
 0.968000E+00   0.000000E+00
 0.969000E+00   0.000000E+00
 0.970000E+00   0.000000E+00
 0.971000E+00   0.000000E+00
 0.972000E+00   0.000000E+00
 0.973000E+00   0.000000E+00
 0.974000E+00   0.000000E+00
 0.975000E+00   0.000000E+00
 0.976000E+00   0.000000E+00
 0.977000E+00   0.000000E+00
 0.978000E+00   0.000000E+00
 0.979000E+00   0.000000E+00
 0.980000E+00   0.000000E+00
 0.981000E+00   0.000000E+00
 0.982000E+00   0.000000E+00
 0.983000E+00   0.000000E+00
 0.984000E+00   0.000000E+00
 0.985000E+00   0.000000E+00
 0.986000E+00   0.000000E+00
 0.987000E+00   0.000000E+00
 0.988000E+00   0.000000E+00
 0.989000E+00   0.000000E+00
 0.990000E+00   0.000000E+00
 0.991000E+00   0.000000E+00
 0.992000E+00   0.000000E+00
 0.993000E+00   0.000000E+00
 0.994000E+00   0.000000E+00
 0.995000E+00   0.000000E+00
 0.996000E+00   0.000000E+00
 0.997000E+00   0.000000E+00
 0.998000E+00   0.000000E+00
 0.999000E+00   0.000000E+00
 0.100000E+01   0.000000E+00
