 0.100000E-02   0.139992E+01   0.671138E-02   0.200203E+01   0.504489E+00
 0.200000E-02   0.139995E+01   0.671137E-02   0.200209E+01   0.504489E+00
 0.300000E-02   0.140000E+01   0.671136E-02   0.200219E+01   0.504489E+00
 0.400000E-02   0.140008E+01   0.671133E-02   0.200233E+01   0.504489E+00
 0.500000E-02   0.140017E+01   0.671130E-02   0.200252E+01   0.504489E+00
 0.600000E-02   0.140029E+01   0.671127E-02   0.200274E+01   0.504489E+00
 0.700000E-02   0.140043E+01   0.671122E-02   0.200300E+01   0.504488E+00
 0.800000E-02   0.140059E+01   0.671117E-02   0.200331E+01   0.504488E+00
 0.900000E-02   0.140077E+01   0.671112E-02   0.200365E+01   0.504488E+00
 0.100000E-01   0.140097E+01   0.671105E-02   0.200403E+01   0.504488E+00
 0.110000E-01   0.140120E+01   0.671098E-02   0.200446E+01   0.504488E+00
 0.120000E-01   0.140144E+01   0.671090E-02   0.200492E+01   0.504488E+00
 0.130000E-01   0.140170E+01   0.671082E-02   0.200543E+01   0.504487E+00
 0.140000E-01   0.140199E+01   0.671073E-02   0.200597E+01   0.504487E+00
 0.150000E-01   0.140229E+01   0.671063E-02   0.200655E+01   0.504487E+00
 0.160000E-01   0.140261E+01   0.671053E-02   0.200718E+01   0.504487E+00
 0.170000E-01   0.140295E+01   0.671042E-02   0.200784E+01   0.504486E+00
 0.180000E-01   0.140331E+01   0.671030E-02   0.200854E+01   0.504486E+00
 0.190000E-01   0.140369E+01   0.671018E-02   0.200928E+01   0.504486E+00
 0.200000E-01   0.140408E+01   0.671004E-02   0.201005E+01   0.504485E+00
 0.210000E-01   0.140450E+01   0.670991E-02   0.201087E+01   0.504485E+00
 0.220000E-01   0.140493E+01   0.670976E-02   0.201172E+01   0.504485E+00
 0.230000E-01   0.140538E+01   0.670961E-02   0.201261E+01   0.504484E+00
 0.240000E-01   0.140584E+01   0.670945E-02   0.201354E+01   0.504484E+00
 0.250000E-01   0.140632E+01   0.670929E-02   0.201451E+01   0.504483E+00
 0.260000E-01   0.140682E+01   0.670912E-02   0.201551E+01   0.504483E+00
 0.270000E-01   0.140733E+01   0.670894E-02   0.201655E+01   0.504482E+00
 0.280000E-01   0.140786E+01   0.670876E-02   0.201762E+01   0.504482E+00
 0.290000E-01   0.140840E+01   0.670857E-02   0.201874E+01   0.504481E+00
 0.300000E-01   0.140895E+01   0.670837E-02   0.201988E+01   0.504481E+00
 0.310000E-01   0.140952E+01   0.670816E-02   0.202106E+01   0.504480E+00
 0.320000E-01   0.141010E+01   0.670795E-02   0.202228E+01   0.504480E+00
 0.330000E-01   0.141070E+01   0.670773E-02   0.202353E+01   0.504479E+00
 0.340000E-01   0.141130E+01   0.670751E-02   0.202481E+01   0.504479E+00
 0.350000E-01   0.141192E+01   0.670728E-02   0.202613E+01   0.504478E+00
 0.360000E-01   0.141255E+01   0.670704E-02   0.202748E+01   0.504477E+00
 0.370000E-01   0.141319E+01   0.670679E-02   0.202886E+01   0.504477E+00
 0.380000E-01   0.141384E+01   0.670654E-02   0.203027E+01   0.504476E+00
 0.390000E-01   0.141451E+01   0.670628E-02   0.203172E+01   0.504475E+00
 0.400000E-01   0.141518E+01   0.670602E-02   0.203319E+01   0.504475E+00
 0.410000E-01   0.141586E+01   0.670575E-02   0.203470E+01   0.504474E+00
 0.420000E-01   0.141654E+01   0.670547E-02   0.203623E+01   0.504473E+00
 0.430000E-01   0.141724E+01   0.670518E-02   0.203780E+01   0.504472E+00
 0.440000E-01   0.141794E+01   0.670489E-02   0.203939E+01   0.504472E+00
 0.450000E-01   0.141865E+01   0.670459E-02   0.204101E+01   0.504471E+00
 0.460000E-01   0.141937E+01   0.670429E-02   0.204266E+01   0.504470E+00
 0.470000E-01   0.142009E+01   0.670398E-02   0.204434E+01   0.504469E+00
 0.480000E-01   0.142082E+01   0.670366E-02   0.204604E+01   0.504468E+00
 0.490000E-01   0.142156E+01   0.670333E-02   0.204777E+01   0.504468E+00
 0.500000E-01   0.142230E+01   0.670300E-02   0.204952E+01   0.504467E+00
 0.510000E-01   0.142304E+01   0.670266E-02   0.205130E+01   0.504466E+00
 0.520000E-01   0.142379E+01   0.670232E-02   0.205310E+01   0.504465E+00
 0.530000E-01   0.142454E+01   0.670196E-02   0.205492E+01   0.504464E+00
 0.540000E-01   0.142530E+01   0.670160E-02   0.205677E+01   0.504463E+00
 0.550000E-01   0.142606E+01   0.670124E-02   0.205864E+01   0.504462E+00
 0.560000E-01   0.142682E+01   0.670087E-02   0.206053E+01   0.504461E+00
 0.570000E-01   0.142758E+01   0.670049E-02   0.206244E+01   0.504460E+00
 0.580000E-01   0.142834E+01   0.670010E-02   0.206437E+01   0.504459E+00
 0.590000E-01   0.142911E+01   0.669971E-02   0.206632E+01   0.504458E+00
 0.600000E-01   0.142988E+01   0.669931E-02   0.206829E+01   0.504457E+00
 0.610000E-01   0.143064E+01   0.669890E-02   0.207027E+01   0.504456E+00
 0.620000E-01   0.143141E+01   0.669849E-02   0.207228E+01   0.504455E+00
 0.630000E-01   0.143218E+01   0.669807E-02   0.207430E+01   0.504454E+00
 0.640000E-01   0.143294E+01   0.669765E-02   0.207634E+01   0.504452E+00
 0.650000E-01   0.143371E+01   0.669721E-02   0.207839E+01   0.504451E+00
 0.660000E-01   0.143447E+01   0.669677E-02   0.208045E+01   0.504450E+00
 0.670000E-01   0.143524E+01   0.669633E-02   0.208254E+01   0.504449E+00
 0.680000E-01   0.143600E+01   0.669588E-02   0.208463E+01   0.504448E+00
 0.690000E-01   0.143676E+01   0.669542E-02   0.208674E+01   0.504447E+00
 0.700000E-01   0.143751E+01   0.669495E-02   0.208886E+01   0.504445E+00
 0.710000E-01   0.143827E+01   0.669448E-02   0.209099E+01   0.504444E+00
 0.720000E-01   0.143902E+01   0.669400E-02   0.209313E+01   0.504443E+00
 0.730000E-01   0.143977E+01   0.669351E-02   0.209529E+01   0.504442E+00
 0.740000E-01   0.144051E+01   0.669302E-02   0.209745E+01   0.504440E+00
 0.750000E-01   0.144125E+01   0.669252E-02   0.209962E+01   0.504439E+00
 0.760000E-01   0.144199E+01   0.669201E-02   0.210180E+01   0.504438E+00
 0.770000E-01   0.144272E+01   0.669150E-02   0.210399E+01   0.504436E+00
 0.780000E-01   0.144345E+01   0.669098E-02   0.210619E+01   0.504435E+00
 0.790000E-01   0.144417E+01   0.669045E-02   0.210839E+01   0.504433E+00
 0.800000E-01   0.144489E+01   0.668992E-02   0.211060E+01   0.504432E+00
 0.810000E-01   0.144561E+01   0.668938E-02   0.211281E+01   0.504431E+00
 0.820000E-01   0.144632E+01   0.668884E-02   0.211503E+01   0.504429E+00
 0.830000E-01   0.144702E+01   0.668828E-02   0.211725E+01   0.504428E+00
 0.840000E-01   0.144772E+01   0.668772E-02   0.211948E+01   0.504426E+00
 0.850000E-01   0.144841E+01   0.668716E-02   0.212171E+01   0.504425E+00
 0.860000E-01   0.144910E+01   0.668658E-02   0.212395E+01   0.504423E+00
 0.870000E-01   0.144978E+01   0.668600E-02   0.212618E+01   0.504422E+00
 0.880000E-01   0.145045E+01   0.668542E-02   0.212842E+01   0.504420E+00
 0.890000E-01   0.145112E+01   0.668482E-02   0.213066E+01   0.504419E+00
 0.900000E-01   0.145178E+01   0.668422E-02   0.213290E+01   0.504417E+00
 0.910000E-01   0.145243E+01   0.668362E-02   0.213515E+01   0.504415E+00
 0.920000E-01   0.145308E+01   0.668300E-02   0.213739E+01   0.504414E+00
 0.930000E-01   0.145373E+01   0.668238E-02   0.213963E+01   0.504412E+00
 0.940000E-01   0.145436E+01   0.668176E-02   0.214187E+01   0.504411E+00
 0.950000E-01   0.145499E+01   0.668112E-02   0.214410E+01   0.504409E+00
 0.960000E-01   0.145561E+01   0.668048E-02   0.214634E+01   0.504407E+00
 0.970000E-01   0.145622E+01   0.667984E-02   0.214858E+01   0.504405E+00
 0.980000E-01   0.145683E+01   0.667918E-02   0.215081E+01   0.504404E+00
 0.990000E-01   0.145743E+01   0.667852E-02   0.215304E+01   0.504402E+00
 0.100000E+00   0.145802E+01   0.667786E-02   0.215526E+01   0.504400E+00
 0.101000E+00   0.145861E+01   0.667718E-02   0.215748E+01   0.504398E+00
 0.102000E+00   0.145919E+01   0.667650E-02   0.215970E+01   0.504397E+00
 0.103000E+00   0.145976E+01   0.667582E-02   0.216191E+01   0.504395E+00
 0.104000E+00   0.146032E+01   0.667512E-02   0.216412E+01   0.504393E+00
 0.105000E+00   0.146088E+01   0.667442E-02   0.216632E+01   0.504391E+00
 0.106000E+00   0.146143E+01   0.667372E-02   0.216852E+01   0.504389E+00
 0.107000E+00   0.146197E+01   0.667300E-02   0.217071E+01   0.504387E+00
 0.108000E+00   0.146251E+01   0.667228E-02   0.217289E+01   0.504386E+00
 0.109000E+00   0.146303E+01   0.667156E-02   0.217507E+01   0.504384E+00
 0.110000E+00   0.146355E+01   0.667082E-02   0.217725E+01   0.504382E+00
 0.111000E+00   0.146407E+01   0.667008E-02   0.217941E+01   0.504380E+00
 0.112000E+00   0.146457E+01   0.666934E-02   0.218157E+01   0.504378E+00
 0.113000E+00   0.146507E+01   0.666858E-02   0.218372E+01   0.504376E+00
 0.114000E+00   0.146556E+01   0.666782E-02   0.218586E+01   0.504374E+00
 0.115000E+00   0.146604E+01   0.666706E-02   0.218799E+01   0.504372E+00
 0.116000E+00   0.146652E+01   0.666628E-02   0.219012E+01   0.504370E+00
 0.117000E+00   0.146699E+01   0.666550E-02   0.219224E+01   0.504368E+00
 0.118000E+00   0.146745E+01   0.666472E-02   0.219435E+01   0.504366E+00
 0.119000E+00   0.146790E+01   0.666392E-02   0.219645E+01   0.504364E+00
 0.120000E+00   0.146835E+01   0.666312E-02   0.219854E+01   0.504362E+00
 0.121000E+00   0.146879E+01   0.666232E-02   0.220062E+01   0.504359E+00
 0.122000E+00   0.146923E+01   0.666150E-02   0.220270E+01   0.504357E+00
 0.123000E+00   0.146965E+01   0.666068E-02   0.220476E+01   0.504355E+00
 0.124000E+00   0.147008E+01   0.665986E-02   0.220681E+01   0.504353E+00
 0.125000E+00   0.147049E+01   0.665902E-02   0.220886E+01   0.504351E+00
 0.126000E+00   0.147090E+01   0.665818E-02   0.221089E+01   0.504349E+00
 0.127000E+00   0.147130E+01   0.665734E-02   0.221292E+01   0.504346E+00
 0.128000E+00   0.147169E+01   0.665648E-02   0.221493E+01   0.504344E+00
 0.129000E+00   0.147208E+01   0.665562E-02   0.221694E+01   0.504342E+00
 0.130000E+00   0.147246E+01   0.665476E-02   0.221893E+01   0.504340E+00
 0.131000E+00   0.147283E+01   0.665388E-02   0.222091E+01   0.504337E+00
 0.132000E+00   0.147320E+01   0.665300E-02   0.222289E+01   0.504335E+00
 0.133000E+00   0.147356E+01   0.665212E-02   0.222485E+01   0.504333E+00
 0.134000E+00   0.147392E+01   0.665122E-02   0.222680E+01   0.504330E+00
 0.135000E+00   0.147427E+01   0.665032E-02   0.222874E+01   0.504328E+00
 0.136000E+00   0.147461E+01   0.664942E-02   0.223067E+01   0.504326E+00
 0.137000E+00   0.147495E+01   0.664850E-02   0.223259E+01   0.504323E+00
 0.138000E+00   0.147529E+01   0.664758E-02   0.223450E+01   0.504321E+00
 0.139000E+00   0.147561E+01   0.664666E-02   0.223640E+01   0.504318E+00
 0.140000E+00   0.147593E+01   0.664572E-02   0.223829E+01   0.504316E+00
 0.141000E+00   0.147625E+01   0.664478E-02   0.224016E+01   0.504313E+00
 0.142000E+00   0.147656E+01   0.664384E-02   0.224203E+01   0.504311E+00
 0.143000E+00   0.147687E+01   0.664288E-02   0.224388E+01   0.504309E+00
 0.144000E+00   0.147717E+01   0.664192E-02   0.224573E+01   0.504306E+00
 0.145000E+00   0.147746E+01   0.664096E-02   0.224756E+01   0.504303E+00
 0.146000E+00   0.147775E+01   0.663998E-02   0.224938E+01   0.504301E+00
 0.147000E+00   0.147804E+01   0.663900E-02   0.225119E+01   0.504298E+00
 0.148000E+00   0.147832E+01   0.663802E-02   0.225299E+01   0.504296E+00
 0.149000E+00   0.147859E+01   0.663702E-02   0.225478E+01   0.504293E+00
 0.150000E+00   0.147886E+01   0.663603E-02   0.225656E+01   0.504291E+00
 0.151000E+00   0.147913E+01   0.663502E-02   0.225833E+01   0.504288E+00
 0.152000E+00   0.147939E+01   0.663401E-02   0.226008E+01   0.504285E+00
 0.153000E+00   0.147965E+01   0.663299E-02   0.226183E+01   0.504283E+00
 0.154000E+00   0.147990E+01   0.663196E-02   0.226356E+01   0.504280E+00
 0.155000E+00   0.148015E+01   0.663093E-02   0.226529E+01   0.504277E+00
 0.156000E+00   0.148040E+01   0.662989E-02   0.226700E+01   0.504275E+00
 0.157000E+00   0.148064E+01   0.662884E-02   0.226871E+01   0.504272E+00
 0.158000E+00   0.148088E+01   0.662779E-02   0.227040E+01   0.504269E+00
 0.159000E+00   0.148111E+01   0.662673E-02   0.227208E+01   0.504266E+00
 0.160000E+00   0.148134E+01   0.662566E-02   0.227375E+01   0.504264E+00
 0.161000E+00   0.148156E+01   0.662459E-02   0.227542E+01   0.504261E+00
 0.162000E+00   0.148178E+01   0.662351E-02   0.227707E+01   0.504258E+00
 0.163000E+00   0.148200E+01   0.662243E-02   0.227871E+01   0.504255E+00
 0.164000E+00   0.148222E+01   0.662133E-02   0.228034E+01   0.504252E+00
 0.165000E+00   0.148243E+01   0.662024E-02   0.228196E+01   0.504249E+00
 0.166000E+00   0.148264E+01   0.661913E-02   0.228357E+01   0.504247E+00
 0.167000E+00   0.148284E+01   0.661802E-02   0.228517E+01   0.504244E+00
 0.168000E+00   0.148304E+01   0.661690E-02   0.228676E+01   0.504241E+00
 0.169000E+00   0.148324E+01   0.661577E-02   0.228834E+01   0.504238E+00
 0.170000E+00   0.148344E+01   0.661464E-02   0.228992E+01   0.504235E+00
 0.171000E+00   0.148363E+01   0.661350E-02   0.229148E+01   0.504232E+00
 0.172000E+00   0.148382E+01   0.661236E-02   0.229303E+01   0.504229E+00
 0.173000E+00   0.148400E+01   0.661120E-02   0.229457E+01   0.504226E+00
 0.174000E+00   0.148419E+01   0.661005E-02   0.229611E+01   0.504223E+00
 0.175000E+00   0.148437E+01   0.660888E-02   0.229763E+01   0.504220E+00
 0.176000E+00   0.148455E+01   0.660771E-02   0.229915E+01   0.504217E+00
 0.177000E+00   0.148472E+01   0.660653E-02   0.230066E+01   0.504214E+00
 0.178000E+00   0.148489E+01   0.660535E-02   0.230215E+01   0.504211E+00
 0.179000E+00   0.148506E+01   0.660415E-02   0.230364E+01   0.504208E+00
 0.180000E+00   0.148523E+01   0.660296E-02   0.230512E+01   0.504205E+00
 0.181000E+00   0.148540E+01   0.660175E-02   0.230659E+01   0.504201E+00
 0.182000E+00   0.148556E+01   0.660054E-02   0.230806E+01   0.504198E+00
 0.183000E+00   0.148572E+01   0.659932E-02   0.230951E+01   0.504195E+00
 0.184000E+00   0.148588E+01   0.659810E-02   0.231096E+01   0.504192E+00
 0.185000E+00   0.148603E+01   0.659687E-02   0.231239E+01   0.504189E+00
 0.186000E+00   0.148619E+01   0.659563E-02   0.231382E+01   0.504186E+00
 0.187000E+00   0.148634E+01   0.659438E-02   0.231524E+01   0.504182E+00
 0.188000E+00   0.148649E+01   0.659313E-02   0.231666E+01   0.504179E+00
 0.189000E+00   0.148663E+01   0.659187E-02   0.231806E+01   0.504176E+00
 0.190000E+00   0.148678E+01   0.659061E-02   0.231946E+01   0.504173E+00
 0.191000E+00   0.148692E+01   0.658934E-02   0.232085E+01   0.504169E+00
 0.192000E+00   0.148706E+01   0.658806E-02   0.232223E+01   0.504166E+00
 0.193000E+00   0.148720E+01   0.658678E-02   0.232361E+01   0.504163E+00
 0.194000E+00   0.148734E+01   0.658549E-02   0.232498E+01   0.504159E+00
 0.195000E+00   0.148747E+01   0.658419E-02   0.232634E+01   0.504156E+00
 0.196000E+00   0.148760E+01   0.658289E-02   0.232769E+01   0.504153E+00
 0.197000E+00   0.148773E+01   0.658158E-02   0.232904E+01   0.504149E+00
 0.198000E+00   0.148786E+01   0.658026E-02   0.233038E+01   0.504146E+00
 0.199000E+00   0.148799E+01   0.657894E-02   0.233171E+01   0.504142E+00
 0.200000E+00   0.148811E+01   0.657761E-02   0.233303E+01   0.504139E+00
 0.201000E+00   0.148823E+01   0.657627E-02   0.233435E+01   0.504135E+00
 0.202000E+00   0.148835E+01   0.657493E-02   0.233566E+01   0.504132E+00
 0.203000E+00   0.148847E+01   0.657358E-02   0.233697E+01   0.504128E+00
 0.204000E+00   0.148859E+01   0.657222E-02   0.233827E+01   0.504125E+00
 0.205000E+00   0.148870E+01   0.657086E-02   0.233956E+01   0.504121E+00
 0.206000E+00   0.148882E+01   0.656949E-02   0.234085E+01   0.504118E+00
 0.207000E+00   0.148893E+01   0.656811E-02   0.234213E+01   0.504114E+00
 0.208000E+00   0.148903E+01   0.656673E-02   0.234340E+01   0.504111E+00
 0.209000E+00   0.148914E+01   0.656534E-02   0.234467E+01   0.504107E+00
 0.210000E+00   0.148925E+01   0.656394E-02   0.234594E+01   0.504104E+00
 0.211000E+00   0.148935E+01   0.656254E-02   0.234719E+01   0.504100E+00
 0.212000E+00   0.148945E+01   0.656113E-02   0.234844E+01   0.504096E+00
 0.213000E+00   0.148955E+01   0.655972E-02   0.234969E+01   0.504093E+00
 0.214000E+00   0.148964E+01   0.655830E-02   0.235093E+01   0.504089E+00
 0.215000E+00   0.148974E+01   0.655687E-02   0.235217E+01   0.504085E+00
 0.216000E+00   0.148983E+01   0.655543E-02   0.235340E+01   0.504082E+00
 0.217000E+00   0.148992E+01   0.655399E-02   0.235462E+01   0.504078E+00
 0.218000E+00   0.149001E+01   0.655254E-02   0.235584E+01   0.504074E+00
 0.219000E+00   0.149010E+01   0.655109E-02   0.235706E+01   0.504070E+00
 0.220000E+00   0.149018E+01   0.654963E-02   0.235827E+01   0.504067E+00
 0.221000E+00   0.149026E+01   0.654816E-02   0.235947E+01   0.504063E+00
 0.222000E+00   0.149034E+01   0.654668E-02   0.236068E+01   0.504059E+00
 0.223000E+00   0.149042E+01   0.654520E-02   0.236187E+01   0.504055E+00
 0.224000E+00   0.149050E+01   0.654371E-02   0.236307E+01   0.504052E+00
 0.225000E+00   0.149057E+01   0.654222E-02   0.236425E+01   0.504048E+00
 0.226000E+00   0.149064E+01   0.654072E-02   0.236544E+01   0.504044E+00
 0.227000E+00   0.149071E+01   0.653921E-02   0.236662E+01   0.504040E+00
 0.228000E+00   0.149078E+01   0.653770E-02   0.236779E+01   0.504036E+00
 0.229000E+00   0.149085E+01   0.653618E-02   0.236897E+01   0.504032E+00
 0.230000E+00   0.149091E+01   0.653465E-02   0.237013E+01   0.504028E+00
 0.231000E+00   0.149097E+01   0.653312E-02   0.237130E+01   0.504024E+00
 0.232000E+00   0.149103E+01   0.653158E-02   0.237246E+01   0.504020E+00
 0.233000E+00   0.149109E+01   0.653003E-02   0.237362E+01   0.504016E+00
 0.234000E+00   0.149114E+01   0.652848E-02   0.237477E+01   0.504012E+00
 0.235000E+00   0.149119E+01   0.652692E-02   0.237592E+01   0.504008E+00
 0.236000E+00   0.149124E+01   0.652535E-02   0.237707E+01   0.504004E+00
 0.237000E+00   0.149129E+01   0.652378E-02   0.237821E+01   0.504000E+00
 0.238000E+00   0.149133E+01   0.652220E-02   0.237936E+01   0.503996E+00
 0.239000E+00   0.149137E+01   0.652062E-02   0.238049E+01   0.503992E+00
 0.240000E+00   0.149141E+01   0.651902E-02   0.238163E+01   0.503988E+00
 0.241000E+00   0.149145E+01   0.651743E-02   0.238276E+01   0.503984E+00
 0.242000E+00   0.149149E+01   0.651582E-02   0.238390E+01   0.503980E+00
 0.243000E+00   0.149152E+01   0.651421E-02   0.238502E+01   0.503976E+00
 0.244000E+00   0.149155E+01   0.651259E-02   0.238615E+01   0.503972E+00
 0.245000E+00   0.149158E+01   0.651097E-02   0.238728E+01   0.503968E+00
 0.246000E+00   0.149160E+01   0.650934E-02   0.238840E+01   0.503963E+00
 0.247000E+00   0.149162E+01   0.650770E-02   0.238952E+01   0.503959E+00
 0.248000E+00   0.149164E+01   0.650605E-02   0.239064E+01   0.503955E+00
 0.249000E+00   0.149166E+01   0.650440E-02   0.239175E+01   0.503951E+00
 0.250000E+00   0.149168E+01   0.650275E-02   0.239287E+01   0.503947E+00
 0.251000E+00   0.149169E+01   0.650108E-02   0.239398E+01   0.503942E+00
 0.252000E+00   0.149170E+01   0.649941E-02   0.239510E+01   0.503938E+00
 0.253000E+00   0.149171E+01   0.649774E-02   0.239621E+01   0.503934E+00
 0.254000E+00   0.149171E+01   0.649605E-02   0.239732E+01   0.503930E+00
 0.255000E+00   0.149172E+01   0.649436E-02   0.239843E+01   0.503925E+00
 0.256000E+00   0.149172E+01   0.649267E-02   0.239953E+01   0.503921E+00
 0.257000E+00   0.149172E+01   0.649096E-02   0.240064E+01   0.503917E+00
 0.258000E+00   0.149171E+01   0.648925E-02   0.240175E+01   0.503912E+00
 0.259000E+00   0.149170E+01   0.648754E-02   0.240286E+01   0.503908E+00
 0.260000E+00   0.149169E+01   0.648582E-02   0.240396E+01   0.503904E+00
 0.261000E+00   0.149168E+01   0.648409E-02   0.240507E+01   0.503899E+00
 0.262000E+00   0.149167E+01   0.648235E-02   0.240618E+01   0.503895E+00
 0.263000E+00   0.149165E+01   0.648061E-02   0.240728E+01   0.503890E+00
 0.264000E+00   0.149163E+01   0.647886E-02   0.240839E+01   0.503886E+00
 0.265000E+00   0.149161E+01   0.647711E-02   0.240950E+01   0.503881E+00
 0.266000E+00   0.149158E+01   0.647535E-02   0.241061E+01   0.503877E+00
 0.267000E+00   0.149156E+01   0.647358E-02   0.241172E+01   0.503872E+00
 0.268000E+00   0.149153E+01   0.647181E-02   0.241283E+01   0.503868E+00
 0.269000E+00   0.149150E+01   0.647003E-02   0.241394E+01   0.503863E+00
 0.270000E+00   0.149146E+01   0.646824E-02   0.241505E+01   0.503859E+00
 0.271000E+00   0.149143E+01   0.646645E-02   0.241616E+01   0.503854E+00
 0.272000E+00   0.149139E+01   0.646465E-02   0.241728E+01   0.503850E+00
 0.273000E+00   0.149135E+01   0.646284E-02   0.241839E+01   0.503845E+00
 0.274000E+00   0.149131E+01   0.646103E-02   0.241951E+01   0.503841E+00
 0.275000E+00   0.149126E+01   0.645921E-02   0.242063E+01   0.503836E+00
 0.276000E+00   0.149121E+01   0.645738E-02   0.242175E+01   0.503831E+00
 0.277000E+00   0.149116E+01   0.645555E-02   0.242288E+01   0.503827E+00
 0.278000E+00   0.149111E+01   0.645371E-02   0.242400E+01   0.503822E+00
 0.279000E+00   0.149106E+01   0.645187E-02   0.242513E+01   0.503817E+00
 0.280000E+00   0.149100E+01   0.645001E-02   0.242627E+01   0.503813E+00
 0.281000E+00   0.149095E+01   0.644816E-02   0.242740E+01   0.503808E+00
 0.282000E+00   0.149089E+01   0.644629E-02   0.242854E+01   0.503803E+00
 0.283000E+00   0.149083E+01   0.644442E-02   0.242968E+01   0.503799E+00
 0.284000E+00   0.149076E+01   0.644254E-02   0.243083E+01   0.503794E+00
 0.285000E+00   0.149070E+01   0.644066E-02   0.243198E+01   0.503789E+00
 0.286000E+00   0.149063E+01   0.643877E-02   0.243313E+01   0.503784E+00
 0.287000E+00   0.149056E+01   0.643687E-02   0.243428E+01   0.503780E+00
 0.288000E+00   0.149049E+01   0.643497E-02   0.243545E+01   0.503775E+00
 0.289000E+00   0.149042E+01   0.643306E-02   0.243661E+01   0.503770E+00
 0.290000E+00   0.149035E+01   0.643115E-02   0.243778E+01   0.503765E+00
 0.291000E+00   0.149028E+01   0.642922E-02   0.243895E+01   0.503760E+00
 0.292000E+00   0.149020E+01   0.642729E-02   0.244013E+01   0.503755E+00
 0.293000E+00   0.149012E+01   0.642536E-02   0.244132E+01   0.503751E+00
 0.294000E+00   0.149004E+01   0.642342E-02   0.244251E+01   0.503746E+00
 0.295000E+00   0.148996E+01   0.642147E-02   0.244370E+01   0.503741E+00
 0.296000E+00   0.148988E+01   0.641951E-02   0.244490E+01   0.503736E+00
 0.297000E+00   0.148980E+01   0.641755E-02   0.244611E+01   0.503731E+00
 0.298000E+00   0.148972E+01   0.641559E-02   0.244732E+01   0.503726E+00
 0.299000E+00   0.148964E+01   0.641361E-02   0.244854E+01   0.503721E+00
 0.300000E+00   0.148955E+01   0.641163E-02   0.244977E+01   0.503716E+00
 0.301000E+00   0.148946E+01   0.640965E-02   0.245100E+01   0.503711E+00
 0.302000E+00   0.148938E+01   0.640765E-02   0.245224E+01   0.503706E+00
 0.303000E+00   0.148929E+01   0.640565E-02   0.245348E+01   0.503701E+00
 0.304000E+00   0.148920E+01   0.640365E-02   0.245474E+01   0.503696E+00
 0.305000E+00   0.148912E+01   0.640164E-02   0.245600E+01   0.503691E+00
 0.306000E+00   0.148903E+01   0.639962E-02   0.245726E+01   0.503686E+00
 0.307000E+00   0.148894E+01   0.639759E-02   0.245854E+01   0.503681E+00
 0.308000E+00   0.148885E+01   0.639556E-02   0.245982E+01   0.503676E+00
 0.309000E+00   0.148876E+01   0.639352E-02   0.246111E+01   0.503671E+00
 0.310000E+00   0.148867E+01   0.639148E-02   0.246241E+01   0.503666E+00
 0.311000E+00   0.148858E+01   0.638943E-02   0.246372E+01   0.503661E+00
 0.312000E+00   0.148850E+01   0.638737E-02   0.246504E+01   0.503655E+00
 0.313000E+00   0.148841E+01   0.638531E-02   0.246637E+01   0.503650E+00
 0.314000E+00   0.148832E+01   0.638324E-02   0.246770E+01   0.503645E+00
 0.315000E+00   0.148823E+01   0.638116E-02   0.246905E+01   0.503640E+00
 0.316000E+00   0.148814E+01   0.637908E-02   0.247040E+01   0.503635E+00
 0.317000E+00   0.148805E+01   0.637699E-02   0.247176E+01   0.503629E+00
 0.318000E+00   0.148797E+01   0.637490E-02   0.247314E+01   0.503624E+00
 0.319000E+00   0.148788E+01   0.637279E-02   0.247452E+01   0.503619E+00
 0.320000E+00   0.148780E+01   0.637069E-02   0.247591E+01   0.503614E+00
 0.321000E+00   0.148771E+01   0.636857E-02   0.247732E+01   0.503608E+00
 0.322000E+00   0.148763E+01   0.636645E-02   0.247873E+01   0.503603E+00
 0.323000E+00   0.148755E+01   0.636432E-02   0.248016E+01   0.503598E+00
 0.324000E+00   0.148747E+01   0.636219E-02   0.248160E+01   0.503593E+00
 0.325000E+00   0.148739E+01   0.636005E-02   0.248305E+01   0.503587E+00
 0.326000E+00   0.148731E+01   0.635790E-02   0.248451E+01   0.503582E+00
 0.327000E+00   0.148723E+01   0.635575E-02   0.248598E+01   0.503577E+00
 0.328000E+00   0.148715E+01   0.635359E-02   0.248746E+01   0.503571E+00
 0.329000E+00   0.148708E+01   0.635143E-02   0.248896E+01   0.503566E+00
 0.330000E+00   0.148701E+01   0.634926E-02   0.249046E+01   0.503560E+00
 0.331000E+00   0.148694E+01   0.634708E-02   0.249198E+01   0.503555E+00
 0.332000E+00   0.148687E+01   0.634489E-02   0.249351E+01   0.503550E+00
 0.333000E+00   0.148680E+01   0.634270E-02   0.249506E+01   0.503544E+00
 0.334000E+00   0.148674E+01   0.634051E-02   0.249662E+01   0.503539E+00
 0.335000E+00   0.148667E+01   0.633830E-02   0.249819E+01   0.503533E+00
 0.336000E+00   0.148661E+01   0.633609E-02   0.249977E+01   0.503528E+00
 0.337000E+00   0.148655E+01   0.633388E-02   0.250137E+01   0.503522E+00
 0.338000E+00   0.148650E+01   0.633165E-02   0.250298E+01   0.503517E+00
 0.339000E+00   0.148645E+01   0.632943E-02   0.250460E+01   0.503511E+00
 0.340000E+00   0.148639E+01   0.632719E-02   0.250624E+01   0.503506E+00
 0.341000E+00   0.148635E+01   0.632495E-02   0.250789E+01   0.503500E+00
 0.342000E+00   0.148630E+01   0.632270E-02   0.250956E+01   0.503495E+00
 0.343000E+00   0.148626E+01   0.632045E-02   0.251124E+01   0.503489E+00
 0.344000E+00   0.148622E+01   0.631819E-02   0.251294E+01   0.503484E+00
 0.345000E+00   0.148618E+01   0.631592E-02   0.251465E+01   0.503478E+00
 0.346000E+00   0.148615E+01   0.631365E-02   0.251637E+01   0.503472E+00
 0.347000E+00   0.148611E+01   0.631137E-02   0.251811E+01   0.503467E+00
 0.348000E+00   0.148609E+01   0.630908E-02   0.251986E+01   0.503461E+00
 0.349000E+00   0.148606E+01   0.630679E-02   0.252163E+01   0.503455E+00
 0.350000E+00   0.148604E+01   0.630449E-02   0.252342E+01   0.503450E+00
 0.351000E+00   0.148602E+01   0.630219E-02   0.252522E+01   0.503444E+00
 0.352000E+00   0.148601E+01   0.629988E-02   0.252704E+01   0.503438E+00
 0.353000E+00   0.148600E+01   0.629756E-02   0.252887E+01   0.503433E+00
 0.354000E+00   0.148599E+01   0.629524E-02   0.253072E+01   0.503427E+00
 0.355000E+00   0.148598E+01   0.629291E-02   0.253258E+01   0.503421E+00
 0.356000E+00   0.148598E+01   0.629057E-02   0.253446E+01   0.503415E+00
 0.357000E+00   0.148599E+01   0.628823E-02   0.253636E+01   0.503410E+00
 0.358000E+00   0.148599E+01   0.628588E-02   0.253827E+01   0.503404E+00
 0.359000E+00   0.148600E+01   0.628353E-02   0.254020E+01   0.503398E+00
 0.360000E+00   0.148602E+01   0.628117E-02   0.254214E+01   0.503392E+00
 0.361000E+00   0.148604E+01   0.627880E-02   0.254410E+01   0.503387E+00
 0.362000E+00   0.148606E+01   0.627642E-02   0.254608E+01   0.503381E+00
 0.363000E+00   0.148608E+01   0.627404E-02   0.254808E+01   0.503375E+00
 0.364000E+00   0.148611E+01   0.627166E-02   0.255009E+01   0.503369E+00
 0.365000E+00   0.148615E+01   0.626927E-02   0.255212E+01   0.503363E+00
 0.366000E+00   0.148619E+01   0.626687E-02   0.255417E+01   0.503357E+00
 0.367000E+00   0.148623E+01   0.626446E-02   0.255623E+01   0.503352E+00
 0.368000E+00   0.148628E+01   0.626205E-02   0.255831E+01   0.503346E+00
 0.369000E+00   0.148633E+01   0.625963E-02   0.256041E+01   0.503340E+00
 0.370000E+00   0.148638E+01   0.625721E-02   0.256252E+01   0.503334E+00
 0.371000E+00   0.148644E+01   0.625478E-02   0.256466E+01   0.503328E+00
 0.372000E+00   0.148650E+01   0.625234E-02   0.256681E+01   0.503322E+00
 0.373000E+00   0.148657E+01   0.624990E-02   0.256897E+01   0.503316E+00
 0.374000E+00   0.148664E+01   0.624745E-02   0.257116E+01   0.503310E+00
 0.375000E+00   0.148672E+01   0.624500E-02   0.257336E+01   0.503304E+00
 0.376000E+00   0.148680E+01   0.624254E-02   0.257558E+01   0.503298E+00
 0.377000E+00   0.148688E+01   0.624007E-02   0.257782E+01   0.503292E+00
 0.378000E+00   0.148697E+01   0.623759E-02   0.258008E+01   0.503286E+00
 0.379000E+00   0.148707E+01   0.623511E-02   0.258235E+01   0.503280E+00
 0.380000E+00   0.148716E+01   0.623263E-02   0.258464E+01   0.503274E+00
 0.381000E+00   0.148726E+01   0.623014E-02   0.258695E+01   0.503268E+00
 0.382000E+00   0.148737E+01   0.622764E-02   0.258928E+01   0.503262E+00
 0.383000E+00   0.148748E+01   0.622513E-02   0.259163E+01   0.503256E+00
 0.384000E+00   0.148760E+01   0.622262E-02   0.259399E+01   0.503250E+00
 0.385000E+00   0.148772E+01   0.622010E-02   0.259637E+01   0.503243E+00
 0.386000E+00   0.148784E+01   0.621758E-02   0.259877E+01   0.503237E+00
 0.387000E+00   0.148797E+01   0.621505E-02   0.260119E+01   0.503231E+00
 0.388000E+00   0.148810E+01   0.621251E-02   0.260362E+01   0.503225E+00
 0.389000E+00   0.148823E+01   0.620997E-02   0.260608E+01   0.503219E+00
 0.390000E+00   0.148837E+01   0.620742E-02   0.260855E+01   0.503213E+00
 0.391000E+00   0.148852E+01   0.620487E-02   0.261104E+01   0.503207E+00
 0.392000E+00   0.148867E+01   0.620231E-02   0.261354E+01   0.503200E+00
 0.393000E+00   0.148882E+01   0.619974E-02   0.261607E+01   0.503194E+00
 0.394000E+00   0.148897E+01   0.619717E-02   0.261861E+01   0.503188E+00
 0.395000E+00   0.148913E+01   0.619459E-02   0.262117E+01   0.503182E+00
 0.396000E+00   0.148930E+01   0.619200E-02   0.262375E+01   0.503175E+00
 0.397000E+00   0.148947E+01   0.618941E-02   0.262635E+01   0.503169E+00
 0.398000E+00   0.148964E+01   0.618681E-02   0.262896E+01   0.503163E+00
 0.399000E+00   0.148981E+01   0.618421E-02   0.263160E+01   0.503157E+00
 0.400000E+00   0.148999E+01   0.618160E-02   0.263425E+01   0.503150E+00
 0.401000E+00   0.149018E+01   0.617898E-02   0.263692E+01   0.503144E+00
 0.402000E+00   0.149036E+01   0.617636E-02   0.263960E+01   0.503138E+00
 0.403000E+00   0.149055E+01   0.617373E-02   0.264230E+01   0.503131E+00
 0.404000E+00   0.149075E+01   0.617109E-02   0.264503E+01   0.503125E+00
 0.405000E+00   0.149095E+01   0.616845E-02   0.264777E+01   0.503119E+00
 0.406000E+00   0.149115E+01   0.616580E-02   0.265052E+01   0.503112E+00
 0.407000E+00   0.149135E+01   0.616315E-02   0.265330E+01   0.503106E+00
 0.408000E+00   0.149156E+01   0.616049E-02   0.265609E+01   0.503100E+00
 0.409000E+00   0.149177E+01   0.615782E-02   0.265890E+01   0.503093E+00
 0.410000E+00   0.149198E+01   0.615515E-02   0.266172E+01   0.503087E+00
 0.411000E+00   0.149220E+01   0.615247E-02   0.266457E+01   0.503080E+00
 0.412000E+00   0.149242E+01   0.614979E-02   0.266743E+01   0.503074E+00
 0.413000E+00   0.149264E+01   0.614710E-02   0.267031E+01   0.503067E+00
 0.414000E+00   0.149287E+01   0.614440E-02   0.267320E+01   0.503061E+00
 0.415000E+00   0.149310E+01   0.614170E-02   0.267611E+01   0.503055E+00
 0.416000E+00   0.149333E+01   0.613899E-02   0.267904E+01   0.503048E+00
 0.417000E+00   0.149356E+01   0.613628E-02   0.268199E+01   0.503042E+00
 0.418000E+00   0.149380E+01   0.613355E-02   0.268495E+01   0.503035E+00
 0.419000E+00   0.149404E+01   0.613083E-02   0.268793E+01   0.503029E+00
 0.420000E+00   0.149428E+01   0.612809E-02   0.269093E+01   0.503022E+00
 0.421000E+00   0.149452E+01   0.612535E-02   0.269394E+01   0.503016E+00
 0.422000E+00   0.149477E+01   0.612261E-02   0.269698E+01   0.503009E+00
 0.423000E+00   0.149502E+01   0.611986E-02   0.270002E+01   0.503002E+00
 0.424000E+00   0.149527E+01   0.611710E-02   0.270309E+01   0.502996E+00
 0.425000E+00   0.149552E+01   0.611433E-02   0.270617E+01   0.502989E+00
 0.426000E+00   0.149578E+01   0.611156E-02   0.270926E+01   0.502983E+00
 0.427000E+00   0.149603E+01   0.610879E-02   0.271238E+01   0.502976E+00
 0.428000E+00   0.149629E+01   0.610600E-02   0.271551E+01   0.502969E+00
 0.429000E+00   0.149655E+01   0.610322E-02   0.271865E+01   0.502963E+00
 0.430000E+00   0.149681E+01   0.610042E-02   0.272181E+01   0.502956E+00
 0.431000E+00   0.149708E+01   0.609762E-02   0.272499E+01   0.502950E+00
 0.432000E+00   0.149734E+01   0.609481E-02   0.272819E+01   0.502943E+00
 0.433000E+00   0.149761E+01   0.609200E-02   0.273139E+01   0.502936E+00
 0.434000E+00   0.149787E+01   0.608918E-02   0.273462E+01   0.502929E+00
 0.435000E+00   0.149814E+01   0.608636E-02   0.273786E+01   0.502923E+00
 0.436000E+00   0.149841E+01   0.608352E-02   0.274112E+01   0.502916E+00
 0.437000E+00   0.149869E+01   0.608069E-02   0.274439E+01   0.502909E+00
 0.438000E+00   0.149896E+01   0.607784E-02   0.274768E+01   0.502903E+00
 0.439000E+00   0.149923E+01   0.607499E-02   0.275098E+01   0.502896E+00
 0.440000E+00   0.149951E+01   0.607214E-02   0.275430E+01   0.502889E+00
 0.441000E+00   0.149978E+01   0.606928E-02   0.275763E+01   0.502882E+00
 0.442000E+00   0.150006E+01   0.606641E-02   0.276098E+01   0.502876E+00
 0.443000E+00   0.150034E+01   0.606354E-02   0.276435E+01   0.502869E+00
 0.444000E+00   0.150062E+01   0.606066E-02   0.276772E+01   0.502862E+00
 0.445000E+00   0.150090E+01   0.605777E-02   0.277112E+01   0.502855E+00
 0.446000E+00   0.150118E+01   0.605488E-02   0.277453E+01   0.502848E+00
 0.447000E+00   0.150146E+01   0.605198E-02   0.277795E+01   0.502842E+00
 0.448000E+00   0.150174E+01   0.604908E-02   0.278139E+01   0.502835E+00
 0.449000E+00   0.150202E+01   0.604617E-02   0.278484E+01   0.502828E+00
 0.450000E+00   0.150230E+01   0.604325E-02   0.278831E+01   0.502821E+00
 0.451000E+00   0.150258E+01   0.604033E-02   0.279179E+01   0.502814E+00
 0.452000E+00   0.150287E+01   0.603740E-02   0.279528E+01   0.502807E+00
 0.453000E+00   0.150315E+01   0.603446E-02   0.279879E+01   0.502800E+00
 0.454000E+00   0.150344E+01   0.603152E-02   0.280232E+01   0.502794E+00
 0.455000E+00   0.150372E+01   0.602858E-02   0.280585E+01   0.502787E+00
 0.456000E+00   0.150400E+01   0.602562E-02   0.280941E+01   0.502780E+00
 0.457000E+00   0.150429E+01   0.602267E-02   0.281297E+01   0.502773E+00
 0.458000E+00   0.150457E+01   0.601970E-02   0.281655E+01   0.502766E+00
 0.459000E+00   0.150486E+01   0.601673E-02   0.282014E+01   0.502759E+00
 0.460000E+00   0.150515E+01   0.601375E-02   0.282375E+01   0.502752E+00
 0.461000E+00   0.150543E+01   0.601077E-02   0.282737E+01   0.502745E+00
 0.462000E+00   0.150572E+01   0.600778E-02   0.283100E+01   0.502738E+00
 0.463000E+00   0.150601E+01   0.600479E-02   0.283465E+01   0.502731E+00
 0.464000E+00   0.150629E+01   0.600179E-02   0.283831E+01   0.502724E+00
 0.465000E+00   0.150658E+01   0.599878E-02   0.284198E+01   0.502717E+00
 0.466000E+00   0.150687E+01   0.599577E-02   0.284566E+01   0.502710E+00
 0.467000E+00   0.150715E+01   0.599275E-02   0.284936E+01   0.502703E+00
 0.468000E+00   0.150744E+01   0.598973E-02   0.285307E+01   0.502696E+00
 0.469000E+00   0.150773E+01   0.598670E-02   0.285680E+01   0.502689E+00
 0.470000E+00   0.150802E+01   0.598366E-02   0.286054E+01   0.502682E+00
 0.471000E+00   0.150830E+01   0.598062E-02   0.286428E+01   0.502675E+00
 0.472000E+00   0.150859E+01   0.597757E-02   0.286805E+01   0.502668E+00
 0.473000E+00   0.150888E+01   0.597451E-02   0.287182E+01   0.502660E+00
 0.474000E+00   0.150917E+01   0.597145E-02   0.287561E+01   0.502653E+00
 0.475000E+00   0.150946E+01   0.596839E-02   0.287941E+01   0.502646E+00
 0.476000E+00   0.150975E+01   0.596532E-02   0.288322E+01   0.502639E+00
 0.477000E+00   0.151004E+01   0.596224E-02   0.288704E+01   0.502632E+00
 0.478000E+00   0.151033E+01   0.595915E-02   0.289088E+01   0.502625E+00
 0.479000E+00   0.151062E+01   0.595606E-02   0.289472E+01   0.502618E+00
 0.480000E+00   0.151091E+01   0.595297E-02   0.289858E+01   0.502610E+00
 0.481000E+00   0.151120E+01   0.594986E-02   0.290245E+01   0.502603E+00
 0.482000E+00   0.151149E+01   0.594676E-02   0.290634E+01   0.502596E+00
 0.483000E+00   0.151178E+01   0.594364E-02   0.291023E+01   0.502589E+00
 0.484000E+00   0.151207E+01   0.594052E-02   0.291414E+01   0.502582E+00
 0.485000E+00   0.151236E+01   0.593740E-02   0.291805E+01   0.502575E+00
 0.486000E+00   0.151265E+01   0.593426E-02   0.292198E+01   0.502567E+00
 0.487000E+00   0.151294E+01   0.593113E-02   0.292592E+01   0.502560E+00
 0.488000E+00   0.151323E+01   0.592798E-02   0.292988E+01   0.502553E+00
 0.489000E+00   0.151353E+01   0.592483E-02   0.293384E+01   0.502546E+00
 0.490000E+00   0.151382E+01   0.592168E-02   0.293781E+01   0.502538E+00
 0.491000E+00   0.151411E+01   0.591852E-02   0.294180E+01   0.502531E+00
 0.492000E+00   0.151441E+01   0.591535E-02   0.294579E+01   0.502524E+00
 0.493000E+00   0.151470E+01   0.591217E-02   0.294980E+01   0.502516E+00
 0.494000E+00   0.151500E+01   0.590900E-02   0.295382E+01   0.502509E+00
 0.495000E+00   0.151529E+01   0.590581E-02   0.295785E+01   0.502502E+00
 0.496000E+00   0.151559E+01   0.590262E-02   0.296189E+01   0.502495E+00
 0.497000E+00   0.151588E+01   0.589942E-02   0.296594E+01   0.502487E+00
 0.498000E+00   0.151618E+01   0.589622E-02   0.297000E+01   0.502480E+00
 0.499000E+00   0.151648E+01   0.589301E-02   0.297407E+01   0.502473E+00
 0.500000E+00   0.151677E+01   0.588980E-02   0.297815E+01   0.502465E+00
 0.501000E+00   0.151707E+01   0.588658E-02   0.298225E+01   0.502458E+00
 0.502000E+00   0.151737E+01   0.588335E-02   0.298635E+01   0.502450E+00
 0.503000E+00   0.151767E+01   0.588012E-02   0.299046E+01   0.502443E+00
 0.504000E+00   0.151797E+01   0.587688E-02   0.299459E+01   0.502436E+00
 0.505000E+00   0.151827E+01   0.587363E-02   0.299872E+01   0.502428E+00
 0.506000E+00   0.151857E+01   0.587038E-02   0.300287E+01   0.502421E+00
 0.507000E+00   0.151888E+01   0.586713E-02   0.300702E+01   0.502413E+00
 0.508000E+00   0.151918E+01   0.586387E-02   0.301118E+01   0.502406E+00
 0.509000E+00   0.151948E+01   0.586060E-02   0.301536E+01   0.502399E+00
 0.510000E+00   0.151979E+01   0.585733E-02   0.301954E+01   0.502391E+00
 0.511000E+00   0.152009E+01   0.585405E-02   0.302373E+01   0.502384E+00
 0.512000E+00   0.152040E+01   0.585076E-02   0.302794E+01   0.502376E+00
 0.513000E+00   0.152071E+01   0.584747E-02   0.303215E+01   0.502369E+00
 0.514000E+00   0.152102E+01   0.584417E-02   0.303637E+01   0.502361E+00
 0.515000E+00   0.152132E+01   0.584087E-02   0.304060E+01   0.502354E+00
 0.516000E+00   0.152163E+01   0.583756E-02   0.304485E+01   0.502346E+00
 0.517000E+00   0.152194E+01   0.583425E-02   0.304910E+01   0.502339E+00
 0.518000E+00   0.152225E+01   0.583093E-02   0.305336E+01   0.502331E+00
 0.519000E+00   0.152257E+01   0.582760E-02   0.305763E+01   0.502324E+00
 0.520000E+00   0.152288E+01   0.582427E-02   0.306190E+01   0.502316E+00
 0.521000E+00   0.152319E+01   0.582093E-02   0.306619E+01   0.502309E+00
 0.522000E+00   0.152351E+01   0.581759E-02   0.307049E+01   0.502301E+00
 0.523000E+00   0.152382E+01   0.581424E-02   0.307479E+01   0.502293E+00
 0.524000E+00   0.152414E+01   0.581088E-02   0.307911E+01   0.502286E+00
 0.525000E+00   0.152446E+01   0.580752E-02   0.308343E+01   0.502278E+00
 0.526000E+00   0.152477E+01   0.580416E-02   0.308776E+01   0.502271E+00
 0.527000E+00   0.152509E+01   0.580078E-02   0.309210E+01   0.502263E+00
 0.528000E+00   0.152541E+01   0.579741E-02   0.309645E+01   0.502256E+00
 0.529000E+00   0.152573E+01   0.579402E-02   0.310080E+01   0.502248E+00
 0.530000E+00   0.152606E+01   0.579063E-02   0.310517E+01   0.502240E+00
 0.531000E+00   0.152638E+01   0.578724E-02   0.310954E+01   0.502233E+00
 0.532000E+00   0.152670E+01   0.578383E-02   0.311392E+01   0.502225E+00
 0.533000E+00   0.152702E+01   0.578043E-02   0.311831E+01   0.502217E+00
 0.534000E+00   0.152735E+01   0.577701E-02   0.312271E+01   0.502210E+00
 0.535000E+00   0.152767E+01   0.577360E-02   0.312712E+01   0.502202E+00
 0.536000E+00   0.152800E+01   0.577017E-02   0.313153E+01   0.502194E+00
 0.537000E+00   0.152833E+01   0.576674E-02   0.313595E+01   0.502187E+00
 0.538000E+00   0.152866E+01   0.576330E-02   0.314038E+01   0.502179E+00
 0.539000E+00   0.152898E+01   0.575986E-02   0.314482E+01   0.502171E+00
 0.540000E+00   0.152931E+01   0.575641E-02   0.314926E+01   0.502164E+00
 0.541000E+00   0.152964E+01   0.575296E-02   0.315371E+01   0.502156E+00
 0.542000E+00   0.152997E+01   0.574950E-02   0.315817E+01   0.502148E+00
 0.543000E+00   0.153031E+01   0.574604E-02   0.316263E+01   0.502141E+00
 0.544000E+00   0.153064E+01   0.574257E-02   0.316711E+01   0.502133E+00
 0.545000E+00   0.153097E+01   0.573909E-02   0.317159E+01   0.502125E+00
 0.546000E+00   0.153130E+01   0.573561E-02   0.317607E+01   0.502117E+00
 0.547000E+00   0.153164E+01   0.573212E-02   0.318057E+01   0.502110E+00
 0.548000E+00   0.153197E+01   0.572863E-02   0.318507E+01   0.502102E+00
 0.549000E+00   0.153230E+01   0.572513E-02   0.318958E+01   0.502094E+00
 0.550000E+00   0.153264E+01   0.572162E-02   0.319409E+01   0.502086E+00
 0.551000E+00   0.153297E+01   0.571811E-02   0.319861E+01   0.502078E+00
 0.552000E+00   0.153331E+01   0.571459E-02   0.320313E+01   0.502071E+00
 0.553000E+00   0.153364E+01   0.571107E-02   0.320767E+01   0.502063E+00
 0.554000E+00   0.153398E+01   0.570754E-02   0.321221E+01   0.502055E+00
 0.555000E+00   0.153432E+01   0.570401E-02   0.321675E+01   0.502047E+00
 0.556000E+00   0.153465E+01   0.570047E-02   0.322130E+01   0.502039E+00
 0.557000E+00   0.153499E+01   0.569693E-02   0.322586E+01   0.502032E+00
 0.558000E+00   0.153532E+01   0.569338E-02   0.323042E+01   0.502024E+00
 0.559000E+00   0.153566E+01   0.568982E-02   0.323499E+01   0.502016E+00
 0.560000E+00   0.153600E+01   0.568626E-02   0.323956E+01   0.502008E+00
 0.561000E+00   0.153633E+01   0.568269E-02   0.324414E+01   0.502000E+00
 0.562000E+00   0.153667E+01   0.567912E-02   0.324872E+01   0.501992E+00
 0.563000E+00   0.153701E+01   0.567554E-02   0.325331E+01   0.501984E+00
 0.564000E+00   0.153734E+01   0.567195E-02   0.325791E+01   0.501976E+00
 0.565000E+00   0.153768E+01   0.566836E-02   0.326251E+01   0.501969E+00
 0.566000E+00   0.153801E+01   0.566476E-02   0.326711E+01   0.501961E+00
 0.567000E+00   0.153835E+01   0.566116E-02   0.327172E+01   0.501953E+00
 0.568000E+00   0.153868E+01   0.565756E-02   0.327633E+01   0.501945E+00
 0.569000E+00   0.153902E+01   0.565394E-02   0.328095E+01   0.501937E+00
 0.570000E+00   0.153935E+01   0.565032E-02   0.328557E+01   0.501929E+00
 0.571000E+00   0.153969E+01   0.564670E-02   0.329020E+01   0.501921E+00
 0.572000E+00   0.154002E+01   0.564307E-02   0.329483E+01   0.501913E+00
 0.573000E+00   0.154035E+01   0.563943E-02   0.329946E+01   0.501905E+00
 0.574000E+00   0.154068E+01   0.563579E-02   0.330410E+01   0.501897E+00
 0.575000E+00   0.154101E+01   0.563214E-02   0.330874E+01   0.501889E+00
 0.576000E+00   0.154134E+01   0.562849E-02   0.331339E+01   0.501881E+00
 0.577000E+00   0.154167E+01   0.562483E-02   0.331804E+01   0.501873E+00
 0.578000E+00   0.154200E+01   0.562117E-02   0.332269E+01   0.501865E+00
 0.579000E+00   0.154233E+01   0.561750E-02   0.332734E+01   0.501857E+00
 0.580000E+00   0.154266E+01   0.561382E-02   0.333200E+01   0.501849E+00
 0.581000E+00   0.154298E+01   0.561014E-02   0.333666E+01   0.501841E+00
 0.582000E+00   0.154331E+01   0.560646E-02   0.334133E+01   0.501833E+00
 0.583000E+00   0.154363E+01   0.560277E-02   0.334600E+01   0.501825E+00
 0.584000E+00   0.154395E+01   0.559907E-02   0.335067E+01   0.501817E+00
 0.585000E+00   0.154427E+01   0.559536E-02   0.335534E+01   0.501809E+00
 0.586000E+00   0.154459E+01   0.559166E-02   0.336002E+01   0.501801E+00
 0.587000E+00   0.154491E+01   0.558794E-02   0.336469E+01   0.501793E+00
 0.588000E+00   0.154522E+01   0.558422E-02   0.336937E+01   0.501785E+00
 0.589000E+00   0.154554E+01   0.558050E-02   0.337405E+01   0.501777E+00
 0.590000E+00   0.154585E+01   0.557676E-02   0.337874E+01   0.501769E+00
 0.591000E+00   0.154616E+01   0.557303E-02   0.338342E+01   0.501761E+00
 0.592000E+00   0.154647E+01   0.556929E-02   0.338811E+01   0.501753E+00
 0.593000E+00   0.154678E+01   0.556554E-02   0.339280E+01   0.501745E+00
 0.594000E+00   0.154709E+01   0.556178E-02   0.339749E+01   0.501737E+00
 0.595000E+00   0.154739E+01   0.555802E-02   0.340219E+01   0.501729E+00
 0.596000E+00   0.154769E+01   0.555426E-02   0.340688E+01   0.501720E+00
 0.597000E+00   0.154799E+01   0.555049E-02   0.341157E+01   0.501712E+00
 0.598000E+00   0.154829E+01   0.554671E-02   0.341627E+01   0.501704E+00
 0.599000E+00   0.154859E+01   0.554293E-02   0.342097E+01   0.501696E+00
 0.600000E+00   0.154888E+01   0.553915E-02   0.342567E+01   0.501688E+00
 0.601000E+00   0.154917E+01   0.553535E-02   0.343037E+01   0.501680E+00
 0.602000E+00   0.154946E+01   0.553156E-02   0.343507E+01   0.501672E+00
 0.603000E+00   0.154975E+01   0.552775E-02   0.343977E+01   0.501664E+00
 0.604000E+00   0.155003E+01   0.552394E-02   0.344447E+01   0.501655E+00
 0.605000E+00   0.155032E+01   0.552013E-02   0.344917E+01   0.501647E+00
 0.606000E+00   0.155060E+01   0.551631E-02   0.345387E+01   0.501639E+00
 0.607000E+00   0.155087E+01   0.551248E-02   0.345858E+01   0.501631E+00
 0.608000E+00   0.155115E+01   0.550865E-02   0.346328E+01   0.501623E+00
 0.609000E+00   0.155142E+01   0.550482E-02   0.346798E+01   0.501615E+00
 0.610000E+00   0.155169E+01   0.550097E-02   0.347269E+01   0.501606E+00
 0.611000E+00   0.155195E+01   0.549713E-02   0.347739E+01   0.501598E+00
 0.612000E+00   0.155222E+01   0.549327E-02   0.348209E+01   0.501590E+00
 0.613000E+00   0.155248E+01   0.548942E-02   0.348680E+01   0.501582E+00
 0.614000E+00   0.155273E+01   0.548555E-02   0.349150E+01   0.501574E+00
 0.615000E+00   0.155299E+01   0.548168E-02   0.349620E+01   0.501565E+00
 0.616000E+00   0.155324E+01   0.547781E-02   0.350091E+01   0.501557E+00
 0.617000E+00   0.155349E+01   0.547393E-02   0.350561E+01   0.501549E+00
 0.618000E+00   0.155373E+01   0.547004E-02   0.351031E+01   0.501541E+00
 0.619000E+00   0.155397E+01   0.546615E-02   0.351501E+01   0.501532E+00
 0.620000E+00   0.155421E+01   0.546225E-02   0.351971E+01   0.501524E+00
 0.621000E+00   0.155445E+01   0.545835E-02   0.352442E+01   0.501516E+00
 0.622000E+00   0.155468E+01   0.545444E-02   0.352912E+01   0.501508E+00
 0.623000E+00   0.155491E+01   0.545053E-02   0.353382E+01   0.501499E+00
 0.624000E+00   0.155513E+01   0.544661E-02   0.353852E+01   0.501491E+00
 0.625000E+00   0.155535E+01   0.544269E-02   0.354321E+01   0.501483E+00
 0.626000E+00   0.155557E+01   0.543876E-02   0.354791E+01   0.501475E+00
 0.627000E+00   0.155579E+01   0.543482E-02   0.355261E+01   0.501466E+00
 0.628000E+00   0.155600E+01   0.543088E-02   0.355731E+01   0.501458E+00
 0.629000E+00   0.155620E+01   0.542694E-02   0.356200E+01   0.501450E+00
 0.630000E+00   0.155641E+01   0.542299E-02   0.356670E+01   0.501442E+00
 0.631000E+00   0.155661E+01   0.541903E-02   0.357139E+01   0.501433E+00
 0.632000E+00   0.155681E+01   0.541507E-02   0.357609E+01   0.501425E+00
 0.633000E+00   0.155700E+01   0.541110E-02   0.358078E+01   0.501417E+00
 0.634000E+00   0.155719E+01   0.540713E-02   0.358547E+01   0.501408E+00
 0.635000E+00   0.155737E+01   0.540315E-02   0.359016E+01   0.501400E+00
 0.636000E+00   0.155756E+01   0.539916E-02   0.359485E+01   0.501392E+00
 0.637000E+00   0.155773E+01   0.539517E-02   0.359954E+01   0.501383E+00
 0.638000E+00   0.155791E+01   0.539118E-02   0.360423E+01   0.501375E+00
 0.639000E+00   0.155808E+01   0.538718E-02   0.360892E+01   0.501367E+00
 0.640000E+00   0.155825E+01   0.538317E-02   0.361360E+01   0.501358E+00
 0.641000E+00   0.155841E+01   0.537916E-02   0.361829E+01   0.501350E+00
 0.642000E+00   0.155857E+01   0.537515E-02   0.362297E+01   0.501342E+00
 0.643000E+00   0.155873E+01   0.537113E-02   0.362766E+01   0.501333E+00
 0.644000E+00   0.155888E+01   0.536710E-02   0.363234E+01   0.501325E+00
 0.645000E+00   0.155903E+01   0.536307E-02   0.363703E+01   0.501316E+00
 0.646000E+00   0.155917E+01   0.535903E-02   0.364171E+01   0.501308E+00
 0.647000E+00   0.155931E+01   0.535499E-02   0.364639E+01   0.501300E+00
 0.648000E+00   0.155945E+01   0.535094E-02   0.365107E+01   0.501291E+00
 0.649000E+00   0.155958E+01   0.534689E-02   0.365575E+01   0.501283E+00
 0.650000E+00   0.155971E+01   0.534283E-02   0.366043E+01   0.501275E+00
 0.651000E+00   0.155984E+01   0.533876E-02   0.366511E+01   0.501266E+00
 0.652000E+00   0.155996E+01   0.533469E-02   0.366979E+01   0.501258E+00
 0.653000E+00   0.156008E+01   0.533062E-02   0.367446E+01   0.501249E+00
 0.654000E+00   0.156020E+01   0.532654E-02   0.367914E+01   0.501241E+00
 0.655000E+00   0.156031E+01   0.532245E-02   0.368382E+01   0.501233E+00
 0.656000E+00   0.156042E+01   0.531836E-02   0.368850E+01   0.501224E+00
 0.657000E+00   0.156052E+01   0.531426E-02   0.369317E+01   0.501216E+00
 0.658000E+00   0.156063E+01   0.531016E-02   0.369785E+01   0.501207E+00
 0.659000E+00   0.156072E+01   0.530606E-02   0.370252E+01   0.501199E+00
 0.660000E+00   0.156082E+01   0.530194E-02   0.370720E+01   0.501190E+00
 0.661000E+00   0.156091E+01   0.529783E-02   0.371188E+01   0.501182E+00
 0.662000E+00   0.156100E+01   0.529370E-02   0.371655E+01   0.501174E+00
 0.663000E+00   0.156108E+01   0.528958E-02   0.372123E+01   0.501165E+00
 0.664000E+00   0.156117E+01   0.528544E-02   0.372591E+01   0.501157E+00
 0.665000E+00   0.156124E+01   0.528130E-02   0.373058E+01   0.501148E+00
 0.666000E+00   0.156132E+01   0.527716E-02   0.373526E+01   0.501140E+00
 0.667000E+00   0.156139E+01   0.527301E-02   0.373994E+01   0.501131E+00
 0.668000E+00   0.156146E+01   0.526886E-02   0.374462E+01   0.501123E+00
 0.669000E+00   0.156153E+01   0.526470E-02   0.374929E+01   0.501114E+00
 0.670000E+00   0.156159E+01   0.526053E-02   0.375397E+01   0.501106E+00
 0.671000E+00   0.156165E+01   0.525636E-02   0.375865E+01   0.501097E+00
 0.672000E+00   0.156171E+01   0.525218E-02   0.376333E+01   0.501089E+00
 0.673000E+00   0.156177E+01   0.524800E-02   0.376802E+01   0.501080E+00
 0.674000E+00   0.156182E+01   0.524382E-02   0.377270E+01   0.501072E+00
 0.675000E+00   0.156187E+01   0.523963E-02   0.377738E+01   0.501063E+00
 0.676000E+00   0.156192E+01   0.523543E-02   0.378207E+01   0.501055E+00
 0.677000E+00   0.156196E+01   0.523123E-02   0.378676E+01   0.501046E+00
 0.678000E+00   0.156200E+01   0.522702E-02   0.379145E+01   0.501038E+00
 0.679000E+00   0.156205E+01   0.522281E-02   0.379614E+01   0.501029E+00
 0.680000E+00   0.156208E+01   0.521859E-02   0.380083E+01   0.501021E+00
 0.681000E+00   0.156212E+01   0.521437E-02   0.380552E+01   0.501012E+00
 0.682000E+00   0.156215E+01   0.521014E-02   0.381022E+01   0.501004E+00
 0.683000E+00   0.156218E+01   0.520591E-02   0.381491E+01   0.500995E+00
 0.684000E+00   0.156221E+01   0.520167E-02   0.381961E+01   0.500987E+00
 0.685000E+00   0.156224E+01   0.519743E-02   0.382432E+01   0.500978E+00
 0.686000E+00   0.156227E+01   0.519318E-02   0.382902E+01   0.500970E+00
 0.687000E+00   0.156229E+01   0.518892E-02   0.383373E+01   0.500961E+00
 0.688000E+00   0.156231E+01   0.518466E-02   0.383844E+01   0.500953E+00
 0.689000E+00   0.156233E+01   0.518040E-02   0.384315E+01   0.500944E+00
 0.690000E+00   0.156235E+01   0.517613E-02   0.384787E+01   0.500936E+00
 0.691000E+00   0.156237E+01   0.517186E-02   0.385259E+01   0.500927E+00
 0.692000E+00   0.156238E+01   0.516758E-02   0.385731E+01   0.500919E+00
 0.693000E+00   0.156240E+01   0.516329E-02   0.386203E+01   0.500910E+00
 0.694000E+00   0.156241E+01   0.515900E-02   0.386676E+01   0.500901E+00
 0.695000E+00   0.156242E+01   0.515471E-02   0.387149E+01   0.500893E+00
 0.696000E+00   0.156243E+01   0.515041E-02   0.387623E+01   0.500884E+00
 0.697000E+00   0.156244E+01   0.514610E-02   0.388097E+01   0.500876E+00
 0.698000E+00   0.156245E+01   0.514179E-02   0.388571E+01   0.500867E+00
 0.699000E+00   0.156246E+01   0.513747E-02   0.389046E+01   0.500859E+00
 0.700000E+00   0.156247E+01   0.513315E-02   0.389522E+01   0.500850E+00
 0.701000E+00   0.156247E+01   0.512883E-02   0.389997E+01   0.500842E+00
 0.702000E+00   0.156248E+01   0.512449E-02   0.390473E+01   0.500833E+00
 0.703000E+00   0.156248E+01   0.512016E-02   0.390950E+01   0.500824E+00
 0.704000E+00   0.156249E+01   0.511582E-02   0.391427E+01   0.500816E+00
 0.705000E+00   0.156249E+01   0.511147E-02   0.391905E+01   0.500807E+00
 0.706000E+00   0.156249E+01   0.510712E-02   0.392383E+01   0.500799E+00
 0.707000E+00   0.156249E+01   0.510276E-02   0.392862E+01   0.500790E+00
 0.708000E+00   0.156249E+01   0.509840E-02   0.393341E+01   0.500781E+00
 0.709000E+00   0.156250E+01   0.509403E-02   0.393821E+01   0.500773E+00
 0.710000E+00   0.156250E+01   0.508966E-02   0.394301E+01   0.500764E+00
 0.711000E+00   0.156250E+01   0.508528E-02   0.394782E+01   0.500756E+00
 0.712000E+00   0.156250E+01   0.508090E-02   0.395263E+01   0.500747E+00
 0.713000E+00   0.156250E+01   0.507651E-02   0.395746E+01   0.500738E+00
 0.714000E+00   0.156250E+01   0.507212E-02   0.396228E+01   0.500730E+00
 0.715000E+00   0.156250E+01   0.506772E-02   0.396712E+01   0.500721E+00
 0.716000E+00   0.156250E+01   0.506332E-02   0.397196E+01   0.500713E+00
 0.717000E+00   0.156251E+01   0.505891E-02   0.397681E+01   0.500704E+00
 0.718000E+00   0.156251E+01   0.505450E-02   0.398166E+01   0.500695E+00
 0.719000E+00   0.156251E+01   0.505008E-02   0.398652E+01   0.500687E+00
 0.720000E+00   0.156251E+01   0.504566E-02   0.399139E+01   0.500678E+00
 0.721000E+00   0.156251E+01   0.504123E-02   0.399627E+01   0.500670E+00
 0.722000E+00   0.156252E+01   0.503680E-02   0.400115E+01   0.500661E+00
 0.723000E+00   0.156252E+01   0.503236E-02   0.400604E+01   0.500652E+00
 0.724000E+00   0.156253E+01   0.502792E-02   0.401094E+01   0.500644E+00
 0.725000E+00   0.156253E+01   0.502347E-02   0.401585E+01   0.500635E+00
 0.726000E+00   0.156254E+01   0.501902E-02   0.402076E+01   0.500626E+00
 0.727000E+00   0.156254E+01   0.501456E-02   0.402568E+01   0.500618E+00
 0.728000E+00   0.156255E+01   0.501009E-02   0.403062E+01   0.500609E+00
 0.729000E+00   0.156256E+01   0.500563E-02   0.403556E+01   0.500601E+00
 0.730000E+00   0.156257E+01   0.500115E-02   0.404050E+01   0.500592E+00
 0.731000E+00   0.156258E+01   0.499668E-02   0.404546E+01   0.500583E+00
 0.732000E+00   0.156259E+01   0.499219E-02   0.405043E+01   0.500575E+00
 0.733000E+00   0.156260E+01   0.498770E-02   0.405540E+01   0.500566E+00
 0.734000E+00   0.156261E+01   0.498321E-02   0.406039E+01   0.500557E+00
 0.735000E+00   0.156262E+01   0.497871E-02   0.406538E+01   0.500549E+00
 0.736000E+00   0.156264E+01   0.497421E-02   0.407038E+01   0.500540E+00
 0.737000E+00   0.156265E+01   0.496970E-02   0.407539E+01   0.500531E+00
 0.738000E+00   0.156267E+01   0.496519E-02   0.408041E+01   0.500523E+00
 0.739000E+00   0.156269E+01   0.496067E-02   0.408545E+01   0.500514E+00
 0.740000E+00   0.156271E+01   0.495615E-02   0.409049E+01   0.500505E+00
 0.741000E+00   0.156273E+01   0.495162E-02   0.409554E+01   0.500497E+00
 0.742000E+00   0.156275E+01   0.494709E-02   0.410060E+01   0.500488E+00
 0.743000E+00   0.156277E+01   0.494255E-02   0.410567E+01   0.500480E+00
 0.744000E+00   0.156280E+01   0.493801E-02   0.411076E+01   0.500471E+00
 0.745000E+00   0.156282E+01   0.493346E-02   0.411585E+01   0.500462E+00
 0.746000E+00   0.156285E+01   0.492891E-02   0.412095E+01   0.500454E+00
 0.747000E+00   0.156288E+01   0.492435E-02   0.412607E+01   0.500445E+00
 0.748000E+00   0.156291E+01   0.491979E-02   0.413119E+01   0.500436E+00
 0.749000E+00   0.156294E+01   0.491522E-02   0.413633E+01   0.500428E+00
 0.750000E+00   0.156297E+01   0.491065E-02   0.414147E+01   0.500419E+00
 0.751000E+00   0.156300E+01   0.490607E-02   0.414663E+01   0.500410E+00
 0.752000E+00   0.156304E+01   0.490149E-02   0.415180E+01   0.500402E+00
 0.753000E+00   0.156307E+01   0.489690E-02   0.415699E+01   0.500393E+00
 0.754000E+00   0.156311E+01   0.489231E-02   0.416218E+01   0.500384E+00
 0.755000E+00   0.156315E+01   0.488771E-02   0.416738E+01   0.500376E+00
 0.756000E+00   0.156319E+01   0.488311E-02   0.417260E+01   0.500367E+00
 0.757000E+00   0.156323E+01   0.487850E-02   0.417783E+01   0.500358E+00
 0.758000E+00   0.156328E+01   0.487389E-02   0.418307E+01   0.500350E+00
 0.759000E+00   0.156332E+01   0.486928E-02   0.418832E+01   0.500341E+00
 0.760000E+00   0.156337E+01   0.486465E-02   0.419359E+01   0.500332E+00
 0.761000E+00   0.156342E+01   0.486003E-02   0.419887E+01   0.500324E+00
 0.762000E+00   0.156347E+01   0.485540E-02   0.420416E+01   0.500315E+00
 0.763000E+00   0.156352E+01   0.485076E-02   0.420946E+01   0.500306E+00
 0.764000E+00   0.156357E+01   0.484612E-02   0.421478E+01   0.500298E+00
 0.765000E+00   0.156363E+01   0.484148E-02   0.422010E+01   0.500289E+00
 0.766000E+00   0.156368E+01   0.483683E-02   0.422545E+01   0.500280E+00
 0.767000E+00   0.156374E+01   0.483217E-02   0.423080E+01   0.500272E+00
 0.768000E+00   0.156380E+01   0.482751E-02   0.423617E+01   0.500263E+00
 0.769000E+00   0.156386E+01   0.482285E-02   0.424155E+01   0.500254E+00
 0.770000E+00   0.156392E+01   0.481818E-02   0.424694E+01   0.500246E+00
 0.771000E+00   0.156399E+01   0.481350E-02   0.425235E+01   0.500237E+00
 0.772000E+00   0.156405E+01   0.480882E-02   0.425777E+01   0.500228E+00
 0.773000E+00   0.156412E+01   0.480414E-02   0.426321E+01   0.500220E+00
 0.774000E+00   0.156419E+01   0.479945E-02   0.426866E+01   0.500211E+00
 0.775000E+00   0.156426E+01   0.479476E-02   0.427412E+01   0.500202E+00
 0.776000E+00   0.156433E+01   0.479006E-02   0.427960E+01   0.500193E+00
 0.777000E+00   0.156440E+01   0.478535E-02   0.428509E+01   0.500185E+00
 0.778000E+00   0.156448E+01   0.478065E-02   0.429059E+01   0.500176E+00
 0.779000E+00   0.156455E+01   0.477593E-02   0.429611E+01   0.500167E+00
 0.780000E+00   0.156463E+01   0.477122E-02   0.430164E+01   0.500159E+00
 0.781000E+00   0.156471E+01   0.476649E-02   0.430719E+01   0.500150E+00
 0.782000E+00   0.156479E+01   0.476177E-02   0.431275E+01   0.500141E+00
 0.783000E+00   0.156487E+01   0.475703E-02   0.431833E+01   0.500133E+00
 0.784000E+00   0.156496E+01   0.475230E-02   0.432392E+01   0.500124E+00
 0.785000E+00   0.156504E+01   0.474756E-02   0.432953E+01   0.500115E+00
 0.786000E+00   0.156513E+01   0.474281E-02   0.433515E+01   0.500107E+00
 0.787000E+00   0.156522E+01   0.473806E-02   0.434078E+01   0.500098E+00
 0.788000E+00   0.156531E+01   0.473330E-02   0.434643E+01   0.500089E+00
 0.789000E+00   0.156540E+01   0.472854E-02   0.435210E+01   0.500081E+00
 0.790000E+00   0.156549E+01   0.472378E-02   0.435778E+01   0.500072E+00
 0.791000E+00   0.156559E+01   0.471901E-02   0.436348E+01   0.500063E+00
 0.792000E+00   0.156569E+01   0.471423E-02   0.436919E+01   0.500055E+00
 0.793000E+00   0.156578E+01   0.470945E-02   0.437491E+01   0.500046E+00
 0.794000E+00   0.156588E+01   0.470467E-02   0.438066E+01   0.500037E+00
 0.795000E+00   0.156599E+01   0.469988E-02   0.438641E+01   0.500029E+00
 0.796000E+00   0.156609E+01   0.469509E-02   0.439219E+01   0.500020E+00
 0.797000E+00   0.156619E+01   0.469029E-02   0.439797E+01   0.500011E+00
 0.798000E+00   0.156630E+01   0.468549E-02   0.440378E+01   0.500003E+00
 0.799000E+00   0.156641E+01   0.468068E-02   0.440960E+01   0.499994E+00
 0.800000E+00   0.156652E+01   0.467587E-02   0.441543E+01   0.499985E+00
 0.801000E+00   0.156663E+01   0.467105E-02   0.442129E+01   0.499977E+00
 0.802000E+00   0.156674E+01   0.466623E-02   0.442715E+01   0.499968E+00
 0.803000E+00   0.156686E+01   0.466140E-02   0.443304E+01   0.499959E+00
 0.804000E+00   0.156697E+01   0.465657E-02   0.443894E+01   0.499951E+00
 0.805000E+00   0.156709E+01   0.465174E-02   0.444485E+01   0.499942E+00
 0.806000E+00   0.156721E+01   0.464690E-02   0.445078E+01   0.499933E+00
 0.807000E+00   0.156734E+01   0.464205E-02   0.445673E+01   0.499925E+00
 0.808000E+00   0.156746E+01   0.463720E-02   0.446269E+01   0.499916E+00
 0.809000E+00   0.156759E+01   0.463235E-02   0.446867E+01   0.499907E+00
 0.810000E+00   0.156771E+01   0.462749E-02   0.447467E+01   0.499899E+00
 0.811000E+00   0.156784E+01   0.462263E-02   0.448068E+01   0.499890E+00
 0.812000E+00   0.156797E+01   0.461776E-02   0.448671E+01   0.499881E+00
 0.813000E+00   0.156811E+01   0.461289E-02   0.449276E+01   0.499873E+00
 0.814000E+00   0.156824E+01   0.460801E-02   0.449882E+01   0.499864E+00
 0.815000E+00   0.156838E+01   0.460313E-02   0.450490E+01   0.499855E+00
 0.816000E+00   0.156852E+01   0.459824E-02   0.451100E+01   0.499847E+00
 0.817000E+00   0.156866E+01   0.459335E-02   0.451711E+01   0.499838E+00
 0.818000E+00   0.156881E+01   0.458846E-02   0.452324E+01   0.499829E+00
 0.819000E+00   0.156895E+01   0.458356E-02   0.452938E+01   0.499821E+00
 0.820000E+00   0.156910E+01   0.457865E-02   0.453554E+01   0.499812E+00
 0.821000E+00   0.156925E+01   0.457374E-02   0.454172E+01   0.499804E+00
 0.822000E+00   0.156940E+01   0.456883E-02   0.454792E+01   0.499795E+00
 0.823000E+00   0.156955E+01   0.456391E-02   0.455413E+01   0.499786E+00
 0.824000E+00   0.156971E+01   0.455899E-02   0.456036E+01   0.499778E+00
 0.825000E+00   0.156987E+01   0.455406E-02   0.456661E+01   0.499769E+00
 0.826000E+00   0.157003E+01   0.454913E-02   0.457287E+01   0.499760E+00
 0.827000E+00   0.157019E+01   0.454419E-02   0.457915E+01   0.499752E+00
 0.828000E+00   0.157036E+01   0.453925E-02   0.458545E+01   0.499743E+00
 0.829000E+00   0.157052E+01   0.453430E-02   0.459176E+01   0.499734E+00
 0.830000E+00   0.157069E+01   0.452935E-02   0.459810E+01   0.499726E+00
 0.831000E+00   0.157087E+01   0.452440E-02   0.460444E+01   0.499717E+00
 0.832000E+00   0.157104E+01   0.451944E-02   0.461081E+01   0.499709E+00
 0.833000E+00   0.157122E+01   0.451447E-02   0.461719E+01   0.499700E+00
 0.834000E+00   0.157140E+01   0.450951E-02   0.462359E+01   0.499691E+00
 0.835000E+00   0.157158E+01   0.450453E-02   0.463001E+01   0.499683E+00
 0.836000E+00   0.157176E+01   0.449956E-02   0.463644E+01   0.499674E+00
 0.837000E+00   0.157195E+01   0.449457E-02   0.464290E+01   0.499665E+00
 0.838000E+00   0.157214E+01   0.448959E-02   0.464937E+01   0.499657E+00
 0.839000E+00   0.157233E+01   0.448460E-02   0.465585E+01   0.499648E+00
 0.840000E+00   0.157253E+01   0.447960E-02   0.466236E+01   0.499640E+00
 0.841000E+00   0.157272E+01   0.447460E-02   0.466888E+01   0.499631E+00
 0.842000E+00   0.157292E+01   0.446960E-02   0.467541E+01   0.499622E+00
 0.843000E+00   0.157312E+01   0.446459E-02   0.468197E+01   0.499614E+00
 0.844000E+00   0.157333E+01   0.445957E-02   0.468854E+01   0.499605E+00
 0.845000E+00   0.157354E+01   0.445456E-02   0.469513E+01   0.499597E+00
 0.846000E+00   0.157375E+01   0.444954E-02   0.470174E+01   0.499588E+00
 0.847000E+00   0.157396E+01   0.444451E-02   0.470836E+01   0.499579E+00
 0.848000E+00   0.157418E+01   0.443948E-02   0.471500E+01   0.499571E+00
 0.849000E+00   0.157440E+01   0.443444E-02   0.472166E+01   0.499562E+00
 0.850000E+00   0.157462E+01   0.442940E-02   0.472834E+01   0.499554E+00
 0.851000E+00   0.157484E+01   0.442436E-02   0.473503E+01   0.499545E+00
 0.852000E+00   0.157507E+01   0.441931E-02   0.474174E+01   0.499536E+00
 0.853000E+00   0.157530E+01   0.441426E-02   0.474847E+01   0.499528E+00
 0.854000E+00   0.157553E+01   0.440920E-02   0.475522E+01   0.499519E+00
 0.855000E+00   0.157577E+01   0.440414E-02   0.476198E+01   0.499511E+00
 0.856000E+00   0.157601E+01   0.439907E-02   0.476876E+01   0.499502E+00
 0.857000E+00   0.157625E+01   0.439400E-02   0.477555E+01   0.499494E+00
 0.858000E+00   0.157649E+01   0.438892E-02   0.478237E+01   0.499485E+00
 0.859000E+00   0.157674E+01   0.438384E-02   0.478920E+01   0.499476E+00
 0.860000E+00   0.157699E+01   0.437876E-02   0.479604E+01   0.499468E+00
 0.861000E+00   0.157725E+01   0.437367E-02   0.480291E+01   0.499459E+00
 0.862000E+00   0.157750E+01   0.436858E-02   0.480979E+01   0.499451E+00
 0.863000E+00   0.157776E+01   0.436348E-02   0.481669E+01   0.499442E+00
 0.864000E+00   0.157802E+01   0.435838E-02   0.482360E+01   0.499434E+00
 0.865000E+00   0.157829E+01   0.435327E-02   0.483053E+01   0.499425E+00
 0.866000E+00   0.157856E+01   0.434816E-02   0.483748E+01   0.499417E+00
 0.867000E+00   0.157883E+01   0.434305E-02   0.484445E+01   0.499408E+00
 0.868000E+00   0.157911E+01   0.433793E-02   0.485143E+01   0.499399E+00
 0.869000E+00   0.157938E+01   0.433281E-02   0.485843E+01   0.499391E+00
 0.870000E+00   0.157966E+01   0.432768E-02   0.486544E+01   0.499382E+00
 0.871000E+00   0.157995E+01   0.432255E-02   0.487247E+01   0.499374E+00
 0.872000E+00   0.158024E+01   0.431741E-02   0.487952E+01   0.499365E+00
 0.873000E+00   0.158053E+01   0.431227E-02   0.488659E+01   0.499357E+00
 0.874000E+00   0.158082E+01   0.430713E-02   0.489367E+01   0.499348E+00
 0.875000E+00   0.158111E+01   0.430198E-02   0.490076E+01   0.499340E+00
 0.876000E+00   0.158141E+01   0.429682E-02   0.490788E+01   0.499331E+00
 0.877000E+00   0.158172E+01   0.429167E-02   0.491500E+01   0.499323E+00
 0.878000E+00   0.158202E+01   0.428650E-02   0.492215E+01   0.499314E+00
 0.879000E+00   0.158233E+01   0.428134E-02   0.492931E+01   0.499306E+00
 0.880000E+00   0.158264E+01   0.427617E-02   0.493648E+01   0.499297E+00
 0.881000E+00   0.158296E+01   0.427099E-02   0.494368E+01   0.499289E+00
 0.882000E+00   0.158327E+01   0.426581E-02   0.495088E+01   0.499280E+00
 0.883000E+00   0.158359E+01   0.426063E-02   0.495811E+01   0.499272E+00
 0.884000E+00   0.158392E+01   0.425544E-02   0.496534E+01   0.499263E+00
 0.885000E+00   0.158424E+01   0.425025E-02   0.497260E+01   0.499255E+00
 0.886000E+00   0.158457E+01   0.424505E-02   0.497987E+01   0.499246E+00
 0.887000E+00   0.158491E+01   0.423985E-02   0.498715E+01   0.499238E+00
 0.888000E+00   0.158524E+01   0.423465E-02   0.499445E+01   0.499229E+00
 0.889000E+00   0.158558E+01   0.422944E-02   0.500176E+01   0.499221E+00
 0.890000E+00   0.158592E+01   0.422423E-02   0.500909E+01   0.499212E+00
 0.891000E+00   0.158626E+01   0.421901E-02   0.501643E+01   0.499204E+00
 0.892000E+00   0.158661E+01   0.421379E-02   0.502379E+01   0.499196E+00
 0.893000E+00   0.158696E+01   0.420856E-02   0.503116E+01   0.499187E+00
 0.894000E+00   0.158731E+01   0.420333E-02   0.503855E+01   0.499179E+00
 0.895000E+00   0.158767E+01   0.419810E-02   0.504595E+01   0.499170E+00
 0.896000E+00   0.158802E+01   0.419286E-02   0.505336E+01   0.499162E+00
 0.897000E+00   0.158838E+01   0.418762E-02   0.506079E+01   0.499153E+00
 0.898000E+00   0.158875E+01   0.418237E-02   0.506823E+01   0.499145E+00
 0.899000E+00   0.158911E+01   0.417712E-02   0.507568E+01   0.499136E+00
 0.900000E+00   0.158948E+01   0.417186E-02   0.508315E+01   0.499128E+00
 0.901000E+00   0.158985E+01   0.416661E-02   0.509063E+01   0.499120E+00
 0.902000E+00   0.159022E+01   0.416134E-02   0.509813E+01   0.499111E+00
 0.903000E+00   0.159060E+01   0.415607E-02   0.510564E+01   0.499103E+00
 0.904000E+00   0.159097E+01   0.415080E-02   0.511316E+01   0.499094E+00
 0.905000E+00   0.159135E+01   0.414553E-02   0.512069E+01   0.499086E+00
 0.906000E+00   0.159174E+01   0.414025E-02   0.512823E+01   0.499078E+00
 0.907000E+00   0.159212E+01   0.413496E-02   0.513579E+01   0.499069E+00
 0.908000E+00   0.159251E+01   0.412967E-02   0.514336E+01   0.499061E+00
 0.909000E+00   0.159289E+01   0.412438E-02   0.515094E+01   0.499052E+00
 0.910000E+00   0.159329E+01   0.411909E-02   0.515854E+01   0.499044E+00
 0.911000E+00   0.159368E+01   0.411378E-02   0.516614E+01   0.499036E+00
 0.912000E+00   0.159407E+01   0.410848E-02   0.517376E+01   0.499027E+00
 0.913000E+00   0.159447E+01   0.410317E-02   0.518139E+01   0.499019E+00
 0.914000E+00   0.159487E+01   0.409786E-02   0.518903E+01   0.499011E+00
 0.915000E+00   0.159526E+01   0.409254E-02   0.519668E+01   0.499002E+00
 0.916000E+00   0.159567E+01   0.408722E-02   0.520434E+01   0.498994E+00
 0.917000E+00   0.159607E+01   0.408189E-02   0.521201E+01   0.498986E+00
 0.918000E+00   0.159647E+01   0.407656E-02   0.521969E+01   0.498977E+00
 0.919000E+00   0.159688E+01   0.407123E-02   0.522739E+01   0.498969E+00
 0.920000E+00   0.159729E+01   0.406589E-02   0.523509E+01   0.498961E+00
 0.921000E+00   0.159769E+01   0.406055E-02   0.524280E+01   0.498952E+00
 0.922000E+00   0.159810E+01   0.405521E-02   0.525052E+01   0.498944E+00
 0.923000E+00   0.159851E+01   0.404986E-02   0.525826E+01   0.498936E+00
 0.924000E+00   0.159893E+01   0.404450E-02   0.526600E+01   0.498927E+00
 0.925000E+00   0.159934E+01   0.403914E-02   0.527375E+01   0.498919E+00
 0.926000E+00   0.159975E+01   0.403378E-02   0.528151E+01   0.498911E+00
 0.927000E+00   0.160017E+01   0.402842E-02   0.528927E+01   0.498902E+00
 0.928000E+00   0.160058E+01   0.402305E-02   0.529705E+01   0.498894E+00
 0.929000E+00   0.160100E+01   0.401767E-02   0.530484E+01   0.498886E+00
 0.930000E+00   0.160141E+01   0.401229E-02   0.531263E+01   0.498878E+00
 0.931000E+00   0.160183E+01   0.400691E-02   0.532043E+01   0.498869E+00
 0.932000E+00   0.160225E+01   0.400153E-02   0.532824E+01   0.498861E+00
 0.933000E+00   0.160266E+01   0.399614E-02   0.533606E+01   0.498853E+00
 0.934000E+00   0.160308E+01   0.399074E-02   0.534388E+01   0.498844E+00
 0.935000E+00   0.160350E+01   0.398535E-02   0.535171E+01   0.498836E+00
 0.936000E+00   0.160392E+01   0.397994E-02   0.535955E+01   0.498828E+00
 0.937000E+00   0.160434E+01   0.397454E-02   0.536739E+01   0.498820E+00
 0.938000E+00   0.160475E+01   0.396913E-02   0.537525E+01   0.498811E+00
 0.939000E+00   0.160517E+01   0.396371E-02   0.538310E+01   0.498803E+00
 0.940000E+00   0.160559E+01   0.395830E-02   0.539097E+01   0.498795E+00
 0.941000E+00   0.160600E+01   0.395287E-02   0.539884E+01   0.498787E+00
 0.942000E+00   0.160642E+01   0.394745E-02   0.540671E+01   0.498779E+00
 0.943000E+00   0.160684E+01   0.394202E-02   0.541460E+01   0.498770E+00
 0.944000E+00   0.160725E+01   0.393658E-02   0.542248E+01   0.498762E+00
 0.945000E+00   0.160767E+01   0.393115E-02   0.543038E+01   0.498754E+00
 0.946000E+00   0.160808E+01   0.392571E-02   0.543827E+01   0.498746E+00
 0.947000E+00   0.160849E+01   0.392026E-02   0.544617E+01   0.498738E+00
 0.948000E+00   0.160890E+01   0.391481E-02   0.545408E+01   0.498729E+00
 0.949000E+00   0.160931E+01   0.390936E-02   0.546199E+01   0.498721E+00
 0.950000E+00   0.160972E+01   0.390390E-02   0.546991E+01   0.498713E+00
 0.951000E+00   0.161013E+01   0.389844E-02   0.547783E+01   0.498705E+00
 0.952000E+00   0.161054E+01   0.389297E-02   0.548575E+01   0.498697E+00
 0.953000E+00   0.161094E+01   0.388751E-02   0.549368E+01   0.498689E+00
 0.954000E+00   0.161134E+01   0.388203E-02   0.550161E+01   0.498680E+00
 0.955000E+00   0.161174E+01   0.387656E-02   0.550954E+01   0.498672E+00
 0.956000E+00   0.161214E+01   0.387108E-02   0.551748E+01   0.498664E+00
 0.957000E+00   0.161254E+01   0.386559E-02   0.552542E+01   0.498656E+00
 0.958000E+00   0.161294E+01   0.386010E-02   0.553337E+01   0.498648E+00
 0.959000E+00   0.161333E+01   0.385461E-02   0.554131E+01   0.498640E+00
 0.960000E+00   0.161372E+01   0.384911E-02   0.554926E+01   0.498632E+00
 0.961000E+00   0.161411E+01   0.384361E-02   0.555721E+01   0.498624E+00
 0.962000E+00   0.161450E+01   0.383811E-02   0.556516E+01   0.498615E+00
 0.963000E+00   0.161488E+01   0.383260E-02   0.557312E+01   0.498607E+00
 0.964000E+00   0.161526E+01   0.382709E-02   0.558107E+01   0.498599E+00
 0.965000E+00   0.161564E+01   0.382158E-02   0.558903E+01   0.498591E+00
 0.966000E+00   0.161602E+01   0.381606E-02   0.559699E+01   0.498583E+00
 0.967000E+00   0.161640E+01   0.381053E-02   0.560495E+01   0.498575E+00
 0.968000E+00   0.161677E+01   0.380501E-02   0.561291E+01   0.498567E+00
 0.969000E+00   0.161713E+01   0.379948E-02   0.562088E+01   0.498559E+00
 0.970000E+00   0.161750E+01   0.379394E-02   0.562884E+01   0.498551E+00
 0.971000E+00   0.161786E+01   0.378841E-02   0.563680E+01   0.498543E+00
 0.972000E+00   0.161822E+01   0.378286E-02   0.564477E+01   0.498535E+00
 0.973000E+00   0.161858E+01   0.377732E-02   0.565273E+01   0.498527E+00
 0.974000E+00   0.161893E+01   0.377177E-02   0.566070E+01   0.498519E+00
 0.975000E+00   0.161928E+01   0.376622E-02   0.566866E+01   0.498511E+00
 0.976000E+00   0.161963E+01   0.376066E-02   0.567662E+01   0.498503E+00
 0.977000E+00   0.161997E+01   0.375510E-02   0.568459E+01   0.498495E+00
 0.978000E+00   0.162031E+01   0.374953E-02   0.569255E+01   0.498487E+00
 0.979000E+00   0.162064E+01   0.374397E-02   0.570052E+01   0.498479E+00
 0.980000E+00   0.162098E+01   0.373839E-02   0.570848E+01   0.498471E+00
 0.981000E+00   0.162130E+01   0.373282E-02   0.571644E+01   0.498463E+00
 0.982000E+00   0.162163E+01   0.372724E-02   0.572440E+01   0.498455E+00
 0.983000E+00   0.162195E+01   0.372166E-02   0.573236E+01   0.498447E+00
 0.984000E+00   0.162227E+01   0.371607E-02   0.574032E+01   0.498439E+00
 0.985000E+00   0.162258E+01   0.371048E-02   0.574828E+01   0.498431E+00
 0.986000E+00   0.162289E+01   0.370488E-02   0.575623E+01   0.498423E+00
 0.987000E+00   0.162320E+01   0.369929E-02   0.576418E+01   0.498415E+00
 0.988000E+00   0.162350E+01   0.369368E-02   0.577214E+01   0.498407E+00
 0.989000E+00   0.162379E+01   0.368808E-02   0.578009E+01   0.498399E+00
 0.990000E+00   0.162409E+01   0.368247E-02   0.578804E+01   0.498391E+00
 0.991000E+00   0.162438E+01   0.367686E-02   0.579598E+01   0.498383E+00
 0.992000E+00   0.162466E+01   0.367124E-02   0.580393E+01   0.498376E+00
 0.993000E+00   0.162494E+01   0.366562E-02   0.581187E+01   0.498368E+00
 0.994000E+00   0.162522E+01   0.366000E-02   0.581981E+01   0.498360E+00
 0.995000E+00   0.162549E+01   0.365437E-02   0.582775E+01   0.498352E+00
 0.996000E+00   0.162576E+01   0.364874E-02   0.583568E+01   0.498344E+00
 0.997000E+00   0.162602E+01   0.364310E-02   0.584362E+01   0.498336E+00
 0.998000E+00   0.162628E+01   0.363747E-02   0.585155E+01   0.498328E+00
 0.999000E+00   0.162654E+01   0.363182E-02   0.585947E+01   0.498320E+00
 0.100000E+01   0.162679E+01   0.362618E-02   0.586740E+01   0.498313E+00
