 0.1000000E+02  0.1428871E-01  0.4363820E-04  0.1637085E-01  0.3070319E-01
 0.2000000E+02  0.1430246E-01  0.1573625E-03  0.1624472E-01  0.3070454E-01
 0.3000000E+02  0.1432526E-01  0.3452655E-03  0.1603921E-01  0.3070973E-01
 0.4000000E+02  0.1435675E-01  0.6029153E-03  0.1576086E-01  0.3072053E-01
 0.5000000E+02  0.1439753E-01  0.9192455E-03  0.1541804E-01  0.3073482E-01
 0.6000000E+02  0.1444735E-01  0.1280319E-02  0.1502057E-01  0.3074824E-01
 0.7000000E+02  0.1450548E-01  0.1678122E-02  0.1457875E-01  0.3076236E-01
 0.8000000E+02  0.1457308E-01  0.2105621E-02  0.1410294E-01  0.3078164E-01
 0.9000000E+02  0.1464802E-01  0.2544450E-02  0.1360313E-01  0.3079560E-01
 0.1000000E+03  0.1473101E-01  0.2999180E-02  0.1308856E-01  0.3081876E-01
 0.1100000E+03  0.1482332E-01  0.3446210E-02  0.1256733E-01  0.3083686E-01
 0.1200000E+03  0.1492263E-01  0.3880382E-02  0.1204644E-01  0.3084945E-01
 0.1300000E+03  0.1503076E-01  0.4302313E-02  0.1153177E-01  0.3086484E-01
 0.1400000E+03  0.1514559E-01  0.4702982E-02  0.1102798E-01  0.3087654E-01
 0.1500000E+03  0.1526754E-01  0.5088593E-02  0.1053867E-01  0.3089481E-01
 0.1600000E+03  0.1539743E-01  0.5443361E-02  0.1006662E-01  0.3090741E-01
 0.1700000E+03  0.1553313E-01  0.5770362E-02  0.9613738E-02  0.3091723E-01
 0.1800000E+03  0.1567545E-01  0.6074042E-02  0.9181254E-02  0.3093074E-01
 0.1900000E+03  0.1582336E-01  0.6346313E-02  0.8769798E-02  0.3093948E-01
 0.2000000E+03  0.1597724E-01  0.6595419E-02  0.8379671E-02  0.3095233E-01
 0.2100000E+03  0.1613660E-01  0.6811920E-02  0.8010755E-02  0.3095927E-01
 0.2200000E+03  0.1630033E-01  0.7000952E-02  0.7662624E-02  0.3096391E-01
 0.2300000E+03  0.1646838E-01  0.7168573E-02  0.7334752E-02  0.3097171E-01
 0.2400000E+03  0.1664017E-01  0.7312684E-02  0.7026371E-02  0.3097923E-01
 0.2500000E+03  0.1681535E-01  0.7433910E-02  0.6736736E-02  0.3098600E-01
 0.2600000E+03  0.1699241E-01  0.7535707E-02  0.6464952E-02  0.3099307E-01
 0.2700000E+03  0.1717190E-01  0.7622309E-02  0.6210153E-02  0.3100437E-01
 0.2800000E+03  0.1735306E-01  0.7687451E-02  0.5971427E-02  0.3101193E-01
 0.2900000E+03  0.1753596E-01  0.7731212E-02  0.5747878E-02  0.3101505E-01
 0.3000000E+03  0.1771870E-01  0.7762363E-02  0.5538643E-02  0.3101971E-01
 0.3100000E+03  0.1790238E-01  0.7779589E-02  0.5342882E-02  0.3102485E-01
 0.3200000E+03  0.1808524E-01  0.7782870E-02  0.5159812E-02  0.3102793E-01
 0.3300000E+03  0.1826727E-01  0.7776467E-02  0.4988663E-02  0.3103240E-01
 0.3400000E+03  0.1844684E-01  0.7758351E-02  0.4828707E-02  0.3103390E-01
 0.3500000E+03  0.1862587E-01  0.7733360E-02  0.4679253E-02  0.3103848E-01
 0.3600000E+03  0.1880165E-01  0.7702347E-02  0.4539715E-02  0.3104371E-01
 0.3700000E+03  0.1897372E-01  0.7660513E-02  0.4409502E-02  0.3104374E-01
 0.3800000E+03  0.1914231E-01  0.7617608E-02  0.4288085E-02  0.3104800E-01
 0.3900000E+03  0.1930747E-01  0.7571582E-02  0.4174976E-02  0.3105403E-01
 0.4000000E+03  0.1946714E-01  0.7519152E-02  0.4069697E-02  0.3105599E-01
 0.4100000E+03  0.1962125E-01  0.7464909E-02  0.3971771E-02  0.3105793E-01
 0.4200000E+03  0.1977096E-01  0.7417245E-02  0.3880838E-02  0.3106904E-01
 0.4300000E+03  0.1991396E-01  0.7359540E-02  0.3796507E-02  0.3107001E-01
 0.4400000E+03  0.2005205E-01  0.7307661E-02  0.3718461E-02  0.3107817E-01
 0.4500000E+03  0.2018303E-01  0.7253381E-02  0.3646347E-02  0.3108276E-01
 0.4600000E+03  0.2030846E-01  0.7203762E-02  0.3579926E-02  0.3109215E-01
 0.4700000E+03  0.2042842E-01  0.7148975E-02  0.3518960E-02  0.3109635E-01
 0.4800000E+03  0.2054022E-01  0.7095693E-02  0.3463150E-02  0.3109907E-01
 0.4900000E+03  0.2064508E-01  0.7053111E-02  0.3412337E-02  0.3111053E-01
 0.5000000E+03  0.2074427E-01  0.7007587E-02  0.3366290E-02  0.3111815E-01
 0.5100000E+03  0.2083525E-01  0.6958113E-02  0.3324847E-02  0.3111821E-01
 0.5200000E+03  0.2091990E-01  0.6914499E-02  0.3287839E-02  0.3112224E-01
 0.5300000E+03  0.2099755E-01  0.6871400E-02  0.3255137E-02  0.3112409E-01
 0.5400000E+03  0.2106768E-01  0.6831140E-02  0.3226599E-02  0.3112542E-01
 0.5500000E+03  0.2112997E-01  0.6800041E-02  0.3202145E-02  0.3113216E-01
 0.5600000E+03  0.2118519E-01  0.6775800E-02  0.3181621E-02  0.3114261E-01
 0.5700000E+03  0.2123461E-01  0.6745511E-02  0.3164977E-02  0.3114510E-01
 0.5800000E+03  0.2127785E-01  0.6715709E-02  0.3152079E-02  0.3114564E-01
 0.5900000E+03  0.2131275E-01  0.6691999E-02  0.3142853E-02  0.3114761E-01
 0.6000000E+03  0.2134312E-01  0.6673568E-02  0.3137318E-02  0.3115401E-01
 0.6100000E+03  0.2136722E-01  0.6658491E-02  0.3135361E-02  0.3116107E-01
 0.6200000E+03  0.2138616E-01  0.6641228E-02  0.3136894E-02  0.3116428E-01
 0.6300000E+03  0.2139944E-01  0.6625320E-02  0.3141881E-02  0.3116664E-01
 0.6400000E+03  0.2140848E-01  0.6608874E-02  0.3150219E-02  0.3116757E-01
 0.6500000E+03  0.2141146E-01  0.6593650E-02  0.3161854E-02  0.3116696E-01
 0.6600000E+03  0.2140995E-01  0.6582531E-02  0.3176718E-02  0.3116920E-01
 0.6700000E+03  0.2140419E-01  0.6570235E-02  0.3194717E-02  0.3116914E-01
 0.6800000E+03  0.2139371E-01  0.6562002E-02  0.3215755E-02  0.3117147E-01
 0.6900000E+03  0.2137980E-01  0.6549986E-02  0.3239761E-02  0.3116955E-01
 0.7000000E+03  0.2136219E-01  0.6541209E-02  0.3266560E-02  0.3116995E-01
 0.7100000E+03  0.2134066E-01  0.6533251E-02  0.3296030E-02  0.3116994E-01
 0.7200000E+03  0.2131703E-01  0.6530662E-02  0.3328001E-02  0.3117569E-01
 0.7300000E+03  0.2129016E-01  0.6525368E-02  0.3362373E-02  0.3117790E-01
 0.7400000E+03  0.2125949E-01  0.6519389E-02  0.3398824E-02  0.3117770E-01
 0.7500000E+03  0.2122804E-01  0.6515156E-02  0.3437162E-02  0.3118036E-01
 0.7600000E+03  0.2119382E-01  0.6504976E-02  0.3477076E-02  0.3117587E-01
 0.7700000E+03  0.2115848E-01  0.6499844E-02  0.3518181E-02  0.3117651E-01
 0.7800000E+03  0.2112144E-01  0.6492944E-02  0.3560134E-02  0.3117452E-01
 0.7900000E+03  0.2108203E-01  0.6487380E-02  0.3602561E-02  0.3117197E-01
 0.8000000E+03  0.2104138E-01  0.6486702E-02  0.3645075E-02  0.3117316E-01
 0.8100000E+03  0.2100061E-01  0.6488795E-02  0.3687189E-02  0.3117659E-01
 0.8200000E+03  0.2095821E-01  0.6487771E-02  0.3728503E-02  0.3117448E-01
 0.8300000E+03  0.2091617E-01  0.6492525E-02  0.3768575E-02  0.3117727E-01
 0.8400000E+03  0.2087294E-01  0.6500725E-02  0.3806946E-02  0.3118061E-01
 0.8500000E+03  0.2082856E-01  0.6506938E-02  0.3843141E-02  0.3117864E-01
 0.8600000E+03  0.2078302E-01  0.6518857E-02  0.3876754E-02  0.3117863E-01
 0.8700000E+03  0.2073824E-01  0.6536140E-02  0.3907368E-02  0.3118175E-01
 0.8800000E+03  0.2069322E-01  0.6551916E-02  0.3934664E-02  0.3117980E-01
 0.8900000E+03  0.2064818E-01  0.6572478E-02  0.3958406E-02  0.3117906E-01
 0.9000000E+03  0.2060438E-01  0.6596213E-02  0.3978422E-02  0.3117902E-01
 0.9100000E+03  0.2056068E-01  0.6624966E-02  0.3994523E-02  0.3118017E-01
 0.9200000E+03  0.2051677E-01  0.6652717E-02  0.4006568E-02  0.3117605E-01
 0.9300000E+03  0.2047385E-01  0.6684594E-02  0.4014539E-02  0.3117298E-01
 0.9400000E+03  0.2043154E-01  0.6726530E-02  0.4018464E-02  0.3117653E-01
 0.9500000E+03  0.2038969E-01  0.6769191E-02  0.4018512E-02  0.3117739E-01
 0.9600000E+03  0.2034847E-01  0.6815381E-02  0.4014711E-02  0.3117857E-01
 0.9700000E+03  0.2030787E-01  0.6862206E-02  0.4007187E-02  0.3117726E-01
 0.9800000E+03  0.2026820E-01  0.6911856E-02  0.3996164E-02  0.3117622E-01
 0.9900000E+03  0.2022905E-01  0.6963293E-02  0.3981885E-02  0.3117423E-01
 0.1000000E+04  0.2019158E-01  0.7016446E-02  0.3964688E-02  0.3117271E-01
 0.1010000E+04  0.2015472E-01  0.7069235E-02  0.3944751E-02  0.3116871E-01
 0.1020000E+04  0.2011963E-01  0.7125749E-02  0.3922371E-02  0.3116775E-01
 0.1030000E+04  0.2008469E-01  0.7185536E-02  0.3897858E-02  0.3116808E-01
 0.1040000E+04  0.2005132E-01  0.7247452E-02  0.3871583E-02  0.3117036E-01
 0.1050000E+04  0.2001790E-01  0.7307273E-02  0.3843809E-02  0.3116898E-01
 0.1060000E+04  0.1998534E-01  0.7368676E-02  0.3814872E-02  0.3116889E-01
 0.1070000E+04  0.1995356E-01  0.7430583E-02  0.3785029E-02  0.3116917E-01
 0.1080000E+04  0.1992375E-01  0.7486521E-02  0.3754677E-02  0.3116494E-01
 0.1090000E+04  0.1989430E-01  0.7544352E-02  0.3724138E-02  0.3116278E-01
 0.1100000E+04  0.1986428E-01  0.7604051E-02  0.3693731E-02  0.3116206E-01
 0.1110000E+04  0.1983472E-01  0.7662855E-02  0.3663744E-02  0.3116131E-01
 0.1120000E+04  0.1980527E-01  0.7718131E-02  0.3634532E-02  0.3115793E-01
 0.1130000E+04  0.1977633E-01  0.7769500E-02  0.3606347E-02  0.3115218E-01
 0.1140000E+04  0.1974775E-01  0.7822156E-02  0.3579432E-02  0.3114934E-01
 0.1150000E+04  0.1971882E-01  0.7874459E-02  0.3553988E-02  0.3114726E-01
 0.1160000E+04  0.1969105E-01  0.7922006E-02  0.3530246E-02  0.3114330E-01
 0.1170000E+04  0.1966120E-01  0.7970762E-02  0.3508328E-02  0.3114029E-01
 0.1180000E+04  0.1963174E-01  0.8018888E-02  0.3488425E-02  0.3113906E-01
 0.1190000E+04  0.1960079E-01  0.8068454E-02  0.3470638E-02  0.3113988E-01
 0.1200000E+04  0.1956881E-01  0.8114556E-02  0.3455112E-02  0.3113848E-01
 0.1210000E+04  0.1953582E-01  0.8161273E-02  0.3441915E-02  0.3113901E-01
 0.1220000E+04  0.1950290E-01  0.8203535E-02  0.3431019E-02  0.3113745E-01
 0.1230000E+04  0.1946772E-01  0.8250154E-02  0.3422388E-02  0.3114026E-01
 0.1240000E+04  0.1943118E-01  0.8290199E-02  0.3416129E-02  0.3113751E-01
 0.1250000E+04  0.1939390E-01  0.8328428E-02  0.3412107E-02  0.3113444E-01
 0.1260000E+04  0.1935481E-01  0.8364050E-02  0.3410372E-02  0.3112923E-01
 0.1270000E+04  0.1931455E-01  0.8400714E-02  0.3410926E-02  0.3112619E-01
 0.1280000E+04  0.1927390E-01  0.8434405E-02  0.3413654E-02  0.3112196E-01
 0.1290000E+04  0.1923079E-01  0.8472986E-02  0.3418481E-02  0.3112226E-01
 0.1300000E+04  0.1918627E-01  0.8515176E-02  0.3425336E-02  0.3112678E-01
 0.1310000E+04  0.1913945E-01  0.8553256E-02  0.3434145E-02  0.3112685E-01
 0.1320000E+04  0.1909128E-01  0.8590912E-02  0.3444840E-02  0.3112703E-01
 0.1330000E+04  0.1904055E-01  0.8625492E-02  0.3457292E-02  0.3112333E-01
 0.1340000E+04  0.1898795E-01  0.8658086E-02  0.3471388E-02  0.3111743E-01
 0.1350000E+04  0.1893391E-01  0.8694268E-02  0.3487036E-02  0.3111522E-01
 0.1360000E+04  0.1887787E-01  0.8733385E-02  0.3504167E-02  0.3111542E-01
 0.1370000E+04  0.1882040E-01  0.8770106E-02  0.3522642E-02  0.3111315E-01
 0.1380000E+04  0.1876180E-01  0.8808515E-02  0.3542361E-02  0.3111267E-01
 0.1390000E+04  0.1870138E-01  0.8845497E-02  0.3563183E-02  0.3111006E-01
 0.1400000E+04  0.1863876E-01  0.8881803E-02  0.3584967E-02  0.3110553E-01
 0.1410000E+04  0.1857516E-01  0.8919341E-02  0.3607629E-02  0.3110213E-01
 0.1420000E+04  0.1850920E-01  0.8956279E-02  0.3631069E-02  0.3109655E-01
 0.1430000E+04  0.1844301E-01  0.8992943E-02  0.3655131E-02  0.3109108E-01
 0.1440000E+04  0.1837711E-01  0.9027748E-02  0.3679732E-02  0.3108459E-01
 0.1450000E+04  0.1831003E-01  0.9067634E-02  0.3704827E-02  0.3108249E-01
 0.1460000E+04  0.1824138E-01  0.9107982E-02  0.3730314E-02  0.3107968E-01
 0.1470000E+04  0.1817304E-01  0.9151687E-02  0.3756166E-02  0.3108090E-01
 0.1480000E+04  0.1810390E-01  0.9190976E-02  0.3782278E-02  0.3107715E-01
 0.1490000E+04  0.1803475E-01  0.9229943E-02  0.3808605E-02  0.3107330E-01
 0.1500000E+04  0.1796603E-01  0.9273511E-02  0.3835098E-02  0.3107464E-01
 0.1510000E+04  0.1789813E-01  0.9312662E-02  0.3861683E-02  0.3107247E-01
 0.1520000E+04  0.1783027E-01  0.9350197E-02  0.3888315E-02  0.3106879E-01
 0.1530000E+04  0.1776222E-01  0.9386734E-02  0.3915029E-02  0.3106398E-01
 0.1540000E+04  0.1769657E-01  0.9424379E-02  0.3941757E-02  0.3106270E-01
 0.1550000E+04  0.1763153E-01  0.9456476E-02  0.3968528E-02  0.3105654E-01
 0.1560000E+04  0.1756748E-01  0.9491260E-02  0.3995365E-02  0.3105411E-01
 0.1570000E+04  0.1750481E-01  0.9525184E-02  0.4022281E-02  0.3105228E-01
 0.1580000E+04  0.1744390E-01  0.9554726E-02  0.4049253E-02  0.3104788E-01
 0.1590000E+04  0.1738549E-01  0.9583339E-02  0.4076249E-02  0.3104508E-01
 0.1600000E+04  0.1732937E-01  0.9607180E-02  0.4103292E-02  0.3103984E-01
 0.1610000E+04  0.1727505E-01  0.9627922E-02  0.4130353E-02  0.3103333E-01
 0.1620000E+04  0.1722278E-01  0.9646781E-02  0.4157433E-02  0.3102700E-01
 0.1630000E+04  0.1717418E-01  0.9664774E-02  0.4184507E-02  0.3102346E-01
 0.1640000E+04  0.1712773E-01  0.9678853E-02  0.4211536E-02  0.3101812E-01
 0.1650000E+04  0.1708465E-01  0.9690055E-02  0.4238479E-02  0.3101319E-01
 0.1660000E+04  0.1704372E-01  0.9698712E-02  0.4265241E-02  0.3100767E-01
 0.1670000E+04  0.1700685E-01  0.9704995E-02  0.4291754E-02  0.3100360E-01
 0.1680000E+04  0.1697270E-01  0.9709509E-02  0.4317881E-02  0.3100009E-01
 0.1690000E+04  0.1694388E-01  0.9708291E-02  0.4343483E-02  0.3099565E-01
 0.1700000E+04  0.1691850E-01  0.9703737E-02  0.4368360E-02  0.3099060E-01
 0.1710000E+04  0.1689624E-01  0.9697241E-02  0.4392382E-02  0.3098586E-01
 0.1720000E+04  0.1687649E-01  0.9689708E-02  0.4415322E-02  0.3098152E-01
 0.1730000E+04  0.1686067E-01  0.9675981E-02  0.4436933E-02  0.3097358E-01
 0.1740000E+04  0.1684929E-01  0.9662144E-02  0.4456976E-02  0.3096841E-01
 0.1750000E+04  0.1684123E-01  0.9649359E-02  0.4475153E-02  0.3096575E-01
 0.1760000E+04  0.1683799E-01  0.9635405E-02  0.4491189E-02  0.3096458E-01
 0.1770000E+04  0.1683778E-01  0.9618047E-02  0.4504792E-02  0.3096062E-01
 0.1780000E+04  0.1684204E-01  0.9595872E-02  0.4515662E-02  0.3095358E-01
 0.1790000E+04  0.1685004E-01  0.9575754E-02  0.4523544E-02  0.3094934E-01
 0.1800000E+04  0.1686140E-01  0.9555554E-02  0.4528196E-02  0.3094515E-01
 0.1810000E+04  0.1687673E-01  0.9531722E-02  0.4529324E-02  0.3093778E-01
 0.1820000E+04  0.1689670E-01  0.9508270E-02  0.4526734E-02  0.3093171E-01
 0.1830000E+04  0.1692058E-01  0.9483038E-02  0.4520354E-02  0.3092397E-01
 0.1840000E+04  0.1694803E-01  0.9459946E-02  0.4510054E-02  0.3091803E-01
 0.1850000E+04  0.1697853E-01  0.9438826E-02  0.4495888E-02  0.3091324E-01
 0.1860000E+04  0.1701325E-01  0.9417146E-02  0.4477862E-02  0.3090826E-01
 0.1870000E+04  0.1705141E-01  0.9394363E-02  0.4456030E-02  0.3090180E-01
 0.1880000E+04  0.1709281E-01  0.9372471E-02  0.4430538E-02  0.3089582E-01
 0.1890000E+04  0.1713783E-01  0.9349448E-02  0.4401524E-02  0.3088881E-01
 0.1900000E+04  0.1718606E-01  0.9327989E-02  0.4369240E-02  0.3088329E-01
 0.1910000E+04  0.1723688E-01  0.9306073E-02  0.4333923E-02  0.3087687E-01
 0.1920000E+04  0.1729178E-01  0.9284097E-02  0.4295889E-02  0.3087177E-01
 0.1930000E+04  0.1734895E-01  0.9263124E-02  0.4255423E-02  0.3086750E-01
 0.1940000E+04  0.1740619E-01  0.9237258E-02  0.4212848E-02  0.3085629E-01
 0.1950000E+04  0.1747001E-01  0.9213670E-02  0.4168491E-02  0.3085217E-01
 0.1960000E+04  0.1753559E-01  0.9187416E-02  0.4122652E-02  0.3084565E-01
 0.1970000E+04  0.1760358E-01  0.9161315E-02  0.4075580E-02  0.3084048E-01
 0.1980000E+04  0.1767471E-01  0.9136209E-02  0.4027492E-02  0.3083841E-01
 0.1990000E+04  0.1774773E-01  0.9106002E-02  0.3978693E-02  0.3083242E-01
 0.2000000E+04  0.1782189E-01  0.9074732E-02  0.3929384E-02  0.3082600E-01
 0.2010000E+04  0.1789708E-01  0.9044618E-02  0.3879777E-02  0.3082147E-01
 0.2020000E+04  0.1797259E-01  0.9019082E-02  0.3830009E-02  0.3082168E-01
 0.2030000E+04  0.1804823E-01  0.8986712E-02  0.3780259E-02  0.3081520E-01
 0.2040000E+04  0.1812315E-01  0.8954644E-02  0.3730624E-02  0.3080841E-01
 0.2050000E+04  0.1819532E-01  0.8926735E-02  0.3681214E-02  0.3080327E-01
 0.2060000E+04  0.1826659E-01  0.8899210E-02  0.3632078E-02  0.3079788E-01
 0.2070000E+04  0.1833600E-01  0.8877298E-02  0.3583276E-02  0.3079657E-01
 0.2080000E+04  0.1840263E-01  0.8854324E-02  0.3534893E-02  0.3079184E-01
 0.2090000E+04  0.1846752E-01  0.8833185E-02  0.3486938E-02  0.3078764E-01
 0.2100000E+04  0.1853049E-01  0.8814645E-02  0.3439455E-02  0.3078458E-01
 0.2110000E+04  0.1859237E-01  0.8793828E-02  0.3392491E-02  0.3077869E-01
 0.2120000E+04  0.1865296E-01  0.8772904E-02  0.3346010E-02  0.3077187E-01
 0.2130000E+04  0.1871230E-01  0.8753948E-02  0.3300086E-02  0.3076633E-01
 0.2140000E+04  0.1877080E-01  0.8738519E-02  0.3254767E-02  0.3076409E-01
 0.2150000E+04  0.1882788E-01  0.8722036E-02  0.3210151E-02  0.3076007E-01
 0.2160000E+04  0.1888248E-01  0.8705937E-02  0.3166281E-02  0.3075470E-01
 0.2170000E+04  0.1893591E-01  0.8688479E-02  0.3123246E-02  0.3074764E-01
 0.2180000E+04  0.1898507E-01  0.8672697E-02  0.3081104E-02  0.3073887E-01
 0.2190000E+04  0.1903368E-01  0.8662304E-02  0.3039899E-02  0.3073588E-01
 0.2200000E+04  0.1907951E-01  0.8653907E-02  0.2999722E-02  0.3073314E-01
 0.2210000E+04  0.1912583E-01  0.8644626E-02  0.2960627E-02  0.3073109E-01
 0.2220000E+04  0.1916618E-01  0.8636620E-02  0.2922690E-02  0.3072549E-01
 0.2230000E+04  0.1920320E-01  0.8629568E-02  0.2885912E-02  0.3071868E-01
 0.2240000E+04  0.1923679E-01  0.8626962E-02  0.2850371E-02  0.3071412E-01
 0.2250000E+04  0.1926716E-01  0.8625423E-02  0.2816071E-02  0.3070865E-01
 0.2260000E+04  0.1929367E-01  0.8625270E-02  0.2783034E-02  0.3070198E-01
 0.2270000E+04  0.1931635E-01  0.8627157E-02  0.2751277E-02  0.3069478E-01
 0.2280000E+04  0.1933491E-01  0.8633123E-02  0.2720812E-02  0.3068885E-01
 0.2290000E+04  0.1935026E-01  0.8640231E-02  0.2691639E-02  0.3068213E-01
 0.2300000E+04  0.1935901E-01  0.8647812E-02  0.2663758E-02  0.3067058E-01
 0.2310000E+04  0.1936577E-01  0.8658682E-02  0.2637158E-02  0.3066161E-01
 0.2320000E+04  0.1936867E-01  0.8673557E-02  0.2611827E-02  0.3065405E-01
 0.2330000E+04  0.1936724E-01  0.8693715E-02  0.2587747E-02  0.3064870E-01
 0.2340000E+04  0.1936238E-01  0.8716975E-02  0.2564874E-02  0.3064423E-01
 0.2350000E+04  0.1935159E-01  0.8742148E-02  0.2543200E-02  0.3063693E-01
 0.2360000E+04  0.1933831E-01  0.8773444E-02  0.2522695E-02  0.3063445E-01
 0.2370000E+04  0.1932142E-01  0.8808058E-02  0.2503324E-02  0.3063280E-01
 0.2380000E+04  0.1930147E-01  0.8842142E-02  0.2485047E-02  0.3062866E-01
 0.2390000E+04  0.1927811E-01  0.8878232E-02  0.2467816E-02  0.3062416E-01
 0.2400000E+04  0.1925186E-01  0.8915748E-02  0.2451580E-02  0.3061919E-01
 0.2410000E+04  0.1922163E-01  0.8953605E-02  0.2436301E-02  0.3061154E-01
 0.2420000E+04  0.1918922E-01  0.8994163E-02  0.2421919E-02  0.3060530E-01
 0.2430000E+04  0.1915359E-01  0.9035325E-02  0.2408392E-02  0.3059731E-01
 0.2440000E+04  0.1911470E-01  0.9082772E-02  0.2395657E-02  0.3059313E-01
 0.2450000E+04  0.1907477E-01  0.9130759E-02  0.2383680E-02  0.3058921E-01
 0.2460000E+04  0.1903126E-01  0.9180125E-02  0.2372423E-02  0.3058381E-01
 0.2470000E+04  0.1898559E-01  0.9231033E-02  0.2361815E-02  0.3057844E-01
 0.2480000E+04  0.1893759E-01  0.9280259E-02  0.2351812E-02  0.3056966E-01
 0.2490000E+04  0.1888704E-01  0.9330291E-02  0.2342360E-02  0.3055969E-01
 0.2500000E+04  0.1883433E-01  0.9381947E-02  0.2333405E-02  0.3054968E-01
 0.2510000E+04  0.1877968E-01  0.9439571E-02  0.2324889E-02  0.3054414E-01
 0.2520000E+04  0.1872305E-01  0.9498503E-02  0.2316778E-02  0.3053833E-01
 0.2530000E+04  0.1866428E-01  0.9555535E-02  0.2309000E-02  0.3052882E-01
 0.2540000E+04  0.1860738E-01  0.9614608E-02  0.2301500E-02  0.3052349E-01
 0.2550000E+04  0.1854641E-01  0.9674211E-02  0.2294227E-02  0.3051485E-01
 0.2560000E+04  0.1848532E-01  0.9736788E-02  0.2287135E-02  0.3050924E-01
 0.2570000E+04  0.1842352E-01  0.9799077E-02  0.2280167E-02  0.3050276E-01
 0.2580000E+04  0.1836219E-01  0.9860878E-02  0.2273242E-02  0.3049631E-01
 0.2590000E+04  0.1830039E-01  0.9923568E-02  0.2266340E-02  0.3049030E-01
 0.2600000E+04  0.1824187E-01  0.9984948E-02  0.2259404E-02  0.3048622E-01
 0.2610000E+04  0.1818245E-01  0.1004828E-01  0.2252393E-02  0.3048312E-01
 0.2620000E+04  0.1812361E-01  0.1010534E-01  0.2245264E-02  0.3047422E-01
 0.2630000E+04  0.1806568E-01  0.1016453E-01  0.2237965E-02  0.3046817E-01
 0.2640000E+04  0.1800839E-01  0.1022137E-01  0.2230475E-02  0.3046023E-01
 0.2650000E+04  0.1795301E-01  0.1027607E-01  0.2222750E-02  0.3045183E-01
 0.2660000E+04  0.1789930E-01  0.1032982E-01  0.2214764E-02  0.3044388E-01
 0.2670000E+04  0.1784795E-01  0.1038399E-01  0.2206481E-02  0.3043842E-01
 0.2680000E+04  0.1779799E-01  0.1043823E-01  0.2197904E-02  0.3043412E-01
 0.2690000E+04  0.1774915E-01  0.1049189E-01  0.2189013E-02  0.3043005E-01
 0.2700000E+04  0.1770264E-01  0.1053974E-01  0.2179775E-02  0.3042215E-01
 0.2710000E+04  0.1765049E-01  0.1058590E-01  0.2170171E-02  0.3040657E-01
 0.2720000E+04  0.1760651E-01  0.1063025E-01  0.2160200E-02  0.3039696E-01
 0.2730000E+04  0.1756447E-01  0.1067356E-01  0.2149855E-02  0.3038789E-01
 0.2740000E+04  0.1752263E-01  0.1071752E-01  0.2139154E-02  0.3037931E-01
 0.2750000E+04  0.1748202E-01  0.1076002E-01  0.2128067E-02  0.3037011E-01
 0.2760000E+04  0.1744198E-01  0.1080207E-01  0.2116590E-02  0.3036063E-01
 0.2770000E+04  0.1740143E-01  0.1084477E-01  0.2104695E-02  0.3035089E-01
 0.2780000E+04  0.1736200E-01  0.1088710E-01  0.2092410E-02  0.3034151E-01
 0.2790000E+04  0.1732258E-01  0.1093055E-01  0.2079726E-02  0.3033285E-01
 0.2800000E+04  0.1728378E-01  0.1097643E-01  0.2066641E-02  0.3032685E-01
 0.2810000E+04  0.1727761E-01  0.1101841E-01  0.2053155E-02  0.3034918E-01
 0.2820000E+04  0.1724111E-01  0.1105974E-01  0.2039309E-02  0.3034016E-01
 0.2830000E+04  0.1720429E-01  0.1110069E-01  0.2025089E-02  0.3033007E-01
 0.2840000E+04  0.1716847E-01  0.1114327E-01  0.2010478E-02  0.3032221E-01
 0.2850000E+04  0.1713013E-01  0.1118409E-01  0.1995462E-02  0.3030969E-01
 0.2860000E+04  0.1707552E-01  0.1122798E-01  0.1980021E-02  0.3028352E-01
 0.2870000E+04  0.1704499E-01  0.1126787E-01  0.1964138E-02  0.3027700E-01
 0.2880000E+04  0.1701663E-01  0.1130242E-01  0.1947824E-02  0.3026687E-01
 0.2890000E+04  0.1699228E-01  0.1133692E-01  0.1931088E-02  0.3026029E-01
 0.2900000E+04  0.1696756E-01  0.1136846E-01  0.1913948E-02  0.3024996E-01
 0.2910000E+04  0.1694821E-01  0.1139647E-01  0.1896415E-02  0.3024109E-01
 0.2920000E+04  0.1692979E-01  0.1142425E-01  0.1878516E-02  0.3023256E-01
 0.2930000E+04  0.1691085E-01  0.1145294E-01  0.1860274E-02  0.3022407E-01
 0.2940000E+04  0.1689147E-01  0.1147970E-01  0.1841711E-02  0.3021288E-01
 0.2950000E+04  0.1687803E-01  0.1150288E-01  0.1822870E-02  0.3020378E-01
 0.2960000E+04  0.1687057E-01  0.1152107E-01  0.1803782E-02  0.3019543E-01
 0.2970000E+04  0.1686491E-01  0.1153514E-01  0.1784484E-02  0.3018453E-01
 0.2980000E+04  0.1686075E-01  0.1154752E-01  0.1765010E-02  0.3017328E-01
 0.2990000E+04  0.1685753E-01  0.1156223E-01  0.1745398E-02  0.3016515E-01
 0.3000000E+04  0.1685992E-01  0.1157371E-01  0.1725684E-02  0.3015931E-01
 0.3010000E+04  0.1686382E-01  0.1158134E-01  0.1705910E-02  0.3015106E-01
 0.3020000E+04  0.1687033E-01  0.1158454E-01  0.1686088E-02  0.3014096E-01
 0.3030000E+04  0.1687713E-01  0.1158401E-01  0.1666249E-02  0.3012739E-01
 0.3040000E+04  0.1688631E-01  0.1158490E-01  0.1646418E-02  0.3011762E-01
 0.3050000E+04  0.1689788E-01  0.1158864E-01  0.1626622E-02  0.3011314E-01
 0.3060000E+04  0.1691045E-01  0.1159335E-01  0.1606889E-02  0.3011069E-01
 0.3070000E+04  0.1692539E-01  0.1159230E-01  0.1587257E-02  0.3010495E-01
 0.3080000E+04  0.1694339E-01  0.1158583E-01  0.1567733E-02  0.3009695E-01
 0.3090000E+04  0.1696202E-01  0.1157678E-01  0.1548345E-02  0.3008714E-01
 0.3100000E+04  0.1698148E-01  0.1156911E-01  0.1529123E-02  0.3007971E-01
 0.3110000E+04  0.1700152E-01  0.1155918E-01  0.1510093E-02  0.3007079E-01
 0.3120000E+04  0.1703559E-01  0.1154796E-01  0.1491278E-02  0.3007483E-01
 0.3130000E+04  0.1705376E-01  0.1153933E-01  0.1472682E-02  0.3006577E-01
 0.3140000E+04  0.1706814E-01  0.1153240E-01  0.1454321E-02  0.3005486E-01
 0.3150000E+04  0.1726408E-01  0.1151854E-01  0.1436200E-02  0.3021882E-01
 0.3160000E+04  0.1727693E-01  0.1151217E-01  0.1418312E-02  0.3020742E-01
 0.3170000E+04  0.1726715E-01  0.1152726E-01  0.1400669E-02  0.3019508E-01
 0.3180000E+04  0.1723958E-01  0.1155678E-01  0.1383280E-02  0.3017964E-01
 0.3190000E+04  0.1721114E-01  0.1159084E-01  0.1366153E-02  0.3016813E-01
 0.3200000E+04  0.1718668E-01  0.1162059E-01  0.1349292E-02  0.3015656E-01
 0.3210000E+04  0.1716750E-01  0.1164446E-01  0.1332703E-02  0.3014466E-01
 0.3220000E+04  0.1715717E-01  0.1165137E-01  0.1316390E-02  0.3012493E-01
 0.3230000E+04  0.1717264E-01  0.1164480E-01  0.1300367E-02  0.3011781E-01
 0.3240000E+04  0.1718877E-01  0.1163736E-01  0.1284641E-02  0.3011077E-01
 0.3250000E+04  0.1720263E-01  0.1163153E-01  0.1269218E-02  0.3010337E-01
 0.3260000E+04  0.1721726E-01  0.1162163E-01  0.1254096E-02  0.3009298E-01
 0.3270000E+04  0.1722573E-01  0.1161307E-01  0.1239279E-02  0.3007808E-01
 0.3280000E+04  0.1724056E-01  0.1160607E-01  0.1224762E-02  0.3007139E-01
 0.3290000E+04  0.1724357E-01  0.1159702E-01  0.1210538E-02  0.3005113E-01
 0.3300000E+04  0.1725202E-01  0.1159055E-01  0.1196601E-02  0.3003917E-01
 0.3310000E+04  0.1725845E-01  0.1158698E-01  0.1182943E-02  0.3002837E-01
 0.3320000E+04  0.1726178E-01  0.1158611E-01  0.1169561E-02  0.3001746E-01
 0.3330000E+04  0.1726530E-01  0.1159028E-01  0.1156442E-02  0.3001203E-01
 0.3340000E+04  0.1726079E-01  0.1159388E-01  0.1143578E-02  0.2999824E-01
 0.3350000E+04  0.1726087E-01  0.1159654E-01  0.1130957E-02  0.2998837E-01
 0.3360000E+04  0.1725765E-01  0.1159993E-01  0.1118572E-02  0.2997616E-01
 0.3370000E+04  0.1725458E-01  0.1160345E-01  0.1106411E-02  0.2996444E-01
 0.3380000E+04  0.1725465E-01  0.1160808E-01  0.1094473E-02  0.2995720E-01
 0.3390000E+04  0.1725177E-01  0.1161330E-01  0.1082752E-02  0.2994782E-01
 0.3400000E+04  0.1724999E-01  0.1161792E-01  0.1071240E-02  0.2993915E-01
 0.3410000E+04  0.1726085E-01  0.1162333E-01  0.1059933E-02  0.2994411E-01
 0.3420000E+04  0.1726920E-01  0.1162652E-01  0.1048826E-02  0.2994454E-01
 0.3430000E+04  0.1726299E-01  0.1163101E-01  0.1037915E-02  0.2993191E-01
 0.3440000E+04  0.1725387E-01  0.1164354E-01  0.1027185E-02  0.2992459E-01
 0.3450000E+04  0.1723727E-01  0.1166856E-01  0.1016625E-02  0.2992245E-01
 0.3460000E+04  0.1722551E-01  0.1168603E-01  0.1006230E-02  0.2991777E-01
 0.3470000E+04  0.1720629E-01  0.1170668E-01  0.9959927E-03  0.2990896E-01
 0.3480000E+04  0.1718362E-01  0.1173028E-01  0.9859083E-03  0.2989980E-01
 0.3490000E+04  0.1715785E-01  0.1175871E-01  0.9759684E-03  0.2989254E-01
 0.3500000E+04  0.1713287E-01  0.1179366E-01  0.9661669E-03  0.2989270E-01
 0.3510000E+04  0.1710716E-01  0.1181653E-01  0.9564990E-03  0.2988019E-01
 0.3520000E+04  0.1708242E-01  0.1183874E-01  0.9469603E-03  0.2986811E-01
 0.3530000E+04  0.1705968E-01  0.1186158E-01  0.9375458E-03  0.2985881E-01
 0.3540000E+04  0.1726424E-01  0.1184516E-01  0.9282547E-03  0.3003765E-01
 0.3550000E+04  0.1730850E-01  0.1180274E-01  0.9191457E-03  0.3003039E-01
 0.3560000E+04  0.1732181E-01  0.1179237E-01  0.9102243E-03  0.3002440E-01
 0.3570000E+04  0.1728462E-01  0.1182734E-01  0.9014789E-03  0.3001344E-01
 0.3580000E+04  0.1723660E-01  0.1188820E-01  0.8928910E-03  0.3001769E-01
 0.3590000E+04  0.1717896E-01  0.1194957E-01  0.8844472E-03  0.3001298E-01
 0.3600000E+04  0.1713898E-01  0.1199900E-01  0.8761401E-03  0.3001412E-01
 0.3610000E+04  0.1710034E-01  0.1203036E-01  0.8679691E-03  0.2999867E-01
 0.3620000E+04  0.1708569E-01  0.1204684E-01  0.8599318E-03  0.2999247E-01
 0.3630000E+04  0.1707013E-01  0.1205867E-01  0.8520276E-03  0.2998083E-01
 0.3640000E+04  0.1705504E-01  0.1207246E-01  0.8442547E-03  0.2997175E-01
 0.3650000E+04  0.1703421E-01  0.1209126E-01  0.8366095E-03  0.2996208E-01
 0.3660000E+04  0.1701185E-01  0.1211362E-01  0.8290869E-03  0.2995456E-01
 0.3670000E+04  0.1699085E-01  0.1213076E-01  0.8216840E-03  0.2994329E-01
 0.3680000E+04  0.1698463E-01  0.1213810E-01  0.8143979E-03  0.2993714E-01
 0.3690000E+04  0.1698850E-01  0.1212939E-01  0.8072282E-03  0.2992512E-01
 0.3700000E+04  0.1701379E-01  0.1210187E-01  0.8001735E-03  0.2991583E-01
 0.3710000E+04  0.1705886E-01  0.1205282E-01  0.7932383E-03  0.2990492E-01
 0.3720000E+04  0.1711221E-01  0.1199352E-01  0.7864245E-03  0.2989216E-01
 0.3730000E+04  0.1720303E-01  0.1193673E-01  0.7797359E-03  0.2991950E-01
 0.3740000E+04  0.1727822E-01  0.1189727E-01  0.7731809E-03  0.2994867E-01
 0.3750000E+04  0.1727836E-01  0.1189024E-01  0.7667679E-03  0.2993537E-01
 0.3760000E+04  0.1724686E-01  0.1191818E-01  0.7604985E-03  0.2992553E-01
 0.3770000E+04  0.1713905E-01  0.1196652E-01  0.7543718E-03  0.2985994E-01
 0.3780000E+04  0.1707281E-01  0.1202269E-01  0.7483832E-03  0.2984389E-01
 0.3790000E+04  0.1702618E-01  0.1208031E-01  0.7425270E-03  0.2984902E-01
 0.3800000E+04  0.1696484E-01  0.1214747E-01  0.7367980E-03  0.2984910E-01
 0.3810000E+04  0.1696548E-01  0.1221737E-01  0.7311872E-03  0.2991403E-01
 0.3820000E+04  0.1693229E-01  0.1224636E-01  0.7256912E-03  0.2990434E-01
 0.3830000E+04  0.1691193E-01  0.1226215E-01  0.7203014E-03  0.2989439E-01
 0.3840000E+04  0.1693438E-01  0.1225829E-01  0.7150093E-03  0.2990768E-01
 0.3850000E+04  0.1695125E-01  0.1223679E-01  0.7098091E-03  0.2989785E-01
 0.3860000E+04  0.1698130E-01  0.1220366E-01  0.7046954E-03  0.2988966E-01
 0.3870000E+04  0.1701628E-01  0.1216481E-01  0.6996650E-03  0.2988076E-01
 0.3880000E+04  0.1705031E-01  0.1212453E-01  0.6947143E-03  0.2986956E-01
 0.3890000E+04  0.1709050E-01  0.1209132E-01  0.6898427E-03  0.2987166E-01
 0.3900000E+04  0.1713130E-01  0.1206726E-01  0.6850517E-03  0.2988361E-01
 0.3910000E+04  0.1714143E-01  0.1205428E-01  0.6803440E-03  0.2987605E-01
 0.3920000E+04  0.1714263E-01  0.1204756E-01  0.6757221E-03  0.2986591E-01
 0.3930000E+04  0.1714923E-01  0.1204729E-01  0.6711871E-03  0.2986771E-01
 0.3940000E+04  0.1729762E-01  0.1204619E-01  0.6667404E-03  0.3001055E-01
 0.3950000E+04  0.1729663E-01  0.1205347E-01  0.6623590E-03  0.3001245E-01
 0.3960000E+04  0.1728317E-01  0.1206055E-01  0.6580392E-03  0.3000175E-01
 0.3970000E+04  0.1726709E-01  0.1207448E-01  0.6537792E-03  0.2999535E-01
 0.3980000E+04  0.1724033E-01  0.1208624E-01  0.6495787E-03  0.2997615E-01
 0.3990000E+04  0.1724378E-01  0.1208980E-01  0.6454388E-03  0.2997902E-01
 0.4000000E+04  0.1726313E-01  0.1208288E-01  0.6413583E-03  0.2998737E-01
 0.4010000E+04  0.1726369E-01  0.1206024E-01  0.6373426E-03  0.2996126E-01
 0.4020000E+04  0.1728632E-01  0.1203817E-01  0.6333920E-03  0.2995788E-01
 0.4030000E+04  0.1728846E-01  0.1204931E-01  0.6295040E-03  0.2996728E-01
 0.4040000E+04  0.1729977E-01  0.1207477E-01  0.6256750E-03  0.3000021E-01
 0.4050000E+04  0.1731709E-01  0.1206867E-01  0.6219034E-03  0.3000766E-01
 0.4060000E+04  0.1731256E-01  0.1209218E-01  0.6181884E-03  0.3002292E-01
 0.4070000E+04  0.1729840E-01  0.1233713E-01  0.6145296E-03  0.3025006E-01
 0.4080000E+04  0.1726795E-01  0.1305557E-01  0.6109661E-03  0.3093449E-01
 0.4090000E+04  0.1724973E-01  0.1306076E-01  0.6074337E-03  0.3091793E-01
 0.4100000E+04  0.1731154E-01  0.1305696E-01  0.6039300E-03  0.3097243E-01
 0.4110000E+04  0.1731454E-01  0.1304372E-01  0.6004523E-03  0.3095871E-01
 0.4120000E+04  0.1735916E-01  0.1302037E-01  0.5969970E-03  0.3097653E-01
 0.4130000E+04  0.1750961E-01  0.1298338E-01  0.5935649E-03  0.3108656E-01
 0.4140000E+04  0.1754584E-01  0.1294405E-01  0.5901551E-03  0.3108004E-01
 0.4150000E+04  0.1757432E-01  0.1290885E-01  0.5867690E-03  0.3106993E-01
 0.4160000E+04  0.1759658E-01  0.1287878E-01  0.5834033E-03  0.3105877E-01
 0.4170000E+04  0.1762663E-01  0.1285377E-01  0.5800581E-03  0.3106046E-01
 0.4180000E+04  0.1756877E-01  0.1283178E-01  0.5767369E-03  0.3097728E-01
 0.4190000E+04  0.1758183E-01  0.1283426E-01  0.5734378E-03  0.3098953E-01
 0.4200000E+04  0.1756950E-01  0.1285834E-01  0.5701631E-03  0.3099800E-01
 0.4210000E+04  0.1755746E-01  0.1286370E-01  0.5669148E-03  0.3098808E-01
 0.4220000E+04  0.1750516E-01  0.1287822E-01  0.5636918E-03  0.3094707E-01
 0.4230000E+04  0.1747813E-01  0.1289871E-01  0.5604941E-03  0.3093734E-01
 0.4240000E+04  0.1744505E-01  0.1292202E-01  0.5573191E-03  0.3092439E-01
 0.4250000E+04  0.1741080E-01  0.1294824E-01  0.5541660E-03  0.3091321E-01
 0.4260000E+04  0.1742454E-01  0.1297814E-01  0.5510308E-03  0.3095372E-01
 0.4270000E+04  0.1743833E-01  0.1300505E-01  0.5479078E-03  0.3099128E-01
 0.4280000E+04  0.1742915E-01  0.1300663E-01  0.5447889E-03  0.3098058E-01
 0.4290000E+04  0.1743158E-01  0.1300062E-01  0.5416711E-03  0.3097387E-01
 0.4300000E+04  0.1743309E-01  0.1298885E-01  0.5385531E-03  0.3096049E-01
 0.4310000E+04  0.1744652E-01  0.1297462E-01  0.5354337E-03  0.3095658E-01
 0.4320000E+04  0.1745022E-01  0.1296246E-01  0.5323130E-03  0.3094500E-01
 0.4330000E+04  0.1746917E-01  0.1295473E-01  0.5291926E-03  0.3095309E-01
 0.4340000E+04  0.1746121E-01  0.1295294E-01  0.5260745E-03  0.3094022E-01
 0.4350000E+04  0.1744166E-01  0.1295753E-01  0.5229622E-03  0.3092215E-01
 0.4360000E+04  0.1748929E-01  0.1297343E-01  0.5198577E-03  0.3098257E-01
 0.4370000E+04  0.1745351E-01  0.1301144E-01  0.5167687E-03  0.3098171E-01
 0.4380000E+04  0.1746026E-01  0.1304989E-01  0.5136939E-03  0.3102385E-01
 0.4390000E+04  0.1739492E-01  0.1309330E-01  0.5106337E-03  0.3099885E-01
 0.4400000E+04  0.1733347E-01  0.1316223E-01  0.5075853E-03  0.3100329E-01
 0.4410000E+04  0.1728015E-01  0.1324472E-01  0.5045491E-03  0.3102942E-01
 0.4420000E+04  0.1723343E-01  0.1327853E-01  0.5015273E-03  0.3101349E-01
 0.4430000E+04  0.1717466E-01  0.1330627E-01  0.4985230E-03  0.3097945E-01
 0.4440000E+04  0.1716769E-01  0.1336594E-01  0.4955396E-03  0.3102916E-01
 0.4450000E+04  0.1713410E-01  0.1348731E-01  0.4925760E-03  0.3111398E-01
 0.4460000E+04  0.1711939E-01  0.1349115E-01  0.4896329E-03  0.3110017E-01
 0.4470000E+04  0.1711536E-01  0.1349157E-01  0.4867110E-03  0.3109363E-01
 0.4480000E+04  0.1711018E-01  0.1348881E-01  0.4838147E-03  0.3108281E-01
 0.4490000E+04  0.1710199E-01  0.1348034E-01  0.4809478E-03  0.3106327E-01
 0.4500000E+04  0.1710463E-01  0.1346859E-01  0.4781118E-03  0.3105132E-01
 0.4510000E+04  0.1711651E-01  0.1345196E-01  0.4753073E-03  0.3104378E-01
 0.4520000E+04  0.1713049E-01  0.1343402E-01  0.4725350E-03  0.3103705E-01
 0.4530000E+04  0.1715064E-01  0.1342228E-01  0.4697946E-03  0.3104271E-01
 0.4540000E+04  0.1717636E-01  0.1338583E-01  0.4670851E-03  0.3102928E-01
 0.4550000E+04  0.1722665E-01  0.1335778E-01  0.4644043E-03  0.3104883E-01
 0.4560000E+04  0.1724033E-01  0.1334219E-01  0.4617501E-03  0.3104427E-01
 0.4570000E+04  0.1724981E-01  0.1332849E-01  0.4591203E-03  0.3103742E-01
 0.4580000E+04  0.1727595E-01  0.1333062E-01  0.4565140E-03  0.3106308E-01
 0.4590000E+04  0.1738300E-01  0.1333087E-01  0.4539345E-03  0.3116780E-01
 0.4600000E+04  0.1738315E-01  0.1333145E-01  0.4513756E-03  0.3116597E-01
 0.4610000E+04  0.1737321E-01  0.1333982E-01  0.4488373E-03  0.3116186E-01
 0.4620000E+04  0.1732838E-01  0.1334627E-01  0.4463206E-03  0.3112097E-01
 0.4630000E+04  0.1733146E-01  0.1335871E-01  0.4438259E-03  0.3113400E-01
 0.4640000E+04  0.1736972E-01  0.1338074E-01  0.4413554E-03  0.3119181E-01
 0.4650000E+04  0.1783833E-01  0.1343249E-01  0.4389101E-03  0.3170973E-01
 0.4660000E+04  0.1781481E-01  0.1354560E-01  0.4364995E-03  0.3179692E-01
 0.4670000E+04  0.1743267E-01  0.1362067E-01  0.4341346E-03  0.3148748E-01
 0.4680000E+04  0.1739200E-01  0.1386196E-01  0.4318098E-03  0.3168577E-01
 0.4690000E+04  0.1726204E-01  0.1449802E-01  0.4295275E-03  0.3218959E-01
 0.4700000E+04  0.1705919E-01  0.1456396E-01  0.4272765E-03  0.3205043E-01
 0.4710000E+04  0.1706206E-01  0.1456838E-01  0.4250479E-03  0.3205548E-01
 0.4720000E+04  0.1707402E-01  0.1454678E-01  0.4228407E-03  0.3204364E-01
 0.4730000E+04  0.1710460E-01  0.1450517E-01  0.4206536E-03  0.3203042E-01
 0.4740000E+04  0.1713997E-01  0.1445399E-01  0.4184825E-03  0.3201244E-01
 0.4750000E+04  0.1717978E-01  0.1440212E-01  0.4163248E-03  0.3199822E-01
 0.4760000E+04  0.1720855E-01  0.1435859E-01  0.4141762E-03  0.3198132E-01
 0.4770000E+04  0.1722288E-01  0.1433075E-01  0.4120344E-03  0.3196567E-01
 0.4780000E+04  0.1720042E-01  0.1433640E-01  0.4098997E-03  0.3194673E-01
 0.4790000E+04  0.1719402E-01  0.1439131E-01  0.4077770E-03  0.3199311E-01
 0.4800000E+04  0.1724518E-01  0.1442852E-01  0.4056681E-03  0.3207937E-01
 0.4810000E+04  0.1724340E-01  0.1442769E-01  0.4035863E-03  0.3207468E-01
 0.4820000E+04  0.1721736E-01  0.1444012E-01  0.4015354E-03  0.3205901E-01
 0.4830000E+04  0.1719198E-01  0.1447676E-01  0.3995172E-03  0.3206826E-01
 0.4840000E+04  0.1715451E-01  0.1451512E-01  0.3975249E-03  0.3206715E-01
 0.4850000E+04  0.1707333E-01  0.1454197E-01  0.3955608E-03  0.3201086E-01
 0.4860000E+04  0.1704127E-01  0.1454455E-01  0.3936193E-03  0.3197944E-01
 0.4870000E+04  0.1702619E-01  0.1455046E-01  0.3916967E-03  0.3196835E-01
 0.4880000E+04  0.1700649E-01  0.1455685E-01  0.3897886E-03  0.3195313E-01
 0.4890000E+04  0.1698545E-01  0.1455827E-01  0.3878940E-03  0.3193161E-01
 0.4900000E+04  0.1696653E-01  0.1455948E-01  0.3860120E-03  0.3191202E-01
 0.4910000E+04  0.1738541E-01  0.1450919E-01  0.3841420E-03  0.3227875E-01
 0.4920000E+04  0.1739954E-01  0.1448183E-01  0.3823243E-03  0.3226370E-01
 0.4930000E+04  0.1692719E-01  0.1450611E-01  0.3805513E-03  0.3181385E-01
 0.4940000E+04  0.1692225E-01  0.1450014E-01  0.3787853E-03  0.3180117E-01
 0.4950000E+04  0.1694212E-01  0.1449430E-01  0.3770258E-03  0.3181344E-01
 0.4960000E+04  0.1692927E-01  0.1449031E-01  0.3752751E-03  0.3179486E-01
 0.4970000E+04  0.1693991E-01  0.1446928E-01  0.3735313E-03  0.3178273E-01
 0.4980000E+04  0.1836585E-01  0.1447946E-01  0.3717933E-03  0.3321710E-01
 0.4990000E+04  0.1783940E-01  0.1493608E-01  0.3701006E-03  0.3314558E-01
 0.5000000E+04  0.1700712E-01  0.1524497E-01  0.3684303E-03  0.3262052E-01
 0.5010000E+04  0.1702980E-01  0.1524554E-01  0.3667618E-03  0.3264209E-01
 0.5020000E+04  0.1703193E-01  0.1522139E-01  0.3650953E-03  0.3261842E-01
 0.5030000E+04  0.1722794E-01  0.1519244E-01  0.3634335E-03  0.3278382E-01
 0.5040000E+04  0.1729276E-01  0.1513872E-01  0.3617784E-03  0.3279326E-01
 0.5050000E+04  0.1728306E-01  0.1509828E-01  0.3601315E-03  0.3274147E-01
 0.5060000E+04  0.1729453E-01  0.1507115E-01  0.3584920E-03  0.3272418E-01
 0.5070000E+04  0.1729657E-01  0.1505805E-01  0.3568606E-03  0.3271148E-01
 0.5080000E+04  0.1728620E-01  0.1505238E-01  0.3552384E-03  0.3269382E-01
 0.5090000E+04  0.1729712E-01  0.1505094E-01  0.3536265E-03  0.3270168E-01
 0.5100000E+04  0.1728701E-01  0.1505210E-01  0.3520236E-03  0.3269114E-01
 0.5110000E+04  0.1733619E-01  0.1504372E-01  0.3504313E-03  0.3273034E-01
 0.5120000E+04  0.1736016E-01  0.1503475E-01  0.3488559E-03  0.3274377E-01
 0.5130000E+04  0.1738301E-01  0.1501361E-01  0.3472973E-03  0.3274391E-01
 0.5140000E+04  0.1738883E-01  0.1499371E-01  0.3457537E-03  0.3272829E-01
 0.5150000E+04  0.1738100E-01  0.1498104E-01  0.3442241E-03  0.3270627E-01
 0.5160000E+04  0.1737221E-01  0.1497568E-01  0.3427074E-03  0.3269059E-01
 0.5170000E+04  0.1735939E-01  0.1498096E-01  0.3412034E-03  0.3268155E-01
 0.5180000E+04  0.1734376E-01  0.1499775E-01  0.3397123E-03  0.3268123E-01
 0.5190000E+04  0.1732609E-01  0.1500102E-01  0.3382345E-03  0.3266535E-01
 0.5200000E+04  0.1730817E-01  0.1503092E-01  0.3367706E-03  0.3267586E-01
 0.5210000E+04  0.1738993E-01  0.1509571E-01  0.3353219E-03  0.3282096E-01
 0.5220000E+04  0.1735980E-01  0.1509367E-01  0.3338842E-03  0.3278735E-01
 0.5230000E+04  0.1735005E-01  0.1507881E-01  0.3324586E-03  0.3276132E-01
 0.5240000E+04  0.1737675E-01  0.1505501E-01  0.3310450E-03  0.3276280E-01
 0.5250000E+04  0.1756852E-01  0.1500661E-01  0.3296436E-03  0.3290478E-01
 0.5260000E+04  0.1764490E-01  0.1492026E-01  0.3282468E-03  0.3289341E-01
 0.5270000E+04  0.1762597E-01  0.1492508E-01  0.3268488E-03  0.3287790E-01
 0.5280000E+04  0.1829699E-01  0.1502612E-01  0.3254442E-03  0.3364855E-01
 0.5290000E+04  0.1732228E-01  0.1523291E-01  0.3240745E-03  0.3287927E-01
 0.5300000E+04  0.1715877E-01  0.1536073E-01  0.3227027E-03  0.3284220E-01
 0.5310000E+04  0.1707278E-01  0.1543605E-01  0.3213390E-03  0.3283017E-01
 0.5320000E+04  0.1703785E-01  0.1550588E-01  0.3199858E-03  0.3286371E-01
 0.5330000E+04  0.1702471E-01  0.1551303E-01  0.3186422E-03  0.3285638E-01
 0.5340000E+04  0.1701433E-01  0.1552095E-01  0.3173066E-03  0.3285259E-01
 0.5350000E+04  0.1700918E-01  0.1551074E-01  0.3159768E-03  0.3283589E-01
 0.5360000E+04  0.1700810E-01  0.1571241E-01  0.3146496E-03  0.3303516E-01
 0.5370000E+04  0.1701658E-01  0.1617898E-01  0.3133161E-03  0.3350887E-01
 0.5380000E+04  0.1702545E-01  0.1627177E-01  0.3119771E-03  0.3360919E-01
 0.5390000E+04  0.1699473E-01  0.1652199E-01  0.3106303E-03  0.3382735E-01
 0.5400000E+04  0.1702593E-01  0.1646669E-01  0.3092719E-03  0.3380190E-01
 0.5410000E+04  0.1717159E-01  0.1640181E-01  0.3079021E-03  0.3388130E-01
 0.5420000E+04  0.1722121E-01  0.1633617E-01  0.3065193E-03  0.3386389E-01
 0.5430000E+04  0.1740459E-01  0.1629056E-01  0.3051269E-03  0.3400028E-01
 0.5440000E+04  0.1739673E-01  0.1628010E-01  0.3037331E-03  0.3398056E-01
 0.5450000E+04  0.1743308E-01  0.1632154E-01  0.3023412E-03  0.3405696E-01
 0.5460000E+04  0.1728122E-01  0.1641230E-01  0.3009578E-03  0.3399447E-01
 0.5470000E+04  0.1718300E-01  0.1651377E-01  0.2995814E-03  0.3399635E-01
 0.5480000E+04  0.1708589E-01  0.1659995E-01  0.2982125E-03  0.3398405E-01
 0.5490000E+04  0.1699086E-01  0.1665510E-01  0.2968516E-03  0.3394281E-01
 0.5500000E+04  0.1696958E-01  0.1668526E-01  0.2954991E-03  0.3395034E-01
 0.5510000E+04  0.1697998E-01  0.1673556E-01  0.2941546E-03  0.3400970E-01
 0.5520000E+04  0.1698691E-01  0.1680399E-01  0.2928175E-03  0.3408372E-01
 0.5530000E+04  0.1705855E-01  0.1671309E-01  0.2914896E-03  0.3406314E-01
 0.5540000E+04  0.1719201E-01  0.1651266E-01  0.2901750E-03  0.3399485E-01
 0.5550000E+04  0.1749372E-01  0.1620397E-01  0.2888818E-03  0.3398657E-01
 0.5560000E+04  0.1773412E-01  0.1597477E-01  0.2876244E-03  0.3399651E-01
 0.5570000E+04  0.1761956E-01  0.1607126E-01  0.2864152E-03  0.3397724E-01
 0.5580000E+04  0.1727264E-01  0.1640778E-01  0.2852517E-03  0.3396567E-01
 0.5590000E+04  0.1699227E-01  0.1667888E-01  0.2841194E-03  0.3395526E-01
 0.5600000E+04  0.1716019E-01  0.2318477E-01  0.2830053E-03  0.4062796E-01
 0.5610000E+04  0.1701520E-01  0.4129912E-01  0.2811483E-03  0.5859547E-01
 0.5620000E+04  0.1677391E-01  0.4125428E-01  0.2792959E-03  0.5830748E-01
 0.5630000E+04  0.1676998E-01  0.4121621E-01  0.2774513E-03  0.5826364E-01
 0.5640000E+04  0.1692385E-01  0.4120291E-01  0.2756170E-03  0.5840237E-01
 0.5650000E+04  0.1699013E-01  0.4110331E-01  0.2737946E-03  0.5836723E-01
 0.5660000E+04  0.1707604E-01  0.4100821E-01  0.2719894E-03  0.5835624E-01
 0.5670000E+04  0.1702761E-01  0.4100114E-01  0.2702054E-03  0.5829895E-01
 0.5680000E+04  0.1697230E-01  0.4103940E-01  0.2684413E-03  0.5828014E-01
 0.5690000E+04  0.1697554E-01  0.4101941E-01  0.2666981E-03  0.5826165E-01
 0.5700000E+04  0.1697208E-01  0.9738404E-01  0.2649779E-03  0.1146211E+00
 0.5710000E+04  0.1683563E-01  0.2708638E+00  0.2625513E-03  0.2879620E+00
 0.5720000E+04  0.1708003E-01  0.2709979E+00  0.2602212E-03  0.2883382E+00
 0.5730000E+04  0.1702132E-01  0.2711011E+00  0.2579448E-03  0.2883804E+00
 0.5740000E+04  0.1708677E-01  0.2708617E+00  0.2557344E-03  0.2882042E+00
 0.5750000E+04  0.1702050E-01  0.2706623E+00  0.2535793E-03  0.2879363E+00
 0.5760000E+04  0.1671646E-01  0.2704598E+00  0.2514726E-03  0.2874278E+00
 0.5770000E+04  0.1670271E-01  0.2702056E+00  0.2494095E-03  0.2871578E+00
 0.5780000E+04  0.1669730E-01  0.2699562E+00  0.2473840E-03  0.2869009E+00
 0.5790000E+04  0.1696473E-01  0.2697143E+00  0.2453916E-03  0.2869244E+00
 0.5800000E+04  0.1696093E-01  0.2694525E+00  0.2434234E-03  0.2866569E+00
 0.5810000E+04  0.1696515E-01  0.2692070E+00  0.2414782E-03  0.2864137E+00
 0.5820000E+04  0.1693976E-01  0.2689643E+00  0.2395528E-03  0.2861436E+00
 0.5830000E+04  0.1691235E-01  0.2687265E+00  0.2376467E-03  0.2858765E+00
 0.5840000E+04  0.1688909E-01  0.2684859E+00  0.2357600E-03  0.2856108E+00
 0.5850000E+04  0.1709889E-01  0.2682793E+00  0.2338926E-03  0.2856121E+00
 0.5860000E+04  0.1763609E-01  0.2681288E+00  0.2320445E-03  0.2859969E+00
 0.5870000E+04  0.1752033E-01  0.2679702E+00  0.2302369E-03  0.2857208E+00
 0.5880000E+04  0.1695051E-01  0.2678669E+00  0.2284676E-03  0.2850459E+00
 0.5890000E+04  0.1693550E-01  0.2676871E+00  0.2267134E-03  0.2848493E+00
 0.5900000E+04  0.1693044E-01  0.2675339E+00  0.2249747E-03  0.2846893E+00
 0.5910000E+04  0.1695573E-01  0.2672481E+00  0.2232514E-03  0.2844271E+00
 0.5920000E+04  0.1699513E-01  0.2669465E+00  0.2215445E-03  0.2841632E+00
 0.5930000E+04  0.1703438E-01  0.2666412E+00  0.2198555E-03  0.2838955E+00
 0.5940000E+04  0.1707427E-01  0.2664366E+00  0.2181853E-03  0.2837290E+00
 0.5950000E+04  0.1709450E-01  0.2664570E+00  0.2165344E-03  0.2837680E+00
 0.5960000E+04  0.1711174E-01  0.2663077E+00  0.2149010E-03  0.2836344E+00
 0.5970000E+04  0.1711522E-01  0.2661429E+00  0.2132817E-03  0.2834714E+00
 0.5980000E+04  0.1715496E-01  0.2658790E+00  0.2116732E-03  0.2832457E+00
 0.5990000E+04  0.1715941E-01  0.2656155E+00  0.2100730E-03  0.2829849E+00
 0.6000000E+04  0.1718528E-01  0.2653628E+00  0.2084794E-03  0.2827566E+00
 0.6010000E+04  0.1716631E-01  0.2652080E+00  0.2068923E-03  0.2825812E+00
 0.6020000E+04  0.1716743E-01  0.2652521E+00  0.2053025E-03  0.2826249E+00
 0.6030000E+04  0.1717252E-01  0.2650002E+00  0.2037233E-03  0.2823765E+00
 0.6040000E+04  0.1718367E-01  0.2647494E+00  0.2021574E-03  0.2821352E+00
 0.6050000E+04  0.1727416E-01  0.2644718E+00  0.2006073E-03  0.2819466E+00
 0.6060000E+04  0.1729803E-01  0.2641856E+00  0.1990752E-03  0.2816827E+00
 0.6070000E+04  0.1729017E-01  0.2639166E+00  0.1975621E-03  0.2814044E+00
 0.6080000E+04  0.1771577E-01  0.2637078E+00  0.1960681E-03  0.2816196E+00
 0.6090000E+04  0.1760808E-01  0.2635731E+00  0.1945953E-03  0.2813758E+00
 0.6100000E+04  0.1745182E-01  0.2634572E+00  0.1931427E-03  0.2811022E+00
 0.6110000E+04  0.1733944E-01  0.2633404E+00  0.1917087E-03  0.2808715E+00
 0.6120000E+04  0.1724957E-01  0.2632281E+00  0.1902920E-03  0.2806679E+00
 0.6130000E+04  0.1720249E-01  0.2631214E+00  0.1888932E-03  0.2805128E+00
 0.6140000E+04  0.1717698E-01  0.2628992E+00  0.1875091E-03  0.2802637E+00
 0.6150000E+04  0.1717469E-01  0.2627479E+00  0.1861390E-03  0.2801087E+00
 0.6160000E+04  0.1734263E-01  0.2627418E+00  0.1847851E-03  0.2802692E+00
 0.6170000E+04  0.1737014E-01  0.2624550E+00  0.1834439E-03  0.2800086E+00
 0.6180000E+04  0.1740436E-01  0.2621662E+00  0.1821153E-03  0.2797526E+00
 0.6190000E+04  0.1758992E-01  0.2618849E+00  0.1807994E-03  0.2796556E+00
 0.6200000E+04  0.1758057E-01  0.2616425E+00  0.1794976E-03  0.2794025E+00
 0.6210000E+04  0.1760415E-01  0.2613583E+00  0.1782103E-03  0.2791407E+00
 0.6220000E+04  0.1761724E-01  0.2611508E+00  0.1769374E-03  0.2789450E+00
 0.6230000E+04  0.1750509E-01  0.2610085E+00  0.1756792E-03  0.2786892E+00
 0.6240000E+04  0.1749370E-01  0.2607503E+00  0.1744343E-03  0.2784184E+00
 0.6250000E+04  0.1746199E-01  0.2604875E+00  0.1732025E-03  0.2781227E+00
 0.6260000E+04  0.1742022E-01  0.2602206E+00  0.1719818E-03  0.2778128E+00
 0.6270000E+04  0.1745062E-01  0.2599536E+00  0.1707727E-03  0.2775750E+00
 0.6280000E+04  0.1748886E-01  0.2596725E+00  0.1695750E-03  0.2773309E+00
 0.6290000E+04  0.1755083E-01  0.2594038E+00  0.1683883E-03  0.2771230E+00
 0.6300000E+04  0.1754951E-01  0.2592185E+00  0.1672130E-03  0.2769352E+00
 0.6310000E+04  0.1752259E-01  0.2616980E+00  0.1660494E-03  0.2793866E+00
 0.6320000E+04  0.1754915E-01  0.2689515E+00  0.1648699E-03  0.2866655E+00
 0.6330000E+04  0.1753367E-01  0.2687893E+00  0.1636733E-03  0.2864867E+00
 0.6340000E+04  0.1753229E-01  0.2685997E+00  0.1624623E-03  0.2862945E+00
 0.6350000E+04  0.1754871E-01  0.2683305E+00  0.1612393E-03  0.2860404E+00
 0.6360000E+04  0.1754121E-01  0.2680857E+00  0.1600075E-03  0.2857869E+00
 0.6370000E+04  0.1753452E-01  0.2678162E+00  0.1587697E-03  0.2855095E+00
 0.6380000E+04  0.1756750E-01  0.2675460E+00  0.1575291E-03  0.2852710E+00
 0.6390000E+04  0.1764578E-01  0.2673168E+00  0.1562894E-03  0.2851189E+00
 0.6400000E+04  0.1770060E-01  0.2669472E+00  0.1550519E-03  0.2848029E+00
 0.6410000E+04  0.1801498E-01  0.2666757E+00  0.1538169E-03  0.2848445E+00
 0.6420000E+04  0.1809207E-01  0.2666290E+00  0.1525882E-03  0.2848736E+00
 0.6430000E+04  0.1813512E-01  0.2663525E+00  0.1513656E-03  0.2846390E+00
 0.6440000E+04  0.1810684E-01  0.2661619E+00  0.1501498E-03  0.2844189E+00
 0.6450000E+04  0.1803875E-01  0.2660106E+00  0.1489403E-03  0.2841982E+00
 0.6460000E+04  0.1783203E-01  0.2658091E+00  0.1477359E-03  0.2837889E+00
 0.6470000E+04  0.1778648E-01  0.2655855E+00  0.1465340E-03  0.2835185E+00
 0.6480000E+04  0.1772548E-01  0.2653748E+00  0.1453341E-03  0.2832456E+00
 0.6490000E+04  0.1760517E-01  0.2741826E+00  0.1441361E-03  0.2919319E+00
 0.6500000E+04  0.1762429E-01  0.3004828E+00  0.1430430E-03  0.3182501E+00
 0.6510000E+04  0.1773414E-01  0.3002950E+00  0.1418751E-03  0.3181710E+00
 0.6520000E+04  0.1770718E-01  0.3000317E+00  0.1406358E-03  0.3178795E+00
 0.6530000E+04  0.1769760E-01  0.2998853E+00  0.1393281E-03  0.3177223E+00
 0.6540000E+04  0.1775975E-01  0.2996787E+00  0.1379583E-03  0.3175764E+00
 0.6550000E+04  0.1768059E-01  0.2993936E+00  0.1365322E-03  0.3172107E+00
 0.6560000E+04  0.1768337E-01  0.2991021E+00  0.1350567E-03  0.3169206E+00
 0.6570000E+04  0.1771377E-01  0.2988601E+00  0.1335395E-03  0.3167074E+00
 0.6580000E+04  0.1767209E-01  0.2987590E+00  0.1319884E-03  0.3165631E+00
 0.6590000E+04  0.1765809E-01  0.2984796E+00  0.1304099E-03  0.3162681E+00
 0.6600000E+04  0.1765788E-01  0.2982074E+00  0.1288116E-03  0.3159941E+00
 0.6610000E+04  0.1761937E-01  0.2979688E+00  0.1272003E-03  0.3157154E+00
 0.6620000E+04  0.1785544E-01  0.2977496E+00  0.1255821E-03  0.3157306E+00
 0.6630000E+04  0.1769637E-01  0.2975894E+00  0.1239618E-03  0.3154098E+00
 0.6640000E+04  0.1759152E-01  0.2974387E+00  0.1223440E-03  0.3151526E+00
 0.6650000E+04  0.1753714E-01  0.5328797E+00  0.1207341E-03  0.5505375E+00
 0.6660000E+04  0.1859216E-01  0.1249610E+01  0.1187297E-03  0.1268321E+01
 0.6670000E+04  0.1750405E-01  0.1251317E+01  0.1164137E-03  0.1268938E+01
 0.6680000E+04  0.1731505E-01  0.1248758E+01  0.1138894E-03  0.1266187E+01
 0.6690000E+04  0.1735061E-01  0.1247982E+01  0.1112594E-03  0.1265444E+01
 0.6700000E+04  0.1734165E-01  0.1247182E+01  0.1086209E-03  0.1264632E+01
 0.6710000E+04  0.1735410E-01  0.1245921E+01  0.1060496E-03  0.1263381E+01
 0.6720000E+04  0.1737383E-01  0.1244659E+01  0.1035928E-03  0.1262136E+01
 0.6730000E+04  0.1735147E-01  0.1243411E+01  0.1012737E-03  0.1260864E+01
 0.6740000E+04  0.1732135E-01  0.1242189E+01  0.9909866E-04  0.1259609E+01
 0.6750000E+04  0.1730602E-01  0.1240972E+01  0.9706374E-04  0.1258375E+01
 0.6760000E+04  0.1727243E-01  0.1239787E+01  0.9515929E-04  0.1257155E+01
 0.6770000E+04  0.1724232E-01  0.1238751E+01  0.9337381E-04  0.1256087E+01
 0.6780000E+04  0.1727597E-01  0.1238113E+01  0.9169573E-04  0.1255480E+01
 0.6790000E+04  0.1729686E-01  0.1236890E+01  0.9011370E-04  0.1254277E+01
 0.6800000E+04  0.1732119E-01  0.1235737E+01  0.8861838E-04  0.1253147E+01
 0.6810000E+04  0.1738380E-01  0.1234463E+01  0.8720067E-04  0.1251934E+01
 0.6820000E+04  0.1741918E-01  0.1233235E+01  0.8585293E-04  0.1250740E+01
 0.6830000E+04  0.1742760E-01  0.1232087E+01  0.8456850E-04  0.1249599E+01
 0.6840000E+04  0.1742013E-01  0.1230863E+01  0.8334143E-04  0.1248366E+01
 0.6850000E+04  0.1740032E-01  0.1229653E+01  0.8216658E-04  0.1247135E+01
 0.6860000E+04  0.1744751E-01  0.1228452E+01  0.8103937E-04  0.1245980E+01
 0.6870000E+04  0.1740893E-01  0.1227263E+01  0.7995580E-04  0.1244751E+01
 0.6880000E+04  0.1736641E-01  0.1226088E+01  0.7891242E-04  0.1243533E+01
 0.6890000E+04  0.1733828E-01  0.1224898E+01  0.7790625E-04  0.1242314E+01
 0.6900000E+04  0.1731210E-01  0.1223716E+01  0.7693466E-04  0.1241105E+01
 0.6910000E+04  0.1727724E-01  0.1222513E+01  0.7599525E-04  0.1239866E+01
 0.6920000E+04  0.1726559E-01  0.1221318E+01  0.7508597E-04  0.1238659E+01
 0.6930000E+04  0.1727962E-01  0.1220139E+01  0.7420504E-04  0.1237492E+01
 0.6940000E+04  0.1741229E-01  0.1218914E+01  0.7335077E-04  0.1236400E+01
 0.6950000E+04  0.1744574E-01  0.1217670E+01  0.7252243E-04  0.1235188E+01
 0.6960000E+04  0.1748184E-01  0.1216437E+01  0.7171874E-04  0.1233991E+01
 0.6970000E+04  0.1799716E-01  0.1215303E+01  0.7093849E-04  0.1233371E+01
 0.6980000E+04  0.1754889E-01  0.1214164E+01  0.7017852E-04  0.1231783E+01
 0.6990000E+04  0.1754799E-01  0.1212969E+01  0.6944020E-04  0.1230586E+01
 0.7000000E+04  0.1749190E-01  0.1211845E+01  0.6872248E-04  0.1229406E+01
 0.7010000E+04  0.1741045E-01  0.1210722E+01  0.6802436E-04  0.1228201E+01
 0.7020000E+04  0.1726690E-01  0.1209609E+01  0.6734460E-04  0.1226943E+01
 0.7030000E+04  0.1734308E-01  0.1208488E+01  0.6668188E-04  0.1225898E+01
 0.7040000E+04  0.1731578E-01  0.1207456E+01  0.6603584E-04  0.1224838E+01
 0.7050000E+04  0.1732148E-01  0.1206292E+01  0.6540368E-04  0.1223679E+01
 0.7060000E+04  0.1732248E-01  0.1205174E+01  0.6478468E-04  0.1222562E+01
 0.7070000E+04  0.1754896E-01  0.1203950E+01  0.6417837E-04  0.1221563E+01
 0.7080000E+04  0.1757163E-01  0.1202725E+01  0.6358428E-04  0.1220360E+01
 0.7090000E+04  0.1742913E-01  0.1201504E+01  0.6300268E-04  0.1218996E+01
 0.7100000E+04  0.1743849E-01  0.1200282E+01  0.6243336E-04  0.1217783E+01
 0.7110000E+04  0.1743227E-01  0.1225796E+01  0.6187619E-04  0.1243290E+01
 0.7120000E+04  0.1749104E-01  0.1307475E+01  0.6119339E-04  0.1325028E+01
 0.7130000E+04  0.1750619E-01  0.1315115E+01  0.6050604E-04  0.1332681E+01
 0.7140000E+04  0.1751281E-01  0.1313738E+01  0.5981553E-04  0.1331310E+01
 0.7150000E+04  0.1744140E-01  0.1312350E+01  0.5912406E-04  0.1329851E+01
 0.7160000E+04  0.1756069E-01  0.1311126E+01  0.5843319E-04  0.1328745E+01
 0.7170000E+04  0.1745820E-01  0.1309888E+01  0.5774513E-04  0.1327404E+01
 0.7180000E+04  0.1752833E-01  0.1308600E+01  0.5706137E-04  0.1326186E+01
 0.7190000E+04  0.1749699E-01  0.1307368E+01  0.5638361E-04  0.1324922E+01
 0.7200000E+04  0.1747071E-01  0.1306069E+01  0.5571338E-04  0.1323596E+01
 0.7210000E+04  0.1757160E-01  0.1304807E+01  0.5505195E-04  0.1322434E+01
 0.7220000E+04  0.1756054E-01  0.1303639E+01  0.5440043E-04  0.1321254E+01
 0.7230000E+04  0.1751744E-01  0.1302457E+01  0.5375955E-04  0.1320028E+01
 0.7240000E+04  0.1752142E-01  0.1301176E+01  0.5313013E-04  0.1318750E+01
 0.7250000E+04  0.1751575E-01  0.1299938E+01  0.5251270E-04  0.1317506E+01
 0.7260000E+04  0.1748026E-01  0.1298736E+01  0.5190729E-04  0.1316268E+01
 0.7270000E+04  0.1747650E-01  0.1297458E+01  0.5131451E-04  0.1314986E+01
 0.7280000E+04  0.1763888E-01  0.1296156E+01  0.5073460E-04  0.1313845E+01
 0.7290000E+04  0.1767205E-01  0.1294854E+01  0.5016822E-04  0.1312577E+01
 0.7300000E+04  0.1768965E-01  0.1293564E+01  0.4961545E-04  0.1311304E+01
 0.7310000E+04  0.1775391E-01  0.1292389E+01  0.4907620E-04  0.1310192E+01
 0.7320000E+04  0.1775801E-01  0.1291441E+01  0.4855002E-04  0.1309248E+01
 0.7330000E+04  0.1876707E-01  0.1290299E+01  0.4803668E-04  0.1309114E+01
 0.7340000E+04  0.1844109E-01  0.1289353E+01  0.4753464E-04  0.1307841E+01
 0.7350000E+04  0.1797986E-01  0.1288438E+01  0.4704396E-04  0.1306465E+01
 0.7360000E+04  0.1774822E-01  0.1287384E+01  0.4656475E-04  0.1305179E+01
 0.7370000E+04  0.1769162E-01  0.1286188E+01  0.4609695E-04  0.1303926E+01
 0.7380000E+04  0.1764568E-01  0.1284926E+01  0.4564055E-04  0.1302618E+01
 0.7390000E+04  0.1762695E-01  0.1283673E+01  0.4519533E-04  0.1301345E+01
 0.7400000E+04  0.1764952E-01  0.1282396E+01  0.4476109E-04  0.1300090E+01
 0.7410000E+04  0.1766608E-01  0.1281098E+01  0.4433762E-04  0.1298808E+01
 0.7420000E+04  0.1777533E-01  0.1279712E+01  0.4392463E-04  0.1297531E+01
 0.7430000E+04  0.1801297E-01  0.1278231E+01  0.4352185E-04  0.1296287E+01
 0.7440000E+04  0.1832732E-01  0.1276698E+01  0.4312916E-04  0.1295069E+01
 0.7450000E+04  0.1924996E-01  0.1275269E+01  0.4274648E-04  0.1294561E+01
 0.7460000E+04  0.1839963E-01  0.1274102E+01  0.4237361E-04  0.1292544E+01
 0.7470000E+04  0.1777560E-01  0.1272953E+01  0.4200942E-04  0.1290771E+01
 0.7480000E+04  0.1782555E-01  0.1288704E+01  0.4165263E-04  0.1306571E+01
 0.7490000E+04  0.1778035E-01  0.1338289E+01  0.4129673E-04  0.1356111E+01
 0.7500000E+04  0.1777236E-01  0.1337008E+01  0.4094170E-04  0.1354821E+01
 0.7510000E+04  0.1769610E-01  0.1335748E+01  0.4058751E-04  0.1353485E+01
 0.7520000E+04  0.1768911E-01  0.1334499E+01  0.4023420E-04  0.1352229E+01
 0.7530000E+04  0.1760221E-01  0.1333304E+01  0.3988192E-04  0.1350946E+01
 0.7540000E+04  0.1775750E-01  0.1333333E+01  0.3953069E-04  0.1351130E+01
 0.7550000E+04  0.1766156E-01  0.1337837E+01  0.3917500E-04  0.1355538E+01
 0.7560000E+04  0.1774797E-01  0.1336542E+01  0.3882076E-04  0.1354329E+01
 0.7570000E+04  0.1778311E-01  0.1335245E+01  0.3846826E-04  0.1353067E+01
 0.7580000E+04  0.1767308E-01  0.1333959E+01  0.3811774E-04  0.1351670E+01
 0.7590000E+04  0.1781461E-01  0.1332669E+01  0.3776933E-04  0.1350522E+01
 0.7600000E+04  0.1782105E-01  0.1331539E+01  0.3742255E-04  0.1349397E+01
 0.7610000E+04  0.1777751E-01  0.1330653E+01  0.3707748E-04  0.1348468E+01
 0.7620000E+04  0.1770508E-01  0.1329670E+01  0.3673471E-04  0.1347412E+01
 0.7630000E+04  0.1765079E-01  0.1328653E+01  0.3639437E-04  0.1346340E+01
 0.7640000E+04  0.1764732E-01  0.1328162E+01  0.3605669E-04  0.1345846E+01
 0.7650000E+04  0.1765965E-01  0.1326874E+01  0.3572198E-04  0.1344569E+01
 0.7660000E+04  0.1762668E-01  0.1325571E+01  0.3539045E-04  0.1343233E+01
 0.7670000E+04  0.1757837E-01  0.1324266E+01  0.3506220E-04  0.1341879E+01
 0.7680000E+04  0.1753099E-01  0.1322962E+01  0.3473742E-04  0.1340528E+01
 0.7690000E+04  0.1764284E-01  0.1321661E+01  0.3441646E-04  0.1339338E+01
 0.7700000E+04  0.1769229E-01  0.1320424E+01  0.3409952E-04  0.1338150E+01
 0.7710000E+04  0.1770108E-01  0.1319226E+01  0.3378678E-04  0.1336961E+01
 0.7720000E+04  0.1772829E-01  0.1317887E+01  0.3347824E-04  0.1335648E+01
 0.7730000E+04  0.1771017E-01  0.1316549E+01  0.3317393E-04  0.1334292E+01
 0.7740000E+04  0.1790429E-01  0.1318766E+01  0.3287384E-04  0.1336703E+01
 0.7750000E+04  0.1785121E-01  0.1328211E+01  0.3257838E-04  0.1346095E+01
 0.7760000E+04  0.1764378E-01  0.1326988E+01  0.3228697E-04  0.1344664E+01
 0.7770000E+04  0.1793258E-01  0.1325625E+01  0.3199953E-04  0.1343590E+01
 0.7780000E+04  0.1791768E-01  0.1324283E+01  0.3171620E-04  0.1342232E+01
 0.7790000E+04  0.1775364E-01  0.1322950E+01  0.3143712E-04  0.1340735E+01
 0.7800000E+04  0.1820257E-01  0.1321609E+01  0.3116229E-04  0.1339842E+01
 0.7810000E+04  0.1820086E-01  0.1320338E+01  0.3089170E-04  0.1338569E+01
 0.7820000E+04  0.1813365E-01  0.1319139E+01  0.3062536E-04  0.1337304E+01
 0.7830000E+04  0.1809962E-01  0.1318062E+01  0.3036328E-04  0.1336192E+01
 0.7840000E+04  0.1799466E-01  0.1317326E+01  0.3010535E-04  0.1335351E+01
 0.7850000E+04  0.1795541E-01  0.1318882E+01  0.2985145E-04  0.1336868E+01
 0.7860000E+04  0.1785685E-01  0.1325594E+01  0.2960166E-04  0.1343481E+01
 0.7870000E+04  0.1767983E-01  0.1325817E+01  0.2935573E-04  0.1343526E+01
 0.7880000E+04  0.1765305E-01  0.1328847E+01  0.2911347E-04  0.1346530E+01
 0.7890000E+04  0.1760968E-01  0.1327536E+01  0.2887488E-04  0.1345175E+01
 0.7900000E+04  0.1762376E-01  0.1326300E+01  0.2863992E-04  0.1343953E+01
 0.7910000E+04  0.1762038E-01  0.1325228E+01  0.2840861E-04  0.1342877E+01
 0.7920000E+04  0.1765398E-01  0.1323901E+01  0.2818058E-04  0.1341584E+01
 0.7930000E+04  0.1775908E-01  0.1322558E+01  0.2795576E-04  0.1340345E+01
 0.7940000E+04  0.1765083E-01  0.1321217E+01  0.2773407E-04  0.1338895E+01
 0.7950000E+04  0.1760951E-01  0.1320059E+01  0.2751545E-04  0.1337696E+01
 0.7960000E+04  0.1758382E-01  0.1319198E+01  0.2729987E-04  0.1336809E+01
 0.7970000E+04  0.1771176E-01  0.1317888E+01  0.2708720E-04  0.1335627E+01
 0.7980000E+04  0.1771055E-01  0.1316605E+01  0.2687760E-04  0.1334343E+01
 0.7990000E+04  0.1775742E-01  0.1315379E+01  0.2667100E-04  0.1333164E+01
 0.8000000E+04  0.1777392E-01  0.1314085E+01  0.2646737E-04  0.1331886E+01
 0.8010000E+04  0.1781982E-01  0.1312780E+01  0.2626661E-04  0.1330626E+01
 0.8020000E+04  0.1786867E-01  0.1311506E+01  0.2606862E-04  0.1329401E+01
 0.8030000E+04  0.1787378E-01  0.1310295E+01  0.2587337E-04  0.1328194E+01
 0.8040000E+04  0.1789485E-01  0.1309031E+01  0.2568076E-04  0.1326952E+01
 0.8050000E+04  0.1789504E-01  0.1307716E+01  0.2549074E-04  0.1325636E+01
 0.8060000E+04  0.1787694E-01  0.1306413E+01  0.2530327E-04  0.1324315E+01
 0.8070000E+04  0.1804437E-01  0.1305121E+01  0.2511830E-04  0.1323190E+01
 0.8080000E+04  0.1812970E-01  0.1303978E+01  0.2493576E-04  0.1322133E+01
 0.8090000E+04  0.1811502E-01  0.1303241E+01  0.2475564E-04  0.1321381E+01
 0.8100000E+04  0.1811960E-01  0.1302174E+01  0.2457788E-04  0.1320318E+01
 0.8110000E+04  0.1807036E-01  0.1300912E+01  0.2440246E-04  0.1319006E+01
 0.8120000E+04  0.1803645E-01  0.1299638E+01  0.2422931E-04  0.1317698E+01
 0.8130000E+04  0.1812824E-01  0.1298354E+01  0.2405838E-04  0.1316507E+01
 0.8140000E+04  0.1810435E-01  0.1323934E+01  0.2388962E-04  0.1342062E+01
 0.8150000E+04  0.1821627E-01  0.1402380E+01  0.2376087E-04  0.1420620E+01
 0.8160000E+04  0.1813675E-01  0.1400993E+01  0.2362192E-04  0.1419154E+01
 0.8170000E+04  0.1816609E-01  0.1399622E+01  0.2347302E-04  0.1417812E+01
 0.8180000E+04  0.1813121E-01  0.1459237E+01  0.2331451E-04  0.1477392E+01
 0.8190000E+04  0.1813154E-01  0.1641063E+01  0.2314709E-04  0.1659218E+01
 0.8200000E+04  0.1807863E-01  0.1639374E+01  0.2297084E-04  0.1657476E+01
 0.8210000E+04  0.1821604E-01  0.1637609E+01  0.2278640E-04  0.1655848E+01
 0.8220000E+04  0.1813052E-01  0.1636017E+01  0.2259434E-04  0.1654171E+01
 0.8230000E+04  0.1789893E-01  0.1634662E+01  0.2239548E-04  0.1652583E+01
 0.8240000E+04  0.1785927E-01  0.1633062E+01  0.2219061E-04  0.1650943E+01
 0.8250000E+04  0.1783630E-01  0.1631447E+01  0.2198054E-04  0.1649305E+01
 0.8260000E+04  0.1783129E-01  0.1629826E+01  0.2176609E-04  0.1647679E+01
 0.8270000E+04  0.1786427E-01  0.1628187E+01  0.2154804E-04  0.1646073E+01
 0.8280000E+04  0.1794590E-01  0.1669210E+01  0.2132720E-04  0.1687177E+01
 0.8290000E+04  0.1814275E-01  0.1797743E+01  0.2109792E-04  0.1815907E+01
 0.8300000E+04  0.1807584E-01  0.1795799E+01  0.2086607E-04  0.1813896E+01
 0.8310000E+04  0.1837348E-01  0.1794025E+01  0.2063243E-04  0.1812419E+01
 0.8320000E+04  0.1830449E-01  0.1792375E+01  0.2039753E-04  0.1810700E+01
 0.8330000E+04  0.1828595E-01  0.1790895E+01  0.2016199E-04  0.1809201E+01
 0.8340000E+04  0.1827757E-01  0.1789628E+01  0.1992643E-04  0.1807926E+01
 0.8350000E+04  0.1828359E-01  0.1787866E+01  0.1969142E-04  0.1806169E+01
 0.8360000E+04  0.1828746E-01  0.1786162E+01  0.1945744E-04  0.1804469E+01
 0.8370000E+04  0.1826726E-01  0.1784406E+01  0.1922493E-04  0.1802693E+01
 0.8380000E+04  0.1821817E-01  0.1782666E+01  0.1899427E-04  0.1800903E+01
 0.8390000E+04  0.1898758E-01  0.1780914E+01  0.1876580E-04  0.1799920E+01
 0.8400000E+04  0.1879797E-01  0.1779301E+01  0.1853988E-04  0.1798118E+01
 0.8410000E+04  0.1827167E-01  0.1777687E+01  0.1831677E-04  0.1795977E+01
 0.8420000E+04  0.1859954E-01  0.1776057E+01  0.1809670E-04  0.1794674E+01
 0.8430000E+04  0.1876939E-01  0.1774446E+01  0.1787989E-04  0.1793233E+01
 0.8440000E+04  0.1835084E-01  0.1807812E+01  0.1766650E-04  0.1826181E+01
 0.8450000E+04  0.1839022E-01  0.1911588E+01  0.1744830E-04  0.1929995E+01
 0.8460000E+04  0.1837804E-01  0.1909624E+01  0.1722774E-04  0.1928019E+01
 0.8470000E+04  0.1841096E-01  0.1907768E+01  0.1700525E-04  0.1926196E+01
 0.8480000E+04  0.1842149E-01  0.1907477E+01  0.1678124E-04  0.1925916E+01
 0.8490000E+04  0.1838445E-01  0.1910376E+01  0.1655630E-04  0.1928777E+01
 0.8500000E+04  0.1835226E-01  0.1908526E+01  0.1633073E-04  0.1926895E+01
 0.8510000E+04  0.1843942E-01  0.1906664E+01  0.1610498E-04  0.1925119E+01
 0.8520000E+04  0.1857110E-01  0.1904804E+01  0.1587944E-04  0.1923391E+01
 0.8530000E+04  0.1941857E-01  0.1902972E+01  0.1565452E-04  0.1922406E+01
 0.8540000E+04  0.1918674E-01  0.1901313E+01  0.1543056E-04  0.1920515E+01
 0.8550000E+04  0.1918199E-01  0.1899722E+01  0.1520803E-04  0.1918920E+01
 0.8560000E+04  0.1877701E-01  0.1898122E+01  0.1498728E-04  0.1916914E+01
 0.8570000E+04  0.1837311E-01  0.1896473E+01  0.1476866E-04  0.1914861E+01
 0.8580000E+04  0.1829237E-01  0.1894822E+01  0.1455249E-04  0.1913128E+01
 0.8590000E+04  0.1805938E-01  0.1919992E+01  0.1433909E-04  0.1938066E+01
 0.8600000E+04  0.1805462E-01  0.1999059E+01  0.1412879E-04  0.2017127E+01
 0.8610000E+04  0.1804138E-01  0.1997191E+01  0.1392163E-04  0.2015246E+01
 0.8620000E+04  0.1798821E-01  0.1995455E+01  0.1371776E-04  0.2013457E+01
 0.8630000E+04  0.1796346E-01  0.1993479E+01  0.1351741E-04  0.2011456E+01
 0.8640000E+04  0.1815734E-01  0.1991643E+01  0.1332073E-04  0.2009814E+01
 0.8650000E+04  0.1814475E-01  0.1989643E+01  0.1312781E-04  0.2007800E+01
 0.8660000E+04  0.1814999E-01  0.1987650E+01  0.1293875E-04  0.2005813E+01
 0.8670000E+04  0.1813680E-01  0.1985673E+01  0.1275362E-04  0.2003823E+01
 0.8680000E+04  0.1810139E-01  0.1983682E+01  0.1257246E-04  0.2001796E+01
 0.8690000E+04  0.1815316E-01  0.1981713E+01  0.1239532E-04  0.1999878E+01
 0.8700000E+04  0.1818633E-01  0.1981703E+01  0.1222221E-04  0.1999901E+01
 0.8710000E+04  0.1820891E-01  0.1985714E+01  0.1205310E-04  0.2003935E+01
 0.8720000E+04  0.1826911E-01  0.1984940E+01  0.1188793E-04  0.2003221E+01
 0.8730000E+04  0.1828765E-01  0.1982941E+01  0.1172668E-04  0.2001240E+01
 0.8740000E+04  0.1830411E-01  0.1980993E+01  0.1156930E-04  0.1999309E+01
 0.8750000E+04  0.1828156E-01  0.1979104E+01  0.1141573E-04  0.1997397E+01
 0.8760000E+04  0.1862086E-01  0.1977427E+01  0.1126588E-04  0.1996059E+01
 0.8770000E+04  0.1841421E-01  0.1976151E+01  0.1111969E-04  0.1994577E+01
 0.8780000E+04  0.1792360E-01  0.1974377E+01  0.1097707E-04  0.1992312E+01
 0.8790000E+04  0.1814407E-01  0.1972598E+01  0.1083796E-04  0.1990753E+01
 0.8800000E+04  0.1814446E-01  0.1970726E+01  0.1070228E-04  0.1988882E+01
 0.8810000E+04  0.1795831E-01  0.1969034E+01  0.1056995E-04  0.1987003E+01
 0.8820000E+04  0.1799405E-01  0.1967113E+01  0.1044090E-04  0.1985118E+01
 0.8830000E+04  0.1805792E-01  0.1965232E+01  0.1031503E-04  0.1983301E+01
 0.8840000E+04  0.1826359E-01  0.1965883E+01  0.1019227E-04  0.1984157E+01
 0.8850000E+04  0.1837857E-01  0.1971831E+01  0.1007276E-04  0.1990220E+01
 0.8860000E+04  0.1856371E-01  0.1980073E+01  0.9956174E-05  0.1998646E+01
 0.8870000E+04  0.1853573E-01  0.2008074E+01  0.9842345E-05  0.2026619E+01
 0.8880000E+04  0.1850353E-01  0.2008310E+01  0.9731225E-05  0.2026823E+01
 0.8890000E+04  0.1851449E-01  0.2012742E+01  0.9622450E-05  0.2031266E+01
 0.8900000E+04  0.1843509E-01  0.2010796E+01  0.9516186E-05  0.2029240E+01
 0.8910000E+04  0.1835019E-01  0.2008790E+01  0.9412377E-05  0.2027150E+01
 0.8920000E+04  0.1837003E-01  0.2008585E+01  0.9310955E-05  0.2026965E+01
 0.8930000E+04  0.1832379E-01  0.2012063E+01  0.9211885E-05  0.2030396E+01
 0.8940000E+04  0.1842488E-01  0.2010038E+01  0.9115079E-05  0.2028472E+01
 0.8950000E+04  0.1848714E-01  0.2008021E+01  0.9020480E-05  0.2026517E+01
 0.8960000E+04  0.1861671E-01  0.2006011E+01  0.8928026E-05  0.2024636E+01
 0.8970000E+04  0.1868281E-01  0.2009812E+01  0.8837646E-05  0.2028504E+01
 0.8980000E+04  0.1874745E-01  0.2026336E+01  0.8749307E-05  0.2045092E+01
 0.8990000E+04  0.1871372E-01  0.2042616E+01  0.8662938E-05  0.2061338E+01
 0.9000000E+04  0.1863463E-01  0.2080340E+01  0.8578558E-05  0.2098983E+01
 0.9010000E+04  0.1870476E-01  0.2088901E+01  0.8495880E-05  0.2107614E+01
 0.9020000E+04  0.1872411E-01  0.2118447E+01  0.8414829E-05  0.2137179E+01
 0.9030000E+04  0.1881822E-01  0.2116338E+01  0.8335372E-05  0.2135164E+01
 0.9040000E+04  0.1889594E-01  0.2114197E+01  0.8257465E-05  0.2133101E+01
 0.9050000E+04  0.1900632E-01  0.2112390E+01  0.8181060E-05  0.2131404E+01
 0.9060000E+04  0.1910016E-01  0.2111006E+01  0.8106048E-05  0.2130114E+01
 0.9070000E+04  0.1911810E-01  0.2108802E+01  0.8032447E-05  0.2127928E+01
 0.9080000E+04  0.1922321E-01  0.2106603E+01  0.7960215E-05  0.2125834E+01
 0.9090000E+04  0.1931314E-01  0.2104439E+01  0.7889313E-05  0.2123760E+01
 0.9100000E+04  0.1930208E-01  0.2102340E+01  0.7819702E-05  0.2121650E+01
 0.9110000E+04  0.1926295E-01  0.2100321E+01  0.7751343E-05  0.2119592E+01
 0.9120000E+04  0.1917924E-01  0.2098371E+01  0.7684188E-05  0.2117558E+01
 0.9130000E+04  0.1898953E-01  0.2096404E+01  0.7618204E-05  0.2115401E+01
 0.9140000E+04  0.1909629E-01  0.2094591E+01  0.7553347E-05  0.2113695E+01
 0.9150000E+04  0.1885884E-01  0.2093209E+01  0.7489490E-05  0.2112075E+01
 0.9160000E+04  0.1905776E-01  0.2091195E+01  0.7426692E-05  0.2110260E+01
 0.9170000E+04  0.1916899E-01  0.2089596E+01  0.7364914E-05  0.2108772E+01
 0.9180000E+04  0.1989861E-01  0.2088750E+01  0.7304121E-05  0.2108655E+01
 0.9190000E+04  0.1988700E-01  0.2086727E+01  0.7244289E-05  0.2106622E+01
 0.9200000E+04  0.1961723E-01  0.2084926E+01  0.7185394E-05  0.2104550E+01
 0.9210000E+04  0.1934664E-01  0.2083224E+01  0.7127413E-05  0.2102578E+01
 0.9220000E+04  0.1913973E-01  0.2081377E+01  0.7070309E-05  0.2100523E+01
 0.9230000E+04  0.1901391E-01  0.2080894E+01  0.7014076E-05  0.2099914E+01
 0.9240000E+04  0.1912437E-01  0.2083412E+01  0.6958704E-05  0.2102544E+01
 0.9250000E+04  0.1913239E-01  0.2081338E+01  0.6904165E-05  0.2100477E+01
 0.9260000E+04  0.1923452E-01  0.2079293E+01  0.6850409E-05  0.2098535E+01
 0.9270000E+04  0.1917703E-01  0.2077222E+01  0.6797441E-05  0.2096406E+01
 0.9280000E+04  0.1926138E-01  0.2075192E+01  0.6745245E-05  0.2094460E+01
 0.9290000E+04  0.1916769E-01  0.2073301E+01  0.6693805E-05  0.2092476E+01
 0.9300000E+04  0.1902943E-01  0.2071578E+01  0.6643105E-05  0.2090614E+01
 0.9310000E+04  0.1896944E-01  0.2070741E+01  0.6593125E-05  0.2089717E+01
 0.9320000E+04  0.1898184E-01  0.2072218E+01  0.6543851E-05  0.2091206E+01
 0.9330000E+04  0.1915814E-01  0.2070174E+01  0.6495260E-05  0.2089339E+01
 0.9340000E+04  0.1910210E-01  0.2068123E+01  0.6447309E-05  0.2087232E+01
 0.9350000E+04  0.1888995E-01  0.2066140E+01  0.6399993E-05  0.2085037E+01
 0.9360000E+04  0.1891293E-01  0.2064407E+01  0.6353334E-05  0.2083327E+01
 0.9370000E+04  0.1885602E-01  0.2062836E+01  0.6307261E-05  0.2081699E+01
 0.9380000E+04  0.1883031E-01  0.2060817E+01  0.6261820E-05  0.2079654E+01
 0.9390000E+04  0.1877775E-01  0.2058906E+01  0.6216994E-05  0.2077690E+01
 0.9400000E+04  0.1873789E-01  0.2057184E+01  0.6172763E-05  0.2075928E+01
 0.9410000E+04  0.1924570E-01  0.2055089E+01  0.6129117E-05  0.2074341E+01
 0.9420000E+04  0.1930309E-01  0.2053081E+01  0.6086064E-05  0.2072390E+01
 0.9430000E+04  0.1919847E-01  0.2051241E+01  0.6043590E-05  0.2070446E+01
 0.9440000E+04  0.1917280E-01  0.2049259E+01  0.6001678E-05  0.2068438E+01
 0.9450000E+04  0.1911835E-01  0.2047350E+01  0.5960299E-05  0.2066474E+01
 0.9460000E+04  0.1934877E-01  0.2045359E+01  0.5919446E-05  0.2064714E+01
 0.9470000E+04  0.1958583E-01  0.2043418E+01  0.5879048E-05  0.2063010E+01
 0.9480000E+04  0.1987023E-01  0.2054367E+01  0.5839065E-05  0.2074243E+01
 0.9490000E+04  0.1965095E-01  0.2259957E+01  0.5799363E-05  0.2279613E+01
 0.9500000E+04  0.1956464E-01  0.2763540E+01  0.5757500E-05  0.2783110E+01
 0.9510000E+04  0.1953408E-01  0.2761013E+01  0.5709562E-05  0.2780553E+01
 0.9520000E+04  0.1934038E-01  0.2758672E+01  0.5655942E-05  0.2778018E+01
 0.9530000E+04  0.1916452E-01  0.2756040E+01  0.5597151E-05  0.2775210E+01
 0.9540000E+04  0.1904839E-01  0.2773140E+01  0.5533764E-05  0.2792194E+01
 0.9550000E+04  0.1901824E-01  0.2830271E+01  0.5466418E-05  0.2849295E+01
 0.9560000E+04  0.1896542E-01  0.2828935E+01  0.5395765E-05  0.2847906E+01
 0.9570000E+04  0.1890606E-01  0.2830558E+01  0.5322470E-05  0.2849470E+01
 0.9580000E+04  0.1879699E-01  0.2827799E+01  0.5247163E-05  0.2846602E+01
 0.9590000E+04  0.1874227E-01  0.2825463E+01  0.5170459E-05  0.2844211E+01
 0.9600000E+04  0.1869965E-01  0.2824039E+01  0.5092931E-05  0.2842744E+01
 0.9610000E+04  0.1875457E-01  0.2821234E+01  0.5015093E-05  0.2839994E+01
 0.9620000E+04  0.1873057E-01  0.2818456E+01  0.4937398E-05  0.2837192E+01
 0.9630000E+04  0.1871832E-01  0.2815669E+01  0.4860256E-05  0.2834392E+01
 0.9640000E+04  0.1870592E-01  0.2812869E+01  0.4784009E-05  0.2831579E+01
 0.9650000E+04  0.1872745E-01  0.2810042E+01  0.4708942E-05  0.2828774E+01
 0.9660000E+04  0.1876270E-01  0.2807198E+01  0.4635289E-05  0.2825965E+01
 0.9670000E+04  0.1883143E-01  0.2805431E+01  0.4563231E-05  0.2824267E+01
 0.9680000E+04  0.1890848E-01  0.2805891E+01  0.4492661E-05  0.2824804E+01
 0.9690000E+04  0.1897905E-01  0.2803080E+01  0.4423914E-05  0.2822064E+01
 0.9700000E+04  0.1899342E-01  0.2800273E+01  0.4357053E-05  0.2819270E+01
 0.9710000E+04  0.1900095E-01  0.2797463E+01  0.4292117E-05  0.2816469E+01
 0.9720000E+04  0.1902010E-01  0.2794818E+01  0.4229121E-05  0.2813842E+01
 0.9730000E+04  0.1911821E-01  0.2792489E+01  0.4168007E-05  0.2811612E+01
 0.9740000E+04  0.1914653E-01  0.2790710E+01  0.4108802E-05  0.2809860E+01
 0.9750000E+04  0.1926606E-01  0.2790240E+01  0.4051472E-05  0.2809510E+01
 0.9760000E+04  0.1939836E-01  0.2789593E+01  0.3995972E-05  0.2808996E+01
 0.9770000E+04  0.1934261E-01  0.2793844E+01  0.3942126E-05  0.2813190E+01
 0.9780000E+04  0.2007198E-01  0.2791041E+01  0.3890002E-05  0.2811117E+01
 0.9790000E+04  0.1962379E-01  0.2788397E+01  0.3839546E-05  0.2808025E+01
 0.9800000E+04  0.1981653E-01  0.2785789E+01  0.3790699E-05  0.2805609E+01
 0.9810000E+04  0.1982791E-01  0.2783422E+01  0.3743377E-05  0.2803254E+01
 0.9820000E+04  0.1944627E-01  0.2780904E+01  0.3697543E-05  0.2800354E+01
 0.9830000E+04  0.1927241E-01  0.2780527E+01  0.3653137E-05  0.2799803E+01
 0.9840000E+04  0.1976523E-01  0.3838906E+01  0.3610108E-05  0.3858674E+01
 0.9850000E+04  0.1957405E-01  0.7002613E+01  0.3568570E-05  0.7022191E+01
 0.9860000E+04  0.1947390E-01  0.6994802E+01  0.3527338E-05  0.7014279E+01
 0.9870000E+04  0.1932594E-01  0.6988021E+01  0.3486435E-05  0.7007350E+01
 0.9880000E+04  0.1912993E-01  0.6981276E+01  0.3445921E-05  0.7000410E+01
 0.9890000E+04  0.1906065E-01  0.6976440E+01  0.3405813E-05  0.6995504E+01
 0.9900000E+04  0.1916098E-01  0.6976060E+01  0.3366146E-05  0.6995225E+01
 0.9910000E+04  0.1922150E-01  0.6969370E+01  0.3326952E-05  0.6988595E+01
 0.9920000E+04  0.1917563E-01  0.6998574E+01  0.3288280E-05  0.7017753E+01
 0.9930000E+04  0.1922518E-01  0.7099694E+01  0.3250175E-05  0.7118923E+01
 0.9940000E+04  0.1903807E-01  0.7092727E+01  0.3212666E-05  0.7111768E+01
 0.9950000E+04  0.1905916E-01  0.7086051E+01  0.3175784E-05  0.7105113E+01
 0.9960000E+04  0.1905645E-01  0.7079019E+01  0.3139561E-05  0.7098078E+01
 0.9970000E+04  0.1899105E-01  0.7071942E+01  0.3104018E-05  0.7090937E+01
 0.9980000E+04  0.1933690E-01  0.7064936E+01  0.3069173E-05  0.7084276E+01
 0.9990000E+04  0.1923095E-01  0.7058215E+01  0.3035032E-05  0.7077449E+01
 0.1000000E+05  0.2020075E-01  0.7376170E+01  0.3001598E-05  0.7396373E+01
