-0.2324581E+01  0.1317455E+00  0.1461133E+01 -0.3853339E+00 -0.9222939E+00  0.5624912E+00
-0.2069715E+01  0.2057990E+00  0.1921520E+01 -0.2814605E+00 -0.8645297E+00  0.5188028E+00
-0.2012519E+01  0.3792370E+00  0.1775431E+01 -0.2519799E+00 -0.6861699E+00  0.5528439E+00
-0.2328006E+01  0.2222770E+00  0.1404988E+01 -0.2392142E+00 -0.6049815E+00  0.4404100E+00
-0.2285177E+01  0.1857622E+00  0.1361231E+01 -0.3721923E+00 -0.9400662E+00  0.4091202E+00
-0.2241640E+01  0.1581902E+00  0.1313439E+01 -0.5371579E+00 -0.9660713E+00  0.4809459E+00
-0.2125035E+01  0.1928449E+00  0.1325210E+01 -0.4905276E+00 -0.9560575E+00  0.4875598E+00
-0.2202623E+01  0.2437918E+00  0.1691615E+01 -0.2347363E+00 -0.5014919E+00  0.6995398E+00
-0.2084886E+01  0.1103247E+00  0.1368893E+01 -0.5199300E+00 -0.1009024E+01  0.4883632E+00
-0.2103940E+01  0.3101257E+00  0.1471146E+01 -0.2767499E+00 -0.7584342E+00  0.5094076E+00
-0.1852769E+01  0.2165841E+00  0.1309293E+01 -0.4772371E+00 -0.9529592E+00  0.3631635E+00
-0.2411942E+01  0.1064930E+00  0.1126267E+01 -0.5201263E+00 -0.9366058E+00  0.4127794E+00
-0.2393889E+01  0.1934225E+00  0.1332786E+01 -0.3198754E+00 -0.7540330E+00  0.6384760E+00
-0.2068902E+01  0.2630294E+00  0.1484521E+01 -0.3228934E+00 -0.1037780E+01  0.4327858E+00
-0.2055973E+01  0.3141951E+00  0.1442285E+01 -0.3631726E+00 -0.7825677E+00  0.4524412E+00
-0.2036987E+01  0.2178886E+00  0.1228888E+01 -0.3573311E+00 -0.9111275E+00  0.3703650E+00
-0.2570442E+01  0.1263411E+00  0.1354326E+01 -0.3062172E+00 -0.9999684E+00  0.4861963E+00
-0.1969983E+01  0.4120321E+00  0.1360339E+01 -0.5188647E+00 -0.9401712E+00  0.4545968E+00
-0.1918281E+01  0.2851490E+00  0.1389800E+01 -0.2703914E+00 -0.7672924E+00  0.4942013E+00
-0.2131598E+01  0.3044709E+00  0.1275818E+01 -0.4166684E+00 -0.5500060E+00  0.3953930E+00
-0.2034178E+01  0.9940281E-01  0.1503095E+01 -0.3757419E+00 -0.5395548E+00  0.5881707E+00
-0.2123210E+01  0.2082285E+00  0.1415774E+01 -0.4602099E+00 -0.9173056E+00  0.4474739E+00
-0.2240298E+01 -0.1013704E-01  0.1296810E+01 -0.4847267E+00 -0.7632748E+00  0.3763841E+00
-0.1846566E+01  0.3019044E+00  0.1367647E+01 -0.3663026E+00 -0.7767915E+00  0.3324863E+00
-0.2269300E+01  0.1504445E+00  0.1598322E+01 -0.3764476E+00 -0.7841269E+00  0.5388951E+00
-0.2070660E+01  0.1731428E+00  0.1472226E+01 -0.2978335E+00 -0.7807294E+00  0.5538572E+00
-0.2005824E+01  0.9970325E-01  0.1306839E+01 -0.4986088E+00 -0.8947555E+00  0.4560799E+00
-0.2151551E+01  0.7479815E-01  0.1184097E+01 -0.5968852E+00 -0.8312582E+00  0.5263353E+00
-0.2256103E+01  0.1546895E+00  0.1317182E+01 -0.5352161E+00 -0.1061555E+01  0.3854238E+00
-0.1984710E+01  0.3875663E+00  0.1321655E+01 -0.5491817E+00 -0.7175206E+00  0.2139426E+00
-0.2433089E+01  0.5698824E-01  0.1324780E+01 -0.4819399E+00 -0.1014307E+01  0.4761885E+00
-0.2430875E+01  0.1456556E+00  0.1517444E+01 -0.5031561E+00 -0.8818953E+00  0.5609731E+00
-0.2155357E+01  0.3050169E+00  0.1462201E+01 -0.3891119E+00 -0.8423848E+00  0.4087405E+00
-0.1942738E+01  0.2898573E+00  0.1243022E+01 -0.3495272E+00 -0.1144273E+01  0.4491418E+00
-0.2148203E+01  0.4032276E+00  0.1274668E+01 -0.4483324E+00 -0.8338165E+00  0.5751836E+00
-0.2101540E+01  0.2610408E+00  0.1699177E+01 -0.2712245E+00 -0.9464000E+00  0.5625823E+00
-0.2329799E+01  0.2036250E+00  0.1253410E+01 -0.5088145E+00 -0.1083791E+01  0.3713381E+00
-0.2138943E+01  0.1390462E+00  0.1363050E+01 -0.4246504E+00 -0.8797075E+00  0.5144210E+00
-0.2064809E+01  0.2697481E+00  0.1146187E+01 -0.4881392E+00 -0.1043311E+01  0.4074745E+00
-0.1991321E+01  0.2152219E+00  0.1355284E+01 -0.3517172E+00 -0.8985932E+00  0.3298529E+00
-0.2110325E+01  0.2195409E+00  0.1162428E+01 -0.4270864E+00 -0.7689747E+00  0.4274514E+00
-0.2181547E+01  0.1218265E+00  0.1294937E+01 -0.6348947E+00 -0.1284259E+01  0.3186368E+00
-0.2487398E+01  0.1263672E+00  0.1408554E+01 -0.4422749E+00 -0.1133879E+01  0.4055634E+00
-0.2116737E+01  0.1097332E+00  0.1308087E+01 -0.3550591E+00 -0.5511404E+00  0.5573259E+00
-0.2225689E+01  0.1572502E+00  0.1568498E+01 -0.3746641E+00 -0.6329380E+00  0.4558803E+00
-0.2111707E+01  0.2219763E+00  0.1480515E+01 -0.3684464E+00 -0.1005711E+01  0.4585147E+00
-0.2102251E+01  0.2086055E+00  0.1210231E+01 -0.4798466E+00 -0.9244929E+00  0.3093293E+00
-0.2303653E+01  0.8768517E-01  0.1530107E+01 -0.3349291E+00 -0.6301632E+00  0.5607501E+00
-0.2051281E+01  0.2646511E+00  0.1334603E+01 -0.4651576E+00 -0.8836571E+00  0.4910114E+00
-0.2409715E+01 -0.1166749E-01  0.1179723E+01 -0.5130619E+00 -0.7920024E+00  0.4945813E+00
-0.1956831E+01  0.3391206E+00  0.1428845E+01 -0.3447368E+00 -0.9913563E+00  0.4986198E+00
-0.2258073E+01  0.2643918E+00  0.1511865E+01 -0.4065377E+00 -0.5613507E+00  0.6060667E+00
-0.2015627E+01  0.3155370E+00  0.1230622E+01 -0.5646801E+00 -0.8458753E+00  0.4172084E+00
-0.2093875E+01  0.3816127E+00  0.1574628E+01 -0.3064952E+00 -0.8347295E+00  0.5851156E+00
-0.2130739E+01  0.5017400E-01  0.1263227E+01 -0.7068399E+00 -0.8258907E+00  0.4230743E+00
-0.1978624E+01  0.2769503E+00  0.1532691E+01 -0.2691354E+00 -0.1012846E+01  0.4573681E+00
-0.2163599E+01  0.9529207E-01  0.1375547E+01 -0.5383503E+00 -0.9691544E+00  0.4335896E+00
-0.2159282E+01  0.3655974E+00  0.1617487E+01 -0.2028167E+00 -0.7683534E+00  0.5405126E+00
-0.2166188E+01  0.1340446E+00  0.1208655E+01 -0.3636707E+00 -0.8523820E+00  0.5137627E+00
-0.2042848E+01  0.3379128E+00  0.1255503E+01 -0.4337884E+00 -0.9607930E+00  0.2839555E+00
-0.2034683E+01  0.2674712E+00  0.1346729E+01 -0.4106024E+00 -0.6681540E+00  0.4280530E+00
-0.2310898E+01  0.1603635E+00  0.1236548E+01 -0.4743789E+00 -0.1062262E+01  0.3798167E+00
-0.2003646E+01  0.1732593E+00  0.1269928E+01 -0.5288908E+00 -0.1071582E+01  0.4720715E+00
-0.2050955E+01  0.2961492E+00  0.1248541E+01 -0.4801220E+00 -0.8335026E+00  0.4748692E+00
-0.2235485E+01  0.4152897E+00  0.1416006E+01 -0.4467063E+00 -0.9948165E+00  0.4151369E+00
-0.2652410E+01  0.1942711E+00  0.1405153E+01 -0.5332363E+00 -0.7019920E+00  0.5187148E+00
-0.2141580E+01  0.2583177E+00  0.1540237E+01 -0.2877423E+00 -0.1049659E+01  0.3910420E+00
-0.2153626E+01  0.1816999E+00  0.1326993E+01 -0.3906460E+00 -0.1045955E+01  0.4331979E+00
-0.2203652E+01  0.2256229E+00  0.1161372E+01 -0.5697860E+00 -0.8679249E+00  0.5285208E+00
-0.1936154E+01  0.2135043E+00  0.1408987E+01 -0.2853737E+00 -0.8277570E+00  0.5028566E+00
-0.2161885E+01  0.3263347E+00  0.1603431E+01 -0.1922948E+00 -0.6860055E+00  0.5522516E+00
-0.2154029E+01  0.1591798E+00  0.1332628E+01 -0.4352751E+00 -0.7741049E+00  0.4507267E+00
-0.2036148E+01  0.3861839E+00  0.1226739E+01 -0.5455081E+00 -0.1139366E+01  0.3891557E+00
-0.2075414E+01  0.2418050E+00  0.1322761E+01 -0.2996891E+00 -0.9713363E+00  0.6392536E+00
-0.2106348E+01  0.2487565E+00  0.1472124E+01 -0.4595167E+00 -0.9637376E+00  0.3494599E+00
-0.1880096E+01  0.2927634E+00  0.1445107E+01 -0.3850073E+00 -0.1040859E+01  0.5195147E+00
-0.2203344E+01  0.2613006E+00  0.1644773E+01 -0.3888834E+00 -0.8618627E+00  0.5833322E+00
-0.2212191E+01  0.2932033E+00  0.1189308E+01 -0.4680677E+00 -0.8358784E+00  0.4555212E+00
-0.2288302E+01  0.1923429E+00  0.1216507E+01 -0.6129129E+00 -0.9394732E+00  0.5259525E+00
-0.2078882E+01  0.2817193E+00  0.1479812E+01 -0.5572675E+00 -0.1065336E+01  0.3671657E+00
-0.2049038E+01  0.2172357E+00  0.1385652E+01 -0.4120939E+00 -0.1099465E+01  0.3862268E+00
-0.2227723E+01  0.1320684E+00  0.1305576E+01 -0.3831472E+00 -0.6647901E+00  0.5166063E+00
-0.2399572E+01  0.1203643E+00  0.1523962E+01 -0.2771041E+00 -0.1016391E+01  0.4936658E+00
-0.2000539E+01  0.2295003E+00  0.1203090E+01 -0.4911327E+00 -0.9102427E+00  0.4467809E+00
-0.2250342E+01  0.6169350E-02  0.1196326E+01 -0.5919828E+00 -0.8529690E+00  0.3671334E+00
-0.2224448E+01  0.1542707E+00  0.1237506E+01 -0.4418917E+00 -0.1136499E+01  0.3082880E+00
-0.2102041E+01  0.2575673E+00  0.1365966E+01 -0.4559864E+00 -0.1030354E+01  0.3850862E+00
-0.2151878E+01  0.3316512E+00  0.1576548E+01 -0.4057408E+00 -0.1041728E+01  0.3822681E+00
-0.2047247E+01  0.1732254E+00  0.1238845E+01 -0.2725281E+00 -0.5260809E+00  0.5322128E+00
-0.2129970E+01  0.2185198E+00  0.1579605E+01 -0.4043416E+00 -0.8972540E+00  0.4763810E+00
-0.1999910E+01  0.2198216E+00  0.1331661E+01 -0.4205679E+00 -0.1045079E+01  0.3751424E+00
-0.1953475E+01  0.3336969E+00  0.1447900E+01 -0.4841804E+00 -0.9820745E+00  0.4534337E+00
-0.2282486E+01  0.7143059E-01  0.1260355E+01 -0.5525018E+00 -0.1016488E+01  0.4644938E+00
-0.2337279E+01  0.1957584E+00  0.1412956E+01 -0.3394568E+00 -0.8794192E+00  0.4483351E+00
-0.2163704E+01  0.2135071E+00  0.1536337E+01 -0.3977575E+00 -0.1085209E+01  0.4724918E+00
-0.2223561E+01  0.1424840E+00  0.1541317E+01 -0.3376288E+00 -0.9345690E+00  0.4993783E+00
-0.2273330E+01  0.1672951E+00  0.1569165E+01 -0.2181199E+00 -0.1094233E+01  0.4803400E+00
-0.2385754E+01  0.1953858E+00  0.1311826E+01 -0.5120689E+00 -0.9384440E+00  0.4503564E+00
-0.2113736E+01  0.2418076E+00  0.1367476E+01 -0.3997335E+00 -0.9182312E+00  0.5725974E+00
-0.2199697E+01  0.1704737E+00  0.1259042E+01 -0.4470944E+00 -0.1040011E+01  0.4556480E+00
-0.2187886E+01  0.1364963E+00  0.1324396E+01 -0.4002830E+00 -0.9185425E+00  0.5703955E+00
-0.2133458E+01  0.3709773E+00  0.1666496E+01 -0.1749168E+00 -0.7906178E+00  0.6857904E+00
-0.2384011E+01  0.1267677E+00  0.1276058E+01 -0.5090489E+00 -0.9632820E+00  0.4891807E+00
-0.2359849E+01  0.1344453E+00  0.1297740E+01 -0.4469865E+00 -0.8954631E+00  0.4276550E+00
-0.2105926E+01  0.1324115E+00  0.1170294E+01 -0.4362934E+00 -0.5878960E+00  0.7065616E+00
-0.1959935E+01  0.1897488E+00  0.1080311E+01 -0.5459942E+00 -0.9811886E+00  0.5465570E+00
-0.2190020E+01  0.2807845E+00  0.1506070E+01 -0.4186815E+00 -0.5848561E+00  0.3780830E+00
-0.2231171E+01  0.6597465E-01  0.1282011E+01 -0.4978959E+00 -0.8678726E+00  0.4560968E+00
-0.1946905E+01  0.4216123E+00  0.1283879E+01 -0.2518497E+00 -0.7301970E+00  0.4994272E+00
-0.2028758E+01  0.3581826E+00  0.1004057E+01 -0.4056326E+00 -0.9169887E+00  0.4073536E+00
-0.2205956E+01  0.1388503E+00  0.1322695E+01 -0.5088018E+00 -0.1006581E+01  0.4467975E+00
-0.2450215E+01  0.2208135E+00  0.1635415E+01 -0.2726923E+00 -0.6769239E+00  0.6216680E+00
-0.2121903E+01  0.2481090E+00  0.1300339E+01 -0.4860142E+00 -0.8160491E+00  0.2546686E+00
-0.2180596E+01  0.1896619E+00  0.1347966E+01 -0.3759995E+00 -0.8468291E+00  0.5031702E+00
-0.2388955E+01  0.1272477E+00  0.1533643E+01 -0.2924234E+00 -0.6459843E+00  0.5207640E+00
-0.2129979E+01  0.2390328E+00  0.1309316E+01 -0.5881000E+00 -0.1003146E+01  0.4792168E+00
-0.2003643E+01  0.2876852E+00  0.1699920E+01 -0.3096503E+00 -0.1023877E+01  0.4616370E+00
-0.2442370E+01  0.1029559E+00  0.1490137E+01 -0.4895737E+00 -0.8132844E+00  0.7358062E+00
-0.1891436E+01  0.3081071E+00  0.1950202E+01 -0.5829481E-01 -0.9489482E+00  0.6064611E+00
-0.2219549E+01  0.2182761E+00  0.1485485E+01 -0.3443109E+00 -0.9447898E+00  0.5529766E+00
-0.2150798E+01  0.2056110E+00  0.1250751E+01 -0.5577803E+00 -0.8578790E+00  0.5267264E+00
-0.2448370E+01  0.4933924E-01  0.1502153E+01 -0.3821028E+00 -0.1084577E+01  0.3371602E+00
-0.2256317E+01  0.2388892E+00  0.1331302E+01 -0.5231213E+00 -0.9048865E+00  0.4074279E+00
-0.2009931E+01  0.3254733E+00  0.1306968E+01 -0.3772220E+00 -0.7436389E+00  0.3902162E+00
-0.1899883E+01  0.2400235E+00  0.1648606E+01 -0.1957725E+00 -0.5709632E+00  0.6522542E+00
-0.2206507E+01  0.3909077E+00  0.1481342E+01 -0.2535320E+00 -0.6884665E+00  0.4185229E+00
-0.1943647E+01  0.1824874E+00  0.1336886E+01 -0.3771268E+00 -0.5710467E+00  0.5136610E+00
-0.2495332E+01  0.1822533E+00  0.1636593E+01 -0.2687336E+00 -0.9498545E+00  0.4199368E+00
-0.2244944E+01  0.1015487E+00  0.1255394E+01 -0.3968897E+00 -0.6943897E+00  0.5152155E+00
-0.2062507E+01  0.1608493E+00  0.1613129E+01 -0.4268166E+00 -0.6771148E+00  0.5756323E+00
-0.2366409E+01  0.2210571E+00  0.1559284E+01 -0.3170322E+00 -0.1263024E+01  0.3468028E+00
-0.2152787E+01  0.2183354E+00  0.1603684E+01 -0.3215558E+00 -0.9144111E+00  0.5780610E+00
-0.2237269E+01  0.1294180E+00  0.1285958E+01 -0.3823108E+00 -0.8145866E+00  0.3188223E+00
-0.2286534E+01  0.1847965E+00  0.1226534E+01 -0.4874772E+00 -0.1016807E+01  0.3912193E+00
-0.2429324E+01  0.1315345E+00  0.1267193E+01 -0.4579286E+00 -0.7858103E+00  0.5512130E+00
-0.2024337E+01  0.2854877E+00  0.1376252E+01 -0.3823262E+00 -0.6808677E+00  0.5301621E+00
-0.2217145E+01  0.3102192E+00  0.1496381E+01 -0.3126349E+00 -0.1006201E+01  0.4063835E+00
-0.2295907E+01  0.1681363E+00  0.1158697E+01 -0.6670496E+00 -0.1067725E+01  0.4021849E+00
-0.2099139E+01  0.1825068E+00  0.1336336E+01 -0.4504831E+00 -0.6296902E+00  0.5571911E+00
-0.2153578E+01  0.2852400E+00  0.1488318E+01 -0.3347233E+00 -0.8825171E+00  0.5395959E+00
-0.2306440E+01  0.2206941E+00  0.1552558E+01 -0.5139740E+00 -0.1295234E+01  0.3836131E+00
-0.2198494E+01  0.1509024E+00  0.1577618E+01 -0.3296935E+00 -0.8604990E+00  0.4821015E+00
-0.2022568E+01  0.3343330E+00  0.1465431E+01 -0.4933960E+00 -0.7989433E+00  0.5027010E+00
-0.1937647E+01  0.3024289E+00  0.1511053E+01 -0.4392537E+00 -0.6741765E+00  0.4396767E+00
-0.1983941E+01  0.3086462E+00  0.1247763E+01 -0.4660307E+00 -0.7011874E+00  0.3687444E+00
-0.2096297E+01  0.1916558E+00  0.1548695E+01 -0.2930688E+00 -0.8146739E+00  0.4922415E+00
-0.2045595E+01  0.1882739E+00  0.1331662E+01 -0.5349488E+00 -0.1131024E+01  0.3441761E+00
-0.2486174E+01  0.1835336E+00  0.1504608E+01 -0.5333007E+00 -0.7657761E+00  0.4425879E+00
-0.2054962E+01  0.2132646E+00  0.1318879E+01 -0.3153311E+00 -0.7020777E+00  0.5392202E+00
-0.2203686E+01  0.1151960E+00  0.1248300E+01 -0.4383793E+00 -0.8220143E+00  0.3735818E+00
-0.2255668E+01  0.1468536E+00  0.1818081E+01 -0.3376373E+00 -0.7653988E+00  0.4754809E+00
-0.2136984E+01  0.3374603E+00  0.1312807E+01 -0.3366200E+00 -0.7788883E+00  0.5195353E+00
-0.1965749E+01  0.2581743E+00  0.1642103E+01 -0.3618349E+00 -0.9291726E+00  0.6153785E+00
-0.2304818E+01  0.1144635E+00  0.1483667E+01 -0.3578915E+00 -0.7366655E+00  0.4815387E+00
-0.2139057E+01  0.3776170E+00  0.1435927E+01 -0.3610819E+00 -0.8041667E+00  0.4572377E+00
-0.2159874E+01  0.2467180E+00  0.1437338E+01 -0.4261486E+00 -0.9846634E+00  0.4008865E+00
-0.2314348E+01  0.2593247E+00  0.1699022E+01 -0.3832136E+00 -0.6372301E+00  0.5001699E+00
-0.1921250E+01  0.4547104E+00  0.1618293E+01 -0.2705485E+00 -0.9221610E+00  0.4945688E+00
-0.2426639E+01  0.2645304E+00  0.1269055E+01 -0.7261378E+00 -0.6744767E+00  0.6964845E+00
-0.2082070E+01  0.2062154E+00  0.1189036E+01 -0.5160576E+00 -0.8812627E+00  0.4120596E+00
-0.2075645E+01  0.2357815E+00  0.1215323E+01 -0.4047809E+00 -0.8710630E+00  0.4467760E+00
-0.2104348E+01  0.1804057E+00  0.1426664E+01 -0.4560899E+00 -0.1221458E+01  0.4804107E+00
-0.2006412E+01  0.3685023E+00  0.1537996E+01 -0.3324946E+00 -0.9334913E+00  0.6419499E+00
-0.1999700E+01  0.2745052E+00  0.1380146E+01 -0.2462564E+00 -0.8632873E+00  0.5590721E+00
-0.2182735E+01  0.2227272E+00  0.1484388E+01 -0.2640066E+00 -0.8348379E+00  0.5432564E+00
-0.2241170E+01  0.1194174E+00  0.1159665E+01 -0.7260506E+00 -0.9348223E+00  0.4040699E+00
-0.2078072E+01  0.1394108E+00  0.1484702E+01 -0.4160689E+00 -0.1047234E+01  0.5516877E+00
-0.2037481E+01  0.1782738E+00  0.1188716E+01 -0.4363007E+00 -0.6978560E+00  0.4411179E+00
-0.2227426E+01  0.2162379E+00  0.1099133E+01 -0.5078565E+00 -0.7139476E+00  0.4313347E+00
-0.2372636E+01  0.1867808E+00  0.1451317E+01 -0.4868800E+00 -0.6708531E+00  0.6247831E+00
-0.1892121E+01  0.3505951E+00  0.1358888E+01 -0.4734577E+00 -0.8833009E+00  0.4466833E+00
-0.2340069E+01  0.6363305E-01  0.1348239E+01 -0.4891211E+00 -0.1007287E+01  0.2896568E+00
-0.1940294E+01  0.1939673E+00  0.1498417E+01 -0.4086089E+00 -0.9610374E+00  0.3531274E+00
-0.2041164E+01  0.1985036E+00  0.1271630E+01 -0.4918127E+00 -0.1012793E+01  0.3502972E+00
-0.2465960E+01  0.1001345E+00  0.1453562E+01 -0.4443223E+00 -0.7846785E+00  0.4317444E+00
-0.2213533E+01  0.2146077E+00  0.1337599E+01 -0.4639839E+00 -0.1187312E+01  0.3466496E+00
-0.2099311E+01  0.3220952E+00  0.1192291E+01 -0.5010032E+00 -0.1203260E+01  0.4157481E+00
-0.2501819E+01  0.1536616E+00  0.1409595E+01 -0.4828138E+00 -0.9368110E+00  0.4077543E+00
-0.2039483E+01  0.3679293E+00  0.1473377E+01 -0.2971026E+00 -0.9347755E+00  0.4787048E+00
-0.2359328E+01  0.2041226E-01  0.1348684E+01 -0.4558556E+00 -0.1102068E+01  0.4670675E+00
-0.2019973E+01  0.3509541E+00  0.1264214E+01 -0.4079752E+00 -0.9943108E+00  0.3547392E+00
-0.2105855E+01  0.3202844E+00  0.1420609E+01 -0.3653874E+00 -0.9841702E+00  0.3915997E+00
-0.1709864E+01  0.3748210E+00  0.1415357E+01 -0.4117313E+00 -0.9013953E+00  0.4233462E+00
-0.1753147E+01  0.3573696E+00  0.1284958E+01 -0.3636422E+00 -0.1120886E+01  0.5281796E+00
-0.1874723E+01  0.3534704E+00  0.1485141E+01 -0.3626914E+00 -0.8878038E+00  0.5207927E+00
-0.2331976E+01  0.1447795E+00  0.1478982E+01 -0.3831569E+00 -0.7341766E+00  0.5202858E+00
-0.2429732E+01  0.7891971E-01  0.1182117E+01 -0.7011235E+00 -0.9507123E+00  0.4258500E+00
-0.2094967E+01  0.3101429E+00  0.1577358E+01 -0.2434120E+00 -0.1107662E+01  0.4840878E+00
-0.2012918E+01  0.3134148E+00  0.1367299E+01 -0.4545121E+00 -0.1036978E+01  0.3952633E+00
-0.2045092E+01  0.3671911E+00  0.1214496E+01 -0.5048548E+00 -0.7785519E+00  0.5433104E+00
-0.2220547E+01  0.2146385E+00  0.1615484E+01 -0.2593905E+00 -0.8006649E+00  0.5681000E+00
-0.1950121E+01  0.4503823E+00  0.1649026E+01 -0.8290527E-01 -0.5808325E+00  0.7222903E+00
-0.2078754E+01  0.2558266E+00  0.1651538E+01 -0.1946026E+00 -0.7387879E+00  0.4840947E+00
-0.2186753E+01  0.3014437E+00  0.1529516E+01 -0.2088419E+00 -0.7557296E+00  0.6280983E+00
-0.2026825E+01  0.3138708E+00  0.1269067E+01 -0.5883432E+00 -0.8830265E+00  0.5097789E+00
-0.2241720E+01  0.2359443E+00  0.1378547E+01 -0.4808857E+00 -0.1239353E+01  0.3399835E+00
-0.2220211E+01  0.9857056E-01  0.1229414E+01 -0.3361240E+00 -0.7085880E+00  0.5212993E+00
-0.2410365E+01  0.1006182E+00  0.1409179E+01 -0.4025366E+00 -0.1107849E+01  0.3777893E+00
-0.1986434E+01  0.4535573E+00  0.1298431E+01 -0.4014103E+00 -0.8319679E+00  0.3171849E+00
-0.2436340E+01  0.6958622E-01  0.1329072E+01 -0.5993019E+00 -0.6348800E+00  0.7051930E+00
-0.2299890E+01  0.2096564E+00  0.1535431E+01 -0.2448327E+00 -0.6352682E+00  0.5819917E+00
-0.2336618E+01  0.2261962E+00  0.1001425E+01 -0.5524775E+00 -0.8644096E+00  0.4142718E+00
-0.2131648E+01  0.1629056E+00  0.1405970E+01 -0.4818802E+00 -0.6457176E+00  0.4640610E+00
-0.2241010E+01  0.1374259E+00  0.1402597E+01 -0.4565655E+00 -0.7360736E+00  0.3791811E+00
-0.1997043E+01  0.2549491E+00  0.1363847E+01 -0.2992987E+00 -0.1031830E+01  0.4024874E+00
-0.2246196E+01  0.1491620E+00  0.1189158E+01 -0.4627116E+00 -0.8817847E+00  0.5075930E+00
-0.1960788E+01  0.3094092E+00  0.1548911E+01 -0.3248918E+00 -0.9776692E+00  0.5686879E+00
-0.1965412E+01  0.1113301E+00  0.9572375E+00 -0.7886926E+00 -0.8716308E+00  0.4496879E+00
-0.2148396E+01  0.2557796E+00  0.1389484E+01 -0.3377624E+00 -0.8660991E+00  0.4876854E+00
-0.2147399E+01  0.3501590E+00  0.1465860E+01 -0.2350778E+00 -0.8906499E+00  0.5630132E+00
-0.2457334E+01 -0.1706019E+00  0.1122831E+01 -0.6085947E+00 -0.1008917E+01  0.3661079E+00
-0.2393636E+01  0.6773397E-01  0.1525908E+01 -0.4489889E+00 -0.1010854E+01  0.4475938E+00
-0.1934358E+01  0.2266560E+00  0.1174968E+01 -0.5563542E+00 -0.9076238E+00  0.4362601E+00
-0.1790171E+01  0.4744727E+00  0.1396813E+01 -0.3580075E+00 -0.8255585E+00  0.6085718E+00
-0.2432482E+01 -0.1058877E+00  0.1201819E+01 -0.7173194E+00 -0.9768968E+00  0.4054144E+00
-0.2118366E+01  0.3526834E+00  0.1525499E+01 -0.4201469E+00 -0.9346083E+00  0.4688596E+00
-0.2191538E+01  0.1241716E+00  0.1253306E+01 -0.6206572E+00 -0.8710378E+00  0.4520206E+00
-0.2118805E+01  0.1492971E+00  0.1266710E+01 -0.4737640E+00 -0.9884917E+00  0.4348732E+00
-0.1975867E+01  0.3202528E+00  0.1464486E+01 -0.4635869E+00 -0.8641700E+00  0.4183396E+00
-0.2077533E+01  0.2459838E+00  0.1340582E+01 -0.2703991E+00 -0.8588289E+00  0.4080343E+00
-0.2081609E+01  0.1154880E+00  0.1441120E+01 -0.3616454E+00 -0.1022662E+01  0.5063723E+00
-0.2152637E+01  0.4547967E-01  0.1324730E+01 -0.4212465E+00 -0.6433225E+00  0.6556127E+00
-0.2209814E+01  0.2025025E+00  0.1727798E+01 -0.2588721E+00 -0.9212613E+00  0.4685403E+00
-0.2352992E+01  0.1430940E+00  0.1223224E+01 -0.5873980E+00 -0.1022119E+01  0.3674083E+00
-0.2230843E+01  0.7760995E-01  0.1542522E+01 -0.4876264E+00 -0.8308022E+00  0.5025208E+00
-0.2155794E+01  0.4429781E+00  0.1653097E+01 -0.2173487E+00 -0.7243242E+00  0.4324994E+00
-0.2129201E+01  0.2387024E+00  0.1511830E+01 -0.3853474E+00 -0.9648125E+00  0.4305785E+00
-0.2289992E+01  0.1613505E+00  0.1271240E+01 -0.4204062E+00 -0.7666537E+00  0.5546164E+00
-0.2367453E+01  0.2433265E+00  0.1415422E+01 -0.3771307E+00 -0.1020140E+01  0.4559470E+00
-0.2175392E+01  0.2024095E+00  0.1181009E+01 -0.7054243E+00 -0.9500332E+00  0.5360467E+00
-0.2179962E+01  0.3807597E+00  0.1512269E+01 -0.2052507E+00 -0.1000663E+01  0.4945215E+00
-0.2228249E+01  0.6254708E-01  0.1297348E+01 -0.4703369E+00 -0.8400205E+00  0.4512720E+00
-0.2234535E+01  0.2479278E+00  0.1219827E+01 -0.5257904E+00 -0.8517237E+00  0.3644637E+00
-0.1905794E+01  0.2797943E+00  0.1239057E+01 -0.4495904E+00 -0.7274469E+00  0.4229776E+00
-0.2266158E+01  0.1330336E+00  0.1309497E+01 -0.4803720E+00 -0.7175044E+00  0.5628455E+00
-0.2079890E+01  0.1599903E+00  0.9100818E+00 -0.6329755E+00 -0.9011316E+00  0.3818883E+00
-0.2211210E+01  0.1041166E+00  0.1295172E+01 -0.4142203E+00 -0.1183218E+01  0.3141556E+00
-0.2097011E+01  0.1654801E+00  0.1360064E+01 -0.5186952E+00 -0.9179683E+00  0.5132502E+00
-0.2150652E+01  0.3328799E+00  0.1503540E+01 -0.3317246E+00 -0.7165932E+00  0.4645162E+00
-0.2176977E+01  0.2466068E+00  0.1312047E+01 -0.3501852E+00 -0.7940977E+00  0.4355349E+00
-0.2112453E+01  0.2957435E+00  0.1449492E+01 -0.2363079E+00 -0.5194805E+00  0.4589678E+00
-0.2065560E+01  0.1092889E+00  0.1462573E+01 -0.4113924E+00 -0.1136982E+01  0.3623573E+00
-0.2120148E+01  0.2022384E+00  0.1384091E+01 -0.4190785E+00 -0.9021306E+00  0.3469972E+00
-0.2161916E+01  0.3841448E+00  0.1407738E+01 -0.2398532E+00 -0.9825889E+00  0.4714436E+00
-0.2464253E+01  0.9927840E-01  0.1297742E+01 -0.5231899E+00 -0.8399616E+00  0.5922010E+00
-0.2327125E+01  0.2217212E+00  0.1215398E+01 -0.5726161E+00 -0.9685667E+00  0.3570731E+00
-0.2192152E+01  0.3417433E+00  0.1494855E+01 -0.2471231E+00 -0.9398123E+00  0.5803650E+00
-0.2233564E+01  0.1804688E+00  0.1302196E+01 -0.3852595E+00 -0.1061964E+01  0.5212000E+00
-0.2429803E+01 -0.4544909E-01  0.1526226E+01 -0.4268202E+00 -0.7822023E+00  0.4959043E+00
-0.2279420E+01  0.1390119E+00  0.1474540E+01 -0.3124444E+00 -0.9932031E+00  0.4488358E+00
-0.2131994E+01  0.2360278E+00  0.1414158E+01 -0.4143078E+00 -0.1010372E+01  0.2731402E+00
-0.2123944E+01  0.1730137E+00  0.1316694E+01 -0.3450374E+00 -0.1035426E+01  0.4369492E+00
-0.2079774E+01  0.1915850E+00  0.1644060E+01 -0.2780432E+00 -0.9245927E+00  0.4747204E+00
-0.2304486E+01  0.1370139E+00  0.1202112E+01 -0.5105344E+00 -0.7494881E+00  0.3377955E+00
-0.2422198E+01  0.1143715E+00  0.1304505E+01 -0.5334075E+00 -0.9468323E+00  0.5434121E+00
-0.2066984E+01  0.3032210E+00  0.1362685E+01 -0.4216619E+00 -0.8848443E+00  0.4940453E+00
-0.2189959E+01  0.1715570E+00  0.1314730E+01 -0.3315011E+00 -0.6534820E+00  0.4565687E+00
-0.2059820E+01  0.2613904E+00  0.1202087E+01 -0.6864394E+00 -0.1242303E+01  0.2679779E+00
-0.2441231E+01  0.3302033E+00  0.1395096E+01 -0.2863173E+00 -0.9342640E+00  0.4532031E+00
-0.2132060E+01  0.1667707E+00  0.1340298E+01 -0.3765373E+00 -0.7793450E+00  0.4569621E+00
-0.1918043E+01  0.2771373E+00  0.1196029E+01 -0.4764879E+00 -0.8703912E+00  0.4131567E+00
-0.2048616E+01  0.2449076E+00  0.1423312E+01 -0.4817757E+00 -0.1003699E+01  0.5597980E+00
-0.1909532E+01  0.2356500E+00  0.1277840E+01 -0.4152620E+00 -0.9664118E+00  0.2844575E+00
-0.2217899E+01 -0.1186173E-02  0.1325261E+01 -0.4998263E+00 -0.1064969E+01  0.4109337E+00
-0.2068814E+01  0.1625171E+00  0.1365784E+01 -0.5031795E+00 -0.7996403E+00  0.3969843E+00
-0.2345726E+01  0.2813772E+00  0.1761114E+01 -0.2727374E+00 -0.9316742E+00  0.4638665E+00
-0.1974805E+01  0.2013596E+00  0.1402942E+01 -0.4093036E+00 -0.9345574E+00  0.4504369E+00
-0.2247187E+01  0.1608955E+00  0.1244019E+01 -0.4960977E+00 -0.8608363E+00  0.4607981E+00
-0.2027602E+01  0.1409897E+00  0.1274118E+01 -0.2542013E+00 -0.5051571E+00  0.7034301E+00
-0.2255583E+01  0.2688769E+00  0.1585582E+01 -0.2014986E+00 -0.7652247E+00  0.7064289E+00
-0.1924846E+01  0.2849944E+00  0.1308707E+01 -0.5384520E+00 -0.6826904E+00  0.3375218E+00
-0.2112812E+01  0.2279899E+00  0.1388445E+01 -0.3714168E+00 -0.8661095E+00  0.4320986E+00
-0.2448889E+01  0.2009430E+00  0.1521369E+01 -0.3328390E+00 -0.7351450E+00  0.3600364E+00
-0.2028999E+01  0.9030474E-01  0.1223649E+01 -0.4353459E+00 -0.6741422E+00  0.2739852E+00
-0.2182379E+01  0.1896907E+00  0.1207317E+01 -0.4207073E+00 -0.1118929E+01  0.4454754E+00
-0.2078149E+01  0.2171316E+00  0.1113363E+01 -0.5195230E+00 -0.9149979E+00  0.3777301E+00
-0.2078928E+01  0.2629652E+00  0.1114667E+01 -0.3717450E+00 -0.7023001E+00  0.6000435E+00
-0.2235383E+01  0.3029577E+00  0.1568550E+01 -0.2487686E+00 -0.1008345E+01  0.3838506E+00
-0.2199650E+01  0.5626548E-01  0.1390929E+01 -0.3769056E+00 -0.6008680E+00  0.5481678E+00
-0.2279016E+01  0.1654870E+00  0.1546692E+01 -0.3931388E+00 -0.1140965E+01  0.3583827E+00
-0.2003709E+01  0.4268689E+00  0.1329019E+01 -0.3228872E+00 -0.8358438E+00  0.4556838E+00
-0.2230483E+01  0.2627020E+00  0.1394250E+01 -0.4214985E+00 -0.8775726E+00  0.3476192E+00
-0.2504385E+01  0.1506509E+00  0.1398910E+01 -0.4378949E+00 -0.1030048E+01  0.3210174E+00
-0.2021148E+01  0.3064935E+00  0.1296996E+01 -0.2756153E+00 -0.9066521E+00  0.4138522E+00
-0.2032219E+01  0.2550799E+00  0.1431399E+01 -0.5124477E+00 -0.9472690E+00  0.2701390E+00
-0.2332726E+01 -0.1674788E-01  0.1073484E+01 -0.4890950E+00 -0.6798864E+00  0.4418222E+00
-0.2091655E+01  0.1826146E+00  0.1373109E+01 -0.3952219E+00 -0.9070250E+00  0.5029141E+00
-0.2247042E+01  0.2122967E+00  0.1451341E+01 -0.3775764E+00 -0.9733752E+00  0.4948851E+00
-0.2059649E+01  0.9504059E-01  0.1376170E+01 -0.4762938E+00 -0.8387661E+00  0.4010187E+00
-0.2222438E+01  0.2095908E+00  0.1577905E+01 -0.3243645E+00 -0.8997658E+00  0.5399570E+00
-0.1947471E+01  0.2246166E+00  0.1427944E+01 -0.3005194E+00 -0.8869959E+00  0.4899389E+00
-0.2113244E+01  0.1916249E+00  0.1360875E+01 -0.4494924E+00 -0.9152704E+00  0.3531596E+00
-0.2325619E+01  0.7872188E-01  0.1343012E+01 -0.4669934E+00 -0.9456799E+00  0.4106668E+00
-0.2064542E+01  0.2367933E+00  0.1360609E+01 -0.4794670E+00 -0.1084782E+01  0.2895677E+00
-0.2144809E+01  0.3452379E+00  0.1441394E+01 -0.3307400E+00 -0.8119260E+00  0.5546468E+00
-0.2209037E+01  0.2179982E+00  0.1574751E+01 -0.2605858E+00 -0.1005829E+01  0.4842894E+00
-0.2270068E+01  0.1226174E+00  0.1620436E+01 -0.4108970E+00 -0.1079601E+01  0.4786308E+00
-0.2186364E+01  0.1599294E+00  0.1208797E+01 -0.3726790E+00 -0.9240241E+00  0.4407146E+00
-0.2005456E+01  0.3101453E+00  0.1434188E+01 -0.4397492E+00 -0.7669632E+00  0.3121717E+00
-0.2404138E+01  0.1440574E+00  0.1680120E+01 -0.3470924E+00 -0.1126376E+01  0.3912358E+00
-0.1981865E+01  0.2891388E+00  0.1198707E+01 -0.6596528E+00 -0.1068856E+01  0.3167131E+00
-0.2019704E+01  0.2014170E+00  0.1181990E+01 -0.1460341E+00 -0.7735820E+00  0.5593019E+00
-0.1953751E+01  0.2987453E+00  0.1632987E+01 -0.1345643E+00 -0.8022937E+00  0.5226587E+00
-0.2207366E+01  0.2979847E+00  0.1352041E+01 -0.4446508E+00 -0.9842963E+00  0.3440424E+00
-0.2180177E+01  0.1647505E+00  0.1391366E+01 -0.3300037E+00 -0.1063825E+01  0.4942297E+00
-0.2385309E+01 -0.1749882E+00  0.1281573E+01 -0.4502569E+00 -0.6429765E+00  0.5290909E+00
-0.2315106E+01  0.1226474E+00  0.1331128E+01 -0.3041964E+00 -0.7112297E+00  0.3820304E+00
-0.2019539E+01  0.3849907E+00  0.1544959E+01 -0.2547408E+00 -0.7084435E+00  0.4850702E+00
-0.1873021E+01  0.3586149E+00  0.1466739E+01 -0.2860390E+00 -0.7393459E+00  0.3295202E+00
-0.1934973E+01  0.2670494E+00  0.1326586E+01 -0.3177984E+00 -0.6624750E+00  0.3599091E+00
-0.2236578E+01  0.1865850E+00  0.1591171E+01 -0.3641761E+00 -0.6976229E+00  0.6053364E+00
-0.2273499E+01  0.1968839E+00  0.1696416E+01 -0.2452158E+00 -0.1032141E+01  0.4732689E+00
-0.2367491E+01  0.6826559E-01  0.1378132E+01 -0.5031421E+00 -0.8169495E+00  0.5203588E+00
-0.2125061E+01  0.1505635E+00  0.1249701E+01 -0.5320487E+00 -0.5820356E+00  0.6122005E+00
-0.2294858E+01  0.9498639E-01  0.1101541E+01 -0.5929119E+00 -0.1271889E+01  0.4196778E+00
-0.2283171E+01  0.1194975E+00  0.1410116E+01 -0.4491043E+00 -0.8293020E+00  0.4097997E+00
-0.1781069E+01  0.3513194E+00  0.1239906E+01 -0.2868415E+00 -0.7478244E+00  0.3891285E+00
-0.2348124E+01  0.1746801E+00  0.1323441E+01 -0.5031591E+00 -0.8855663E+00  0.4506995E+00
-0.2401563E+01  0.6147426E-01  0.1408583E+01 -0.3855219E+00 -0.7939309E+00  0.4372393E+00
-0.2272517E+01 -0.2992762E-01  0.1225842E+01 -0.4517223E+00 -0.8677871E+00  0.6039701E+00
-0.1993045E+01  0.3225580E+00  0.1449540E+01 -0.4163337E+00 -0.9526156E+00  0.4835740E+00
-0.2283367E+01  0.2727954E+00  0.1075018E+01 -0.5714577E+00 -0.7610532E+00  0.4704124E+00
-0.2275911E+01  0.6154917E-01  0.1303993E+01 -0.7525711E+00 -0.1111443E+01  0.3148268E+00
-0.2458260E+01  0.6529180E-01  0.1261342E+01 -0.4683940E+00 -0.6888771E+00  0.6055994E+00
-0.2205602E+01  0.3656440E+00  0.1379926E+01 -0.5378885E+00 -0.8409906E+00  0.4204772E+00
-0.2309282E+01  0.1554134E+00  0.1502121E+01 -0.2571546E+00 -0.7673091E+00  0.5326793E+00
-0.2136193E+01  0.2024883E+00  0.1338845E+01 -0.4852194E+00 -0.1042806E+01  0.5402391E+00
-0.2384409E+01  0.1487976E+00  0.1463648E+01 -0.3433985E+00 -0.1004227E+01  0.4237078E+00
-0.2202748E+01  0.1191616E+00  0.1308183E+01 -0.4559638E+00 -0.1071708E+01  0.3646359E+00
-0.1896327E+01  0.2812775E+00  0.1436164E+01 -0.4265310E+00 -0.1152537E+01  0.4170203E+00
-0.2285196E+01  0.3062132E+00  0.1073150E+01 -0.7164833E+00 -0.9547405E+00  0.3613915E+00
-0.2151144E+01  0.2830480E+00  0.1484019E+01 -0.4121269E+00 -0.8040977E+00  0.3497835E+00
-0.2142363E+01  0.2289501E+00  0.1193475E+01 -0.5848076E+00 -0.8121525E+00  0.4703671E+00
-0.2098428E+01  0.1341838E+00  0.1189642E+01 -0.6331056E+00 -0.1334236E+01  0.3630886E+00
-0.2506869E+01  0.6100916E-02  0.1538672E+01 -0.6582940E+00 -0.1006925E+01  0.5701232E+00
-0.2016261E+01  0.3155709E+00  0.1247378E+01 -0.5744162E+00 -0.8546484E+00  0.4696216E+00
-0.2072181E+01  0.2392028E+00  0.1292665E+01 -0.3962667E+00 -0.9284316E+00  0.4634529E+00
-0.2020801E+01  0.2615163E+00  0.1391369E+01 -0.2659623E+00 -0.8232772E+00  0.6517677E+00
-0.2023508E+01  0.5050571E+00  0.1475930E+01 -0.2435812E+00 -0.7368439E+00  0.4526800E+00
-0.2300606E+01  0.1672614E+00  0.1441527E+01 -0.4542278E+00 -0.1001558E+01  0.3787525E+00
-0.2061696E+01  0.8887107E-01  0.1325403E+01 -0.5042196E+00 -0.5046716E+00  0.6967644E+00
-0.1885828E+01  0.4411137E+00  0.1388323E+01 -0.2907592E+00 -0.8361368E+00  0.4274199E+00
-0.2018593E+01  0.1039121E+00  0.1497543E+01 -0.3285315E+00 -0.6896439E+00  0.6309866E+00
-0.2141758E+01  0.2958945E+00  0.1366076E+01 -0.3257615E+00 -0.8642872E+00  0.5783392E+00
-0.2252323E+01  0.1376117E-01  0.1262849E+01 -0.5270790E+00 -0.8398916E+00  0.5533598E+00
-0.1959288E+01  0.3173913E+00  0.1404701E+01 -0.3718617E+00 -0.9265785E+00  0.4191803E+00
-0.2198024E+01  0.3144466E+00  0.1551432E+01 -0.4448300E+00 -0.1157450E+01  0.4929746E+00
-0.1974747E+01  0.2672812E+00  0.1428408E+01 -0.2856643E+00 -0.7221012E+00  0.4661392E+00
-0.2303701E+01  0.1909441E+00  0.1458428E+01 -0.4034134E+00 -0.8934155E+00  0.4741237E+00
-0.2176740E+01  0.2785338E+00  0.1353802E+01 -0.3282680E+00 -0.1046958E+01  0.5637616E+00
-0.2267965E+01  0.1942470E+00  0.1492919E+01 -0.3890457E+00 -0.8877847E+00  0.6030734E+00
-0.2152406E+01  0.2156596E+00  0.1256491E+01 -0.3531555E+00 -0.9165426E+00  0.4684868E+00
-0.2214009E+01  0.2399942E+00  0.1421453E+01 -0.4052140E+00 -0.7939588E+00  0.4228676E+00
-0.2063247E+01  0.1550610E+00  0.1540644E+01 -0.2485409E+00 -0.7719379E+00  0.4654621E+00
-0.2002393E+01  0.2807356E+00  0.1157573E+01 -0.5972330E+00 -0.1120605E+01  0.3768698E+00
-0.2131819E+01  0.2261461E+00  0.1469775E+01 -0.2558308E+00 -0.9669800E+00  0.3984477E+00
-0.2204544E+01  0.1572341E+00  0.1261549E+01 -0.4222839E+00 -0.9151243E+00  0.3438176E+00
-0.2121919E+01  0.2128803E+00  0.1080536E+01 -0.5011425E+00 -0.9963916E+00  0.4138066E+00
-0.1966969E+01  0.2989308E+00  0.1368637E+01 -0.4622693E+00 -0.9881752E+00  0.5576301E+00
-0.2202883E+01  0.2300742E+00  0.1210520E+01 -0.5545057E+00 -0.1068600E+01  0.3955821E+00
-0.2102232E+01  0.1298465E+00  0.1313013E+01 -0.4008280E+00 -0.8901009E+00  0.6307375E+00
-0.2441487E+01  0.6358073E-02  0.1243226E+01 -0.4607723E+00 -0.8934060E+00  0.4727909E+00
-0.2129227E+01  0.3308664E+00  0.1502137E+01 -0.3479954E+00 -0.1010256E+01  0.3727266E+00
-0.2269939E+01  0.1710912E+00  0.1138277E+01 -0.4495735E+00 -0.9346147E+00  0.3033244E+00
-0.2216229E+01  0.1359643E+00  0.1840097E+01 -0.3130404E+00 -0.6930473E+00  0.6325339E+00
-0.2376819E+01  0.2292125E+00  0.1640108E+01 -0.3050538E+00 -0.9135965E+00  0.5227358E+00
-0.2229760E+01  0.1164650E+00  0.1527412E+01 -0.3176525E+00 -0.6987530E+00  0.6416370E+00
-0.2129145E+01  0.5245263E+00  0.1710107E+01 -0.3958611E+00 -0.8689603E+00  0.4177304E+00
-0.2190044E+01  0.1530214E+00  0.1454407E+01 -0.4092955E+00 -0.7450276E+00  0.4446837E+00
-0.2258649E+01  0.2290931E+00  0.1171510E+01 -0.4837441E+00 -0.9007382E+00  0.5190003E+00
-0.2228657E+01  0.2481790E+00  0.1572677E+01 -0.3954635E+00 -0.7018888E+00  0.4663003E+00
-0.1996105E+01  0.3624467E+00  0.1481207E+01 -0.3595117E+00 -0.1125792E+01  0.4854678E+00
-0.2339905E+01  0.6252175E-01  0.1561355E+01 -0.3525406E+00 -0.8517669E+00  0.5164077E+00
-0.2130851E+01  0.2818956E+00  0.1586401E+01 -0.2134404E+00 -0.9093007E+00  0.3942863E+00
-0.1879691E+01  0.2811623E+00  0.1284688E+01 -0.4993195E+00 -0.8023762E+00  0.4165911E+00
-0.2048173E+01  0.2092624E+00  0.1388807E+01 -0.3600912E+00 -0.7883793E+00  0.4617208E+00
-0.2411377E+01  0.1186858E+00  0.1426725E+01 -0.3780213E+00 -0.8141700E+00  0.4078065E+00
-0.2111491E+01  0.2105906E+00  0.1567676E+01 -0.2629665E+00 -0.1047186E+01  0.3342343E+00
-0.2428182E+01  0.6279986E-01  0.1315164E+01 -0.5886350E+00 -0.1002273E+01  0.4748895E+00
-0.2227227E+01  0.2151177E+00  0.1203567E+01 -0.4480591E+00 -0.8348219E+00  0.3569772E+00
-0.2424223E+01 -0.5773122E-01  0.1278279E+01 -0.5167967E+00 -0.6450125E+00  0.4694213E+00
-0.2334311E+01  0.1111588E+00  0.1477816E+01 -0.2277007E+00 -0.7795441E+00  0.5680294E+00
-0.2169357E+01  0.2188860E+00  0.1256661E+01 -0.4075941E+00 -0.9362282E+00  0.3222082E+00
-0.1973366E+01  0.2572856E+00  0.1552223E+01 -0.3409170E+00 -0.6834234E+00  0.5223531E+00
-0.1904433E+01  0.3025442E+00  0.1412695E+01 -0.4057213E+00 -0.9250020E+00  0.4494175E+00
-0.1982817E+01  0.2406864E+00  0.1337757E+01 -0.5487290E+00 -0.1115629E+01  0.5151954E+00
-0.2085939E+01  0.2408953E+00  0.1455014E+01 -0.4250024E+00 -0.8407614E+00  0.3786230E+00
-0.1833669E+01  0.3487748E+00  0.1376924E+01 -0.3287637E+00 -0.8859887E+00  0.6476727E+00
-0.2054862E+01  0.1927714E+00  0.1401355E+01 -0.5120496E+00 -0.8366213E+00  0.4574746E+00
-0.2013271E+01  0.2562941E+00  0.1333970E+01 -0.4320993E+00 -0.7564185E+00  0.4072809E+00
-0.2108298E+01  0.1005277E+00  0.1280022E+01 -0.4397079E+00 -0.5543693E+00  0.6544807E+00
-0.1901360E+01  0.3855131E+00  0.1516959E+01 -0.2486622E+00 -0.6756526E+00  0.6121909E+00
-0.1969555E+01  0.1455059E+00  0.1369803E+01 -0.3299614E+00 -0.7900921E+00  0.5406506E+00
-0.1932471E+01  0.2191335E+00  0.1329993E+01 -0.3643378E+00 -0.8754686E+00  0.5344450E+00
-0.1938944E+01  0.3479602E+00  0.1681717E+01 -0.2995969E+00 -0.8898966E+00  0.5084257E+00
-0.2240714E+01  0.1351052E+00  0.1301326E+01 -0.5864320E+00 -0.8917459E+00  0.4186233E+00
-0.2038516E+01  0.3029636E-01  0.1171661E+01 -0.4024327E+00 -0.7233795E+00  0.4879059E+00
-0.2113681E+01  0.2724144E+00  0.1583096E+01 -0.3649069E+00 -0.7925107E+00  0.5611503E+00
-0.2302059E+01  0.2924139E+00  0.1381537E+01 -0.3836987E+00 -0.8557748E+00  0.6066870E+00
-0.2286450E+01  0.2334426E+00  0.1549993E+01 -0.3293613E+00 -0.7478225E+00  0.7639155E+00
-0.2263006E+01  0.1371941E+00  0.1465095E+01 -0.2364679E+00 -0.7278886E+00  0.6015881E+00
-0.2061989E+01  0.1283810E+00  0.1204792E+01 -0.4142188E+00 -0.8131104E+00  0.5557979E+00
-0.2486424E+01  0.3757185E-01  0.1383147E+01 -0.5914262E+00 -0.8205127E+00  0.4935719E+00
-0.1578516E+01  0.4766669E+00  0.1621062E+01 -0.2714609E+00 -0.1073554E+01  0.4047467E+00
-0.2298081E+01  0.2113450E+00  0.1539556E+01 -0.2960025E+00 -0.9881717E+00  0.4673216E+00
-0.2136999E+01  0.3216085E+00  0.1381789E+01 -0.5217655E+00 -0.9474695E+00  0.2607812E+00
-0.2377648E+01  0.4179382E-01  0.1432745E+01 -0.6208182E+00 -0.1060463E+01  0.3308079E+00
-0.2298032E+01  0.2926860E+00  0.1609555E+01 -0.2733797E+00 -0.7260281E+00  0.4918440E+00
-0.1882145E+01  0.3270372E+00  0.1265749E+01 -0.4207589E+00 -0.7679330E+00  0.2999658E+00
-0.2383059E+01 -0.1980014E-01  0.1362054E+01 -0.4061674E+00 -0.7010021E+00  0.5448567E+00
-0.2204696E+01  0.1701205E+00  0.1433734E+01 -0.3542736E+00 -0.1022553E+01  0.4368082E+00
-0.2073856E+01  0.8836153E-01  0.1476859E+01 -0.4800045E+00 -0.9025644E+00  0.4250620E+00
-0.1847756E+01  0.6733344E-01  0.1341316E+01 -0.2698381E+00 -0.7502959E+00  0.6430651E+00
-0.2149775E+01  0.2292336E+00  0.1578698E+01 -0.3706986E+00 -0.9371053E+00  0.4527458E+00
-0.1992959E+01  0.3872573E+00  0.1171533E+01 -0.4148056E+00 -0.6668634E+00  0.4132700E+00
-0.2078397E+01  0.4590573E+00  0.9885408E+00 -0.6068328E+00 -0.9163138E+00  0.3315027E+00
-0.2116159E+01  0.7962742E-01  0.1363588E+01 -0.4257296E+00 -0.7016642E+00  0.6218344E+00
-0.2054638E+01  0.4784624E+00  0.1559589E+01 -0.2938748E+00 -0.9563129E+00  0.4808258E+00
-0.2242237E+01  0.2128894E+00  0.1351880E+01 -0.3735452E+00 -0.1103855E+01  0.4318402E+00
-0.2156881E+01  0.1372632E+00  0.1270088E+01 -0.5524269E+00 -0.7954223E+00  0.5645595E+00
-0.1959989E+01  0.2323814E+00  0.1450829E+01 -0.2262672E+00 -0.7932976E+00  0.4659435E+00
-0.1917367E+01  0.2767351E+00  0.1478897E+01 -0.3233717E+00 -0.7406656E+00  0.4859257E+00
-0.1869385E+01  0.2823329E+00  0.1518026E+01 -0.3539975E+00 -0.9397821E+00  0.4180741E+00
-0.2139524E+01  0.1464704E+00  0.1336082E+01 -0.3565932E+00 -0.8705396E+00  0.4102709E+00
-0.2265423E+01  0.1355036E+00  0.1452344E+01 -0.4564930E+00 -0.8140866E+00  0.5670527E+00
-0.2082347E+01  0.1836231E+00  0.1371610E+01 -0.2997961E+00 -0.7794913E+00  0.4620645E+00
-0.2376232E+01  0.1797727E+00  0.1462120E+01 -0.3364944E+00 -0.7560707E+00  0.4881756E+00
-0.2087830E+01  0.2072166E+00  0.1398193E+01 -0.2812421E+00 -0.5408858E+00  0.7868083E+00
-0.2081537E+01  0.3806516E+00  0.1427116E+01 -0.3370244E+00 -0.8354797E+00  0.4928843E+00
-0.2045166E+01  0.4301583E+00  0.1734339E+01 -0.2019407E+00 -0.7976220E+00  0.6082198E+00
-0.2134781E+01  0.2888305E+00  0.1337242E+01 -0.4377099E+00 -0.8398913E+00  0.4338412E+00
-0.2225093E+01  0.1228084E+00  0.1536784E+01 -0.4050432E+00 -0.9633588E+00  0.5160645E+00
-0.2137391E+01  0.1308255E+00  0.1335462E+01 -0.7841907E+00 -0.9231841E+00  0.5198365E+00
-0.2133520E+01  0.3248776E+00  0.1328912E+01 -0.4070072E+00 -0.9815578E+00  0.5128866E+00
-0.2301562E+01  0.2120116E+00  0.1295307E+01 -0.5195991E+00 -0.1008619E+01  0.4941839E+00
-0.1991261E+01  0.4745503E+00  0.1595435E+01 -0.9636208E-01 -0.7376957E+00  0.6626412E+00
-0.2101449E+01  0.3853490E+00  0.1448971E+01 -0.4158070E+00 -0.8931131E+00  0.4263415E+00
-0.1906124E+01  0.4001105E+00  0.1377782E+01 -0.1193397E+00 -0.5486333E+00  0.6751317E+00
-0.2253344E+01  0.1252500E+00  0.1481776E+01 -0.3782950E+00 -0.8230489E+00  0.5279561E+00
-0.2339043E+01  0.3053093E+00  0.1653346E+01 -0.1499652E+00 -0.7163881E+00  0.6358455E+00
-0.2177680E+01  0.2519099E+00  0.1397906E+01 -0.2952592E+00 -0.7900544E+00  0.4831119E+00
-0.2340745E+01  0.1677755E+00  0.1466077E+01 -0.4036315E+00 -0.9309828E+00  0.5182934E+00
-0.2219390E+01  0.1261126E+00  0.1348195E+01 -0.5618573E+00 -0.1031094E+01  0.4030240E+00
-0.2251745E+01  0.2867077E+00  0.1266315E+01 -0.4085070E+00 -0.8999872E+00  0.4081036E+00
-0.2175843E+01  0.2606820E+00  0.1148590E+01 -0.4438566E+00 -0.1100068E+01  0.3811986E+00
-0.1694867E+01  0.2570706E+00  0.1139115E+01 -0.5392825E+00 -0.8652068E+00  0.4025751E+00
-0.1937524E+01  0.2412227E+00  0.1788191E+01 -0.2659033E+00 -0.1022061E+01  0.4996380E+00
-0.2267540E+01  0.8290199E-01  0.1462943E+01 -0.5383142E+00 -0.5618851E+00  0.6649622E+00
-0.2380436E+01  0.1870021E+00  0.1255123E+01 -0.4596947E+00 -0.1045362E+01  0.4847521E+00
-0.2132750E+01  0.2608740E+00  0.1315158E+01 -0.4343714E+00 -0.7792016E+00  0.5897459E+00
-0.2124657E+01  0.2505407E+00  0.1546133E+01 -0.2579690E+00 -0.7589307E+00  0.4890483E+00
-0.2072652E+01  0.1064124E+00  0.1233189E+01 -0.6085683E+00 -0.1026981E+01  0.2985913E+00
-0.2198486E+01  0.2752210E+00  0.1127630E+01 -0.5822532E+00 -0.7484902E+00  0.4661684E+00
-0.2070208E+01  0.2502106E+00  0.1149542E+01 -0.4092532E+00 -0.9252151E+00  0.4762758E+00
-0.2071721E+01  0.2033325E+00  0.1333238E+01 -0.3722353E+00 -0.7143750E+00  0.4180227E+00
-0.2099804E+01  0.2644726E+00  0.1202186E+01 -0.5005090E+00 -0.1006096E+01  0.4367064E+00
-0.2426946E+01 -0.1457067E+00  0.1352633E+01 -0.5443367E+00 -0.7307737E+00  0.4507030E+00
-0.2256825E+01  0.1826350E+00  0.1341978E+01 -0.3415370E+00 -0.1026277E+01  0.2885760E+00
-0.1810840E+01  0.1899870E+00  0.1477782E+01 -0.3773062E+00 -0.1053693E+01  0.3620343E+00
-0.2233544E+01  0.2275636E+00  0.1459332E+01 -0.3761201E+00 -0.8839600E+00  0.3943729E+00
-0.1917786E+01  0.2063592E+00  0.1397374E+01 -0.3894312E+00 -0.9192406E+00  0.4006222E+00
-0.2485981E+01 -0.6021521E-01  0.1323190E+01 -0.5579719E+00 -0.6836995E+00  0.4500308E+00
-0.2014619E+01  0.2537880E+00  0.1412162E+01 -0.4579793E+00 -0.9336299E+00  0.4410301E+00
-0.2150088E+01  0.1222328E+00  0.1435195E+01 -0.4276656E+00 -0.7504173E+00  0.4331730E+00
-0.2170121E+01  0.9281644E-01  0.1513222E+01 -0.3575678E+00 -0.7843920E+00  0.6404952E+00
-0.2375884E+01  0.8815008E-01  0.1458552E+01 -0.2766527E+00 -0.9036230E+00  0.6410166E+00
-0.2097457E+01  0.2477279E+00  0.1587783E+01 -0.3902772E+00 -0.9317291E+00  0.5553606E+00
-0.1920012E+01  0.3368085E+00  0.1558667E+01 -0.2953356E+00 -0.1107755E+01  0.6251928E+00
-0.2082051E+01  0.2918990E+00  0.1558253E+01 -0.3467404E+00 -0.9780861E+00  0.4488721E+00
-0.2088282E+01  0.1044668E+00  0.1144376E+01 -0.5133741E+00 -0.8568619E+00  0.4671482E+00
-0.2106670E+01  0.8473563E-01  0.1350156E+01 -0.4801737E+00 -0.5168709E+00  0.4724998E+00
-0.2094609E+01  0.2214540E+00  0.1256931E+01 -0.5020415E+00 -0.8914975E+00  0.4002034E+00
-0.2310766E+01  0.2485076E+00  0.1346568E+01 -0.4252347E+00 -0.1233214E+01  0.3973784E+00
-0.2286817E+01  0.1957499E+00  0.1697799E+01 -0.2930484E+00 -0.1213432E+01  0.4157354E+00
-0.2158000E+01  0.1711736E+00  0.1472412E+01 -0.2587663E+00 -0.8503343E+00  0.5251930E+00
-0.2062214E+01  0.2218652E+00  0.1492763E+01 -0.2530453E+00 -0.9079090E+00  0.6128038E+00
-0.2247940E+01  0.1471510E+00  0.1659865E+01 -0.3477669E+00 -0.7730435E+00  0.5539256E+00
-0.2005576E+01  0.2068340E+00  0.1223653E+01 -0.4692568E+00 -0.8428029E+00  0.3634419E+00
-0.2182158E+01  0.8532193E-01  0.1337065E+01 -0.3589531E+00 -0.8722966E+00  0.5003043E+00
-0.2069875E+01  0.2880203E+00  0.1503248E+01 -0.3731567E+00 -0.8830898E+00  0.5300058E+00
-0.2289879E+01  0.1885299E+00  0.1496790E+01 -0.4646042E+00 -0.9255570E+00  0.3679270E+00
-0.2496997E+01  0.1160573E+00  0.1548634E+01 -0.3861021E+00 -0.6953299E+00  0.5630484E+00
-0.1985119E+01  0.2525757E+00  0.1212083E+01 -0.5214337E+00 -0.7464111E+00  0.5171502E+00
-0.2154363E+01  0.2778785E+00  0.1405027E+01 -0.4353413E+00 -0.1071023E+01  0.3510661E+00
-0.2402463E+01  0.2290548E+00  0.1687824E+01 -0.2751627E+00 -0.5779991E+00  0.6230595E+00
-0.2079338E+01  0.3043188E+00  0.1489435E+01 -0.3530529E+00 -0.6779302E+00  0.4583738E+00
-0.1993914E+01  0.2181644E+00  0.1068383E+01 -0.3917976E+00 -0.5867611E+00  0.4170953E+00
-0.2269741E+01  0.1509294E+00  0.1630901E+01 -0.3805288E+00 -0.1054794E+01  0.4109184E+00
-0.2261182E+01  0.7373946E-01  0.1360865E+01 -0.3699985E+00 -0.8966243E+00  0.4652225E+00
-0.2109520E+01  0.2126456E+00  0.1294872E+01 -0.3410169E+00 -0.6792059E+00  0.5206748E+00
-0.2275900E+01  0.6798960E-01  0.1530111E+01 -0.4867066E+00 -0.8188894E+00  0.4504978E+00
-0.1921381E+01  0.3681021E+00  0.1175136E+01 -0.5732073E+00 -0.9112404E+00  0.4442122E+00
-0.2096475E+01  0.1871847E+00  0.1485158E+01 -0.3196985E+00 -0.9764688E+00  0.5256268E+00
-0.2295160E+01  0.2500638E+00  0.1395943E+01 -0.3005943E+00 -0.8487045E+00  0.4280198E+00
-0.2208724E+01  0.1818393E+00  0.1555324E+01 -0.4497512E+00 -0.1064108E+01  0.4183802E+00
-0.2130791E+01  0.9397155E-01  0.1251424E+01 -0.4564243E+00 -0.7260130E+00  0.6247587E+00
-0.2019608E+01  0.2767368E+00  0.1360547E+01 -0.3808058E+00 -0.7573597E+00  0.4785655E+00
-0.1955737E+01  0.3541426E+00  0.1293951E+01 -0.4193391E+00 -0.9211473E+00  0.3784347E+00
-0.2131709E+01  0.2039961E+00  0.1302761E+01 -0.2647581E+00 -0.7417727E+00  0.4819741E+00
-0.2162505E+01  0.1505718E+00  0.1556332E+01 -0.3618859E+00 -0.9894728E+00  0.4788065E+00
-0.1923847E+01  0.5072615E+00  0.1391964E+01 -0.3534227E+00 -0.6117173E+00  0.5094085E+00
-0.1775120E+01  0.5161254E+00  0.1400027E+01 -0.5057915E+00 -0.9287860E+00  0.4224420E+00
-0.2432408E+01  0.4514356E-01  0.1158230E+01 -0.5049374E+00 -0.9786815E+00  0.3886556E+00
-0.2002308E+01  0.1452221E+00  0.1517573E+01 -0.3758497E+00 -0.1108852E+01  0.5192571E+00
-0.2561087E+01  0.5456953E-01  0.1342729E+01 -0.5769164E+00 -0.8335561E+00  0.6472341E+00
-0.2315102E+01  0.1212558E+00  0.1339245E+01 -0.4026547E+00 -0.8433599E+00  0.5161907E+00
-0.2055267E+01  0.1754377E+00  0.1427446E+01 -0.5376241E+00 -0.9799685E+00  0.3109199E+00
-0.2195752E+01  0.2316957E+00  0.1466960E+01 -0.2885375E+00 -0.8690553E+00  0.4096737E+00
-0.1783365E+01  0.2435078E+00  0.1370279E+01 -0.5821224E+00 -0.9906593E+00  0.3245660E+00
-0.2354863E+01  0.2968847E+00  0.1292077E+01 -0.3603273E+00 -0.1056322E+01  0.4779027E+00
-0.2191567E+01  0.3506668E+00  0.1180340E+01 -0.4525312E+00 -0.8166339E+00  0.2997668E+00
-0.2188114E+01  0.1609828E+00  0.1191462E+01 -0.4060089E+00 -0.9458285E+00  0.4862819E+00
-0.1998238E+01  0.3522538E+00  0.1503666E+01 -0.4481167E+00 -0.6890536E+00  0.5602084E+00
-0.2252497E+01  0.1402578E+00  0.1554691E+01 -0.3056201E+00 -0.9032283E+00  0.5189948E+00
-0.2106200E+01  0.2327594E+00  0.1085028E+01 -0.6418258E+00 -0.8255844E+00  0.3019355E+00
-0.2078778E+01  0.3094511E+00  0.1419224E+01 -0.3818659E+00 -0.1063116E+01  0.3749510E+00
-0.2036709E+01  0.1489762E+00  0.1378264E+01 -0.4036076E+00 -0.8895688E+00  0.4194406E+00
-0.2187867E+01  0.2148880E+00  0.1080734E+01 -0.6244359E+00 -0.9569104E+00  0.4122495E+00
-0.2331154E+01  0.8601029E-01  0.1359358E+01 -0.4907251E+00 -0.9566223E+00  0.4187648E+00
-0.2050188E+01  0.2571100E+00  0.1330141E+01 -0.3382914E+00 -0.9434481E+00  0.4495953E+00
-0.2011646E+01  0.3969069E+00  0.1524724E+01 -0.4524549E+00 -0.7721990E+00  0.3909026E+00
-0.2122071E+01  0.2515868E+00  0.1596482E+01 -0.3168011E+00 -0.8805464E+00  0.5814312E+00
-0.1914168E+01  0.3566580E+00  0.1285188E+01 -0.4254047E+00 -0.8284770E+00  0.4946429E+00
-0.2039936E+01  0.2919574E+00  0.1429476E+01 -0.2753416E+00 -0.8185875E+00  0.5090294E+00
-0.1971957E+01  0.4386305E+00  0.1488451E+01 -0.3516691E+00 -0.8706930E+00  0.5782796E+00
-0.2289219E+01  0.3014959E+00  0.1329280E+01 -0.3424202E+00 -0.1067508E+01  0.4124664E+00
-0.1990601E+01  0.3332197E+00  0.1320743E+01 -0.3051261E+00 -0.7728598E+00  0.6144516E+00
-0.1912331E+01  0.2863859E+00  0.1375919E+01 -0.2996056E+00 -0.7881046E+00  0.5311682E+00
-0.2334651E+01  0.1670231E+00  0.1554755E+01 -0.3644796E+00 -0.6058296E+00  0.5277297E+00
-0.2432523E+01  0.1020983E+00  0.1466563E+01 -0.3772375E+00 -0.8649736E+00  0.6087163E+00
-0.2002817E+01  0.2251522E+00  0.1234868E+01 -0.5101246E+00 -0.6778725E+00  0.3885648E+00
-0.1938099E+01  0.2704239E+00  0.1279683E+01 -0.3877544E+00 -0.1038427E+01  0.2806904E+00
-0.2136090E+01  0.2271227E+00  0.9770780E+00 -0.5685467E+00 -0.8634244E+00  0.3329514E+00
-0.2216695E+01  0.1424533E+00  0.1156780E+01 -0.3465403E+00 -0.8698848E+00  0.5436210E+00
-0.2258728E+01  0.2197384E+00  0.1558135E+01 -0.3896724E+00 -0.7063397E+00  0.6017699E+00
-0.2063110E+01  0.4168802E+00  0.1298800E+01 -0.3571349E+00 -0.7901181E+00  0.4615004E+00
-0.2262910E+01  0.1216897E+00  0.1311234E+01 -0.4457576E+00 -0.8535651E+00  0.5215429E+00
-0.2341343E+01  0.8245749E-01  0.1388948E+01 -0.4970056E+00 -0.1199895E+01  0.3788495E+00
-0.2195540E+01  0.1921190E+00  0.1336257E+01 -0.4962551E+00 -0.8041762E+00  0.5809405E+00
-0.2135289E+01  0.1969014E+00  0.1288804E+01 -0.3452968E+00 -0.8099357E+00  0.4369657E+00
-0.2233353E+01  0.2644513E+00  0.1270523E+01 -0.6054696E+00 -0.5843363E+00  0.5187299E+00
-0.2184039E+01 -0.8653501E-01  0.1132282E+01 -0.5932185E+00 -0.7202496E+00  0.5325152E+00
-0.2530170E+01  0.5672748E-01  0.1441574E+01 -0.3072273E+00 -0.8036113E+00  0.4622596E+00
-0.1997902E+01  0.1693857E+00  0.1273059E+01 -0.5303638E+00 -0.9276726E+00  0.4831328E+00
-0.2057806E+01  0.1923813E+00  0.1427599E+01 -0.3803528E+00 -0.1017252E+01  0.4453894E+00
-0.2285205E+01  0.1389425E+00  0.1746363E+01 -0.2377878E+00 -0.9457975E+00  0.4793996E+00
-0.2336588E+01  0.2613987E+00  0.1504973E+01 -0.3187553E+00 -0.6577241E+00  0.5047766E+00
-0.2249160E+01  0.1551533E+00  0.1225762E+01 -0.6005714E+00 -0.1214641E+01  0.3264729E+00
-0.2416548E+01  0.1748319E+00  0.1515952E+01 -0.3500418E+00 -0.9004665E+00  0.3985257E+00
-0.2500136E+01  0.1934027E+00  0.1687687E+01 -0.3394222E+00 -0.9681545E+00  0.4934042E+00
-0.2501500E+01  0.3825545E-01  0.1332045E+01 -0.5967973E+00 -0.7321859E+00  0.5203963E+00
-0.2015678E+01  0.2285423E+00  0.1153897E+01 -0.3620784E+00 -0.8835831E+00  0.3659582E+00
-0.2282453E+01  0.9562995E-01  0.1141938E+01 -0.5270230E+00 -0.5861066E+00  0.5212317E+00
-0.2185823E+01  0.1119148E+00  0.1193675E+01 -0.4534968E+00 -0.9739075E+00  0.5435485E+00
-0.2413141E+01  0.1909289E-01  0.1140124E+01 -0.5793049E+00 -0.7062482E+00  0.5870639E+00
-0.2058070E+01  0.2597226E+00  0.1428672E+01 -0.4914173E+00 -0.9502650E+00  0.4697341E+00
-0.2434816E+01  0.2449329E+00  0.1412065E+01 -0.5672810E+00 -0.9791115E+00  0.4557166E+00
-0.2232033E+01  0.1064219E+00  0.1460531E+01 -0.2865163E+00 -0.7749382E+00  0.5216607E+00
-0.2352046E+01  0.1087842E+00  0.1337833E+01 -0.3538748E+00 -0.6985767E+00  0.4670052E+00
-0.2365931E+01  0.1368617E+00  0.1657011E+01 -0.3110542E+00 -0.1188323E+01  0.2875308E+00
-0.1900127E+01  0.2605418E+00  0.1232445E+01 -0.2634825E+00 -0.1090069E+01  0.3767256E+00
-0.2229983E+01  0.2938992E+00  0.1642912E+01 -0.2472105E+00 -0.6846592E+00  0.6569558E+00
-0.2144211E+01  0.1742275E+00  0.1229950E+01 -0.4750493E+00 -0.7898624E+00  0.3361369E+00
-0.1692808E+01  0.3862348E+00  0.1137735E+01 -0.3433460E+00 -0.7774393E+00  0.4428509E+00
-0.2096460E+01  0.1143163E+00  0.1352297E+01 -0.3481021E+00 -0.1119351E+01  0.6124026E+00
-0.2223781E+01  0.2240980E+00  0.1464585E+01 -0.3721814E+00 -0.1098759E+01  0.4185986E+00
-0.2287662E+01  0.2801502E+00  0.1689132E+01 -0.3534091E+00 -0.8249130E+00  0.5011637E+00
-0.2280515E+01  0.1347874E+00  0.1328813E+01 -0.4305841E+00 -0.7743299E+00  0.3707701E+00
-0.1938257E+01  0.1502417E+00  0.1338416E+01 -0.4443090E+00 -0.8968883E+00  0.3922523E+00
-0.2154972E+01  0.2925657E+00  0.1444947E+01 -0.4252514E+00 -0.9266375E+00  0.6169618E+00
-0.2096406E+01  0.2983710E+00  0.1049661E+01 -0.4964997E+00 -0.8255204E+00  0.4592891E+00
-0.2268729E+01  0.1727231E+00  0.1494910E+01 -0.5209620E+00 -0.1111084E+01  0.4406420E+00
-0.2080393E+01  0.2154783E+00  0.1440088E+01 -0.1516513E+00 -0.6798458E+00  0.5189114E+00
-0.2246372E+01  0.1728300E+00  0.1396483E+01 -0.7161523E+00 -0.8726963E+00  0.3116851E+00
-0.2172031E+01  0.7443414E-01  0.1515907E+01 -0.2926097E+00 -0.5622205E+00  0.5775510E+00
-0.1912219E+01  0.2957529E+00  0.1290619E+01 -0.3337444E+00 -0.6239605E+00  0.4752173E+00
-0.2180747E+01  0.3263644E+00  0.1626974E+01 -0.1431495E+00 -0.8848332E+00  0.5910615E+00
-0.2100064E+01  0.2954002E+00  0.1498623E+01 -0.1720182E+00 -0.1013101E+01  0.4480083E+00
-0.1904235E+01  0.3201150E+00  0.1323007E+01 -0.4524740E+00 -0.1056937E+01  0.4964740E+00
-0.2117915E+01  0.2395449E+00  0.1407202E+01 -0.3759946E+00 -0.1112068E+01  0.4785999E+00
-0.2109512E+01  0.2969570E+00  0.1276244E+01 -0.4818046E+00 -0.9912228E+00  0.5585049E+00
-0.2170424E+01  0.1920033E+00  0.1232434E+01 -0.3523786E+00 -0.1095317E+01  0.3576533E+00
-0.2095441E+01  0.3305244E+00  0.1265421E+01 -0.4490656E+00 -0.9846494E+00  0.3721204E+00
-0.2393571E+01  0.1304537E+00  0.1112178E+01 -0.5253217E+00 -0.1165512E+01  0.2831442E+00
-0.2295738E+01  0.2640531E+00  0.1559489E+01 -0.3023319E+00 -0.9004334E+00  0.3793657E+00
-0.2481229E+01  0.3397913E-01  0.1476219E+01 -0.5637500E+00 -0.8888325E+00  0.4059599E+00
-0.2208018E+01  0.1970691E+00  0.1641885E+01 -0.2516842E+00 -0.6314930E+00  0.5715405E+00
-0.2028844E+01  0.4348339E+00  0.1343285E+01 -0.2567382E+00 -0.8293458E+00  0.6010413E+00
-0.2075417E+01  0.2977932E+00  0.1372139E+01 -0.3881369E+00 -0.9585201E+00  0.5601601E+00
-0.2345170E+01  0.9879987E-01  0.1409468E+01 -0.5106042E+00 -0.6509642E+00  0.4330047E+00
-0.2392162E+01  0.2144441E+00  0.1286195E+01 -0.4967750E+00 -0.9029443E+00  0.4128365E+00
-0.2229761E+01  0.1513145E+00  0.1348783E+01 -0.4036336E+00 -0.8029161E+00  0.6980717E+00
-0.2261816E+01  0.1380105E+00  0.1417511E+01 -0.5840878E+00 -0.1084506E+01  0.2481298E+00
-0.2214566E+01  0.1553231E+00  0.1338208E+01 -0.3820046E+00 -0.4574977E+00  0.5167627E+00
-0.2107750E+01  0.3490441E+00  0.1411434E+01 -0.3737721E+00 -0.9154756E+00  0.4063389E+00
-0.2150079E+01  0.2416724E+00  0.1353603E+01 -0.4185059E+00 -0.1038797E+01  0.3867180E+00
-0.2338621E+01  0.1967841E+00  0.1615821E+01 -0.3030145E+00 -0.7266031E+00  0.5445501E+00
-0.1887780E+01  0.2933391E+00  0.1242633E+01 -0.4721229E+00 -0.7012789E+00  0.4164283E+00
-0.2066894E+01  0.1100650E+00  0.1072748E+01 -0.6739302E+00 -0.8143524E+00  0.5248069E+00
-0.2347467E+01  0.1697932E+00  0.1162859E+01 -0.4426601E+00 -0.7671700E+00  0.5631580E+00
-0.2043413E+01  0.3033959E+00  0.1273318E+01 -0.7221290E+00 -0.7764728E+00  0.2336915E+00
-0.2252353E+01  0.2645940E+00  0.1523453E+01 -0.2581270E+00 -0.1038388E+01  0.3923617E+00
-0.2241874E+01  0.3039736E+00  0.1313953E+01 -0.5392653E+00 -0.8943337E+00  0.5144609E+00
-0.2279977E+01  0.1948906E+00  0.1532777E+01 -0.3059515E+00 -0.7956922E+00  0.4341830E+00
-0.2066061E+01  0.1055497E+00  0.1260159E+01 -0.4167703E+00 -0.8929314E+00  0.3865594E+00
-0.2092462E+01  0.2727038E+00  0.1342830E+01 -0.4566029E+00 -0.9310926E+00  0.3160725E+00
-0.2346223E+01  0.1467315E+00  0.1393532E+01 -0.3610211E+00 -0.9908559E+00  0.4593166E+00
-0.2255530E+01  0.1948781E+00  0.1487366E+01 -0.3091532E+00 -0.9657832E+00  0.4710943E+00
-0.2203988E+01  0.1546077E+00  0.1028821E+01 -0.6623892E+00 -0.6908561E+00  0.6127370E+00
-0.2040213E+01  0.3142044E+00  0.1580645E+01 -0.1912440E+00 -0.9186870E+00  0.5712889E+00
-0.2218957E+01  0.2402129E+00  0.1629197E+01 -0.1547013E+00 -0.5232036E+00  0.6073663E+00
-0.2067736E+01  0.5230963E-01  0.1263032E+01 -0.5386267E+00 -0.1036313E+01  0.4142318E+00
-0.2346394E+01  0.2717878E+00  0.1379047E+01 -0.4520997E+00 -0.9902680E+00  0.3498554E+00
-0.2215987E+01  0.2062091E+00  0.1637653E+01 -0.3978370E+00 -0.8714796E+00  0.3852571E+00
-0.2271603E+01 -0.2624467E-01  0.1176514E+01 -0.7709174E+00 -0.1238352E+01  0.3830511E+00
-0.2193692E+01  0.5112664E-01  0.1299784E+01 -0.5548718E+00 -0.8706158E+00  0.4812987E+00
-0.2350133E+01  0.1631946E+00  0.1277884E+01 -0.6396587E+00 -0.9089526E+00  0.3689168E+00
-0.1960351E+01  0.2066420E+00  0.1162237E+01 -0.5622836E+00 -0.9553970E+00  0.4337027E+00
-0.2193188E+01  0.2894569E+00  0.1287296E+01 -0.6162987E+00 -0.1127159E+01  0.2369572E+00
-0.2319598E+01  0.1427017E+00  0.1393529E+01 -0.6040121E+00 -0.1085723E+01  0.3406167E+00
-0.2201938E+01  0.2756522E+00  0.1143436E+01 -0.3937986E+00 -0.9790180E+00  0.3630167E+00
-0.2172923E+01  0.2027957E+00  0.1286155E+01 -0.4441308E+00 -0.8891474E+00  0.5262233E+00
-0.2058758E+01  0.5918635E-01  0.1095450E+01 -0.5474303E+00 -0.7550055E+00  0.6105093E+00
-0.2586340E+01  0.2045447E+00  0.1755241E+01 -0.3631779E+00 -0.7348386E+00  0.5288667E+00
-0.2312515E+01  0.2068509E+00  0.1550670E+01 -0.3782730E+00 -0.1375546E+01  0.3138711E+00
-0.2088442E+01  0.2066042E+00  0.1531354E+01 -0.3832599E+00 -0.9209794E+00  0.4922503E+00
-0.1964662E+01  0.3608737E+00  0.1447988E+01 -0.2256115E+00 -0.9017190E+00  0.4637976E+00
-0.1994922E+01  0.2371182E+00  0.1182172E+01 -0.6039969E+00 -0.8728743E+00  0.5185979E+00
-0.1947656E+01  0.1687683E+00  0.1303021E+01 -0.4203686E+00 -0.9485033E+00  0.4177747E+00
-0.2104199E+01  0.2513499E+00  0.1338417E+01 -0.2891638E+00 -0.6511783E+00  0.6441940E+00
-0.2101675E+01  0.1899104E+00  0.1335176E+01 -0.3547363E+00 -0.9568402E+00  0.5160728E+00
-0.2369432E+01  0.1872986E+00  0.1414579E+01 -0.4403290E+00 -0.6525725E+00  0.5683784E+00
-0.2245642E+01  0.1724891E+00  0.1075663E+01 -0.6391722E+00 -0.1119554E+01  0.3047079E+00
-0.2042617E+01  0.2804251E+00  0.1273012E+01 -0.3992996E+00 -0.6572481E+00  0.4105718E+00
-0.2108838E+01  0.2705122E+00  0.1303051E+01 -0.4555649E+00 -0.7662008E+00  0.4650220E+00
-0.2175274E+01  0.1555164E+00  0.1435509E+01 -0.3978032E+00 -0.9687810E+00  0.6711134E+00
-0.2368425E+01  0.1775473E+00  0.1384497E+01 -0.3154268E+00 -0.1134244E+01  0.4288265E+00
-0.2384175E+01  0.1488444E+00  0.1235453E+01 -0.6068148E+00 -0.8525159E+00  0.5372869E+00
-0.2280859E+01  0.1337800E+00  0.1484595E+01 -0.4264906E+00 -0.9294699E+00  0.4318848E+00
-0.2077306E+01  0.2906389E+00  0.1382578E+01 -0.3298607E+00 -0.1043591E+01  0.4417015E+00
-0.2006569E+01  0.1434914E+00  0.1310703E+01 -0.5241807E+00 -0.6471325E+00  0.4025096E+00
-0.2384582E+01  0.1371444E+00  0.1185482E+01 -0.5122047E+00 -0.7653500E+00  0.3824573E+00
-0.2273176E+01  0.1720096E+00  0.1431940E+01 -0.4785484E+00 -0.8000823E+00  0.5841899E+00
-0.2205995E+01  0.1929446E+00  0.1332708E+01 -0.4062383E+00 -0.7436466E+00  0.6490095E+00
-0.2198143E+01  0.2183118E+00  0.1437806E+01 -0.3886698E+00 -0.8627888E+00  0.3991242E+00
-0.2311220E+01  0.9916537E-01  0.1214182E+01 -0.3376720E+00 -0.8003382E+00  0.4494888E+00
-0.2104052E+01  0.1357307E+00  0.9751428E+00 -0.5541264E+00 -0.6760885E+00  0.4394969E+00
-0.2398839E+01  0.1942827E+00  0.1385800E+01 -0.3961428E+00 -0.7819278E+00  0.5638379E+00
-0.2107207E+01  0.3059913E+00  0.1506446E+01 -0.3288443E+00 -0.1048170E+01  0.4433750E+00
-0.2490487E+01  0.1097047E+00  0.1164264E+01 -0.5038794E+00 -0.7517989E+00  0.4606616E+00
-0.2137832E+01  0.1588700E+00  0.1359663E+01 -0.4923126E+00 -0.8243263E+00  0.6120366E+00
-0.2283611E+01  0.4638874E-01  0.1573498E+01 -0.5053761E+00 -0.1111828E+01  0.5397945E+00
-0.2255703E+01  0.1139123E+00  0.1289126E+01 -0.7068469E+00 -0.8898562E+00  0.3691469E+00
-0.2156366E+01  0.2055234E+00  0.1706254E+01 -0.3442529E+00 -0.1019711E+01  0.4227190E+00
-0.1995448E+01  0.2087445E+00  0.1379390E+01 -0.3498903E+00 -0.1188499E+01  0.4354244E+00
-0.2222151E+01  0.2674979E+00  0.1487623E+01 -0.3300609E+00 -0.8605422E+00  0.6389362E+00
-0.2239693E+01  0.1102537E+00  0.1442622E+01 -0.3972797E+00 -0.7370877E+00  0.6215805E+00
-0.2317759E+01  0.1486654E+00  0.1384150E+01 -0.3301562E+00 -0.1214249E+01  0.3565652E+00
-0.2306200E+01  0.6466267E-01  0.1256999E+01 -0.5120805E+00 -0.9197473E+00  0.6459771E+00
-0.2109905E+01  0.2103029E+00  0.1477599E+01 -0.3968635E+00 -0.8340699E+00  0.4452043E+00
-0.1940659E+01  0.4721364E+00  0.1345177E+01 -0.5398072E+00 -0.9606367E+00  0.4438541E+00
-0.2108332E+01  0.3562194E+00  0.1297630E+01 -0.5811142E+00 -0.8414882E+00  0.6264200E+00
-0.2119817E+01  0.2044512E+00  0.1240148E+01 -0.5897884E+00 -0.5969146E+00  0.5969838E+00
-0.2218828E+01  0.9875609E-01  0.1192175E+01 -0.7119640E+00 -0.9663229E+00  0.3990175E+00
-0.1713609E+01  0.2161035E+00  0.1271204E+01 -0.7006476E+00 -0.1139611E+01  0.3873081E+00
-0.2238205E+01  0.1271559E+00  0.1178186E+01 -0.7408019E+00 -0.6075566E+00  0.5167251E+00
-0.2135168E+01  0.8581408E-01  0.1636915E+01 -0.2896380E+00 -0.8940405E+00  0.4585926E+00
-0.2220295E+01  0.4035055E+00  0.1626314E+01 -0.3384073E+00 -0.8563632E+00  0.6484324E+00
-0.2237369E+01  0.2392999E+00  0.1431541E+01 -0.1762274E+00 -0.9898305E+00  0.4327022E+00
-0.2116199E+01  0.2627610E+00  0.1198505E+01 -0.3636332E+00 -0.7401262E+00  0.4521185E+00
-0.2261204E+01  0.2943398E+00  0.1273589E+01 -0.3331429E+00 -0.7846152E+00  0.4835103E+00
-0.2012654E+01  0.1526387E+00  0.1346553E+01 -0.3576608E+00 -0.7487459E+00  0.5063916E+00
-0.2476000E+01  0.5279309E-01  0.1277457E+01 -0.5293713E+00 -0.7321275E+00  0.4197819E+00
-0.2199698E+01  0.3128290E+00  0.1422330E+01 -0.5505790E+00 -0.9382574E+00  0.3539067E+00
-0.2251191E+01  0.2131852E+00  0.1166499E+01 -0.5391604E+00 -0.7095424E+00  0.3625975E+00
-0.2115487E+01  0.1704165E+00  0.1319822E+01 -0.4059121E+00 -0.1135205E+01  0.4522969E+00
-0.2301318E+01  0.1073170E+00  0.1182006E+01 -0.3877279E+00 -0.8864616E+00  0.4942693E+00
-0.2264787E+01  0.1820450E+00  0.1504655E+01 -0.3345159E+00 -0.7324835E+00  0.5287404E+00
-0.2279788E+01  0.5656356E-01  0.1368472E+01 -0.4766678E+00 -0.6252516E+00  0.4703316E+00
-0.2067794E+01  0.3168626E+00  0.1608027E+01 -0.2896475E+00 -0.1117677E+01  0.4677118E+00
-0.2333721E+01  0.1093781E+00  0.1419178E+01 -0.4402018E+00 -0.6688007E+00  0.5604579E+00
-0.2168353E+01  0.1948877E+00  0.1285635E+01 -0.3422711E+00 -0.8552555E+00  0.4120000E+00
-0.2642390E+01  0.1258840E+00  0.1382481E+01 -0.3847296E+00 -0.1036452E+01  0.3869315E+00
-0.1954922E+01  0.2114955E+00  0.1565831E+01 -0.2930749E+00 -0.1203759E+01  0.3764059E+00
-0.2088581E+01  0.3151448E+00  0.1262822E+01 -0.3512880E+00 -0.8497776E+00  0.3654297E+00
-0.2120164E+01  0.1685806E+00  0.1499092E+01 -0.2409649E+00 -0.8920851E+00  0.5301280E+00
-0.2300306E+01  0.5321630E-01  0.1136468E+01 -0.7745230E+00 -0.9963825E+00  0.4753074E+00
-0.2393806E+01  0.2151800E+00  0.1434178E+01 -0.2456971E+00 -0.6512819E+00  0.5226261E+00
-0.2125074E+01  0.2361940E+00  0.1135585E+01 -0.5298978E+00 -0.7602593E+00  0.3503970E+00
-0.2121142E+01  0.2695776E+00  0.1440775E+01 -0.4817818E+00 -0.6086462E+00  0.6119970E+00
-0.1986624E+01  0.3666016E+00  0.1338140E+01 -0.3220943E+00 -0.8232340E+00  0.4648794E+00
-0.2182319E+01  0.1844526E+00  0.1519114E+01 -0.3668370E+00 -0.1062932E+01  0.4465758E+00
-0.2357208E+01  0.1943652E+00  0.1395333E+01 -0.3253453E+00 -0.9590819E+00  0.3846173E+00
-0.2197219E+01  0.8596489E-01  0.1267637E+01 -0.4871310E+00 -0.9060022E+00  0.5558440E+00
-0.2114577E+01  0.1007893E+00  0.1122953E+01 -0.5600448E+00 -0.9271207E+00  0.4940218E+00
-0.2247989E+01 -0.1590083E-01  0.1418081E+01 -0.4937358E+00 -0.1154730E+01  0.4139682E+00
-0.2387775E+01  0.6566269E-01  0.1390575E+01 -0.2463970E+00 -0.8804069E+00  0.5516696E+00
-0.2480859E+01  0.3194560E+00  0.1467411E+01 -0.2753318E+00 -0.7503901E+00  0.5390982E+00
-0.2202506E+01  0.1540449E+00  0.1325960E+01 -0.4426591E+00 -0.9561847E+00  0.4701416E+00
-0.1816310E+01  0.3929213E+00  0.1364431E+01 -0.3314249E+00 -0.9512727E+00  0.5427243E+00
-0.1918911E+01  0.3848876E+00  0.1465059E+01 -0.3183487E+00 -0.7136576E+00  0.3865480E+00
-0.2291442E+01  0.1472901E+00  0.1202670E+01 -0.5125194E+00 -0.1077101E+01  0.4136215E+00
-0.2272848E+01  0.1476993E+00  0.1292293E+01 -0.3996104E+00 -0.8221870E+00  0.4308183E+00
-0.2316891E+01  0.1929961E+00  0.1052190E+01 -0.6669316E+00 -0.1141896E+01  0.3935957E+00
-0.2123343E+01  0.2082123E+00  0.1457575E+01 -0.3628391E+00 -0.4224735E+00  0.7593846E+00
-0.2085347E+01  0.1478461E+00  0.1209478E+01 -0.6067706E+00 -0.1142175E+01  0.3502615E+00
-0.2224862E+01  0.9669488E-01  0.1406924E+01 -0.4068529E+00 -0.7817029E+00  0.4884604E+00
-0.2288612E+01  0.2579179E+00  0.1422385E+01 -0.3929576E+00 -0.9001673E+00  0.5114701E+00
-0.2011140E+01  0.4464332E+00  0.1646961E+01 -0.2340290E+00 -0.7100632E+00  0.4016835E+00
-0.2284561E+01  0.1266787E+00  0.1446446E+01 -0.3123925E+00 -0.8462841E+00  0.4342491E+00
-0.2257909E+01  0.2732817E+00  0.1229326E+01 -0.4825399E+00 -0.8953827E+00  0.4465208E+00
-0.1976932E+01  0.3410550E+00  0.1317530E+01 -0.1677466E+00 -0.6014244E+00  0.4686338E+00
-0.2189051E+01  0.2231990E+00  0.1250628E+01 -0.5134313E+00 -0.9465388E+00  0.4397810E+00
-0.2003429E+01  0.2890881E+00  0.1387704E+01 -0.3865469E+00 -0.9096748E+00  0.5607909E+00
-0.2257298E+01  0.9499020E-01  0.1365151E+01 -0.3013229E+00 -0.5943780E+00  0.6891916E+00
-0.2334473E+01  0.3288093E+00  0.1333130E+01 -0.3792738E+00 -0.8811112E+00  0.4763516E+00
-0.2167395E+01  0.1184158E+00  0.1388446E+01 -0.4508680E+00 -0.7392917E+00  0.4637872E+00
-0.2228897E+01  0.4603435E-01  0.1268300E+01 -0.6292566E+00 -0.1109356E+01  0.4440238E+00
-0.2285743E+01  0.1864625E+00  0.1359249E+01 -0.4327953E+00 -0.1007365E+01  0.4067572E+00
-0.2130752E+01  0.2972572E+00  0.1468019E+01 -0.2699953E+00 -0.6451378E+00  0.6191927E+00
-0.1856756E+01  0.4086708E+00  0.1010683E+01 -0.8301295E+00 -0.1223815E+01  0.3631242E+00
-0.1787557E+01  0.2917812E+00  0.1177678E+01 -0.5835957E+00 -0.8769464E+00  0.3232204E+00
-0.2176667E+01  0.1108429E+00  0.1181111E+01 -0.4913053E+00 -0.1092656E+01  0.3902332E+00
-0.2117714E+01  0.1753202E+00  0.1602517E+01 -0.3075596E+00 -0.9387478E+00  0.4882935E+00
-0.2250520E+01  0.1675413E+00  0.1106924E+01 -0.3956307E+00 -0.1109672E+01  0.3517399E+00
-0.2104907E+01  0.2043928E+00  0.1369572E+01 -0.3886599E+00 -0.9827949E+00  0.4792140E+00
-0.1962546E+01  0.3556022E+00  0.1763017E+01 -0.2437026E+00 -0.9194432E+00  0.4369724E+00
-0.2022119E+01  0.1397461E+00  0.1413070E+01 -0.5980830E+00 -0.8804872E+00  0.4099919E+00
-0.2293266E+01  0.3063559E+00  0.1320110E+01 -0.3788373E+00 -0.1022325E+01  0.3936875E+00
-0.2238722E+01  0.1416379E+00  0.1185479E+01 -0.5997051E+00 -0.9030719E+00  0.3761447E+00
-0.2327032E+01  0.1607542E+00  0.1670253E+01 -0.3030045E+00 -0.1005629E+01  0.5853081E+00
-0.2134254E+01  0.2855965E+00  0.1559633E+01 -0.4286683E+00 -0.1219232E+01  0.3993280E+00
-0.2351491E+01 -0.1933408E-01  0.1357231E+01 -0.6015888E+00 -0.8918383E+00  0.3611730E+00
-0.2020175E+01  0.1221597E+00  0.1460054E+01 -0.4323070E+00 -0.6806385E+00  0.7247956E+00
-0.2334716E+01  0.7951683E-01  0.1535446E+01 -0.4192519E+00 -0.8796230E+00  0.5666068E+00
-0.2173773E+01  0.1267440E+00  0.1402942E+01 -0.3660111E+00 -0.8979918E+00  0.5806112E+00
-0.2277244E+01  0.2172607E+00  0.1322725E+01 -0.4146196E+00 -0.8387107E+00  0.4321565E+00
-0.2157646E+01  0.1512108E+00  0.1406974E+01 -0.4273232E+00 -0.8464644E+00  0.3957061E+00
-0.2111078E+01  0.2549376E+00  0.1547432E+01 -0.2572274E+00 -0.9449940E+00  0.5046168E+00
-0.2349938E+01  0.4477486E-01  0.1210337E+01 -0.4765534E+00 -0.7948461E+00  0.3866811E+00
-0.1968408E+01  0.1124264E+00  0.1360994E+01 -0.5774362E+00 -0.1010392E+01  0.3681465E+00
-0.2395316E+01  0.1348599E+00  0.1650391E+01 -0.2789865E+00 -0.7435240E+00  0.5251859E+00
-0.2017951E+01  0.2215509E+00  0.1484314E+01 -0.3707426E+00 -0.7038897E+00  0.6030163E+00
-0.2275059E+01 -0.5546023E-03  0.1168757E+01 -0.4495172E+00 -0.1189730E+01  0.3783435E+00
-0.1783914E+01  0.3431112E+00  0.1277973E+01 -0.4105824E+00 -0.1152058E+01  0.3747420E+00
-0.2360152E+01  0.1771241E+00  0.1509080E+01 -0.3615436E+00 -0.9308850E+00  0.4555538E+00
-0.1803433E+01  0.5777507E+00  0.1135640E+01 -0.4729998E+00 -0.7991581E+00  0.3388808E+00
-0.2031625E+01  0.3105691E+00  0.1427903E+01 -0.3866229E+00 -0.7396815E+00  0.4581315E+00
-0.1951650E+01  0.4054211E+00  0.1288677E+01 -0.3780328E+00 -0.9191137E+00  0.4325915E+00
-0.1998199E+01  0.2141047E+00  0.1323665E+01 -0.4594304E+00 -0.1242315E+01  0.3906890E+00
-0.2203926E+01  0.2088856E+00  0.1432757E+01 -0.5342131E+00 -0.9587119E+00  0.4368042E+00
-0.2328962E+01  0.1539093E+00  0.1566723E+01 -0.3281230E+00 -0.8082083E+00  0.3734800E+00
-0.2114584E+01  0.2016468E+00  0.1293286E+01 -0.5645174E+00 -0.9009512E+00  0.3466937E+00
-0.2042251E+01  0.3773145E+00  0.1326919E+01 -0.5032416E+00 -0.7996873E+00  0.4175840E+00
-0.2320093E+01  0.1212288E-01  0.1250952E+01 -0.3947837E+00 -0.7456540E+00  0.3843847E+00
-0.1811950E+01  0.2624309E+00  0.1352408E+01 -0.3511082E+00 -0.8134399E+00  0.4078691E+00
-0.1925539E+01  0.3358233E+00  0.1398965E+01 -0.4419127E+00 -0.9881617E+00  0.5184237E+00
-0.1865676E+01  0.3064517E+00  0.1662985E+01 -0.2582648E+00 -0.8852326E+00  0.5501819E+00
-0.2012144E+01  0.2427780E+00  0.1237516E+01 -0.4112830E+00 -0.6139109E+00  0.4602281E+00
-0.2131041E+01  0.1829762E+00  0.1307072E+01 -0.4257282E+00 -0.7459703E+00  0.5383502E+00
-0.2410019E+01  0.2366062E+00  0.1495470E+01 -0.4707335E+00 -0.8520782E+00  0.5303856E+00
-0.2293998E+01  0.7836160E-01  0.8916680E+00 -0.7032482E+00 -0.1124790E+01  0.2965752E+00
-0.1960332E+01  0.6260474E+00  0.1051283E+01 -0.3971924E+00 -0.9819440E+00  0.3486084E+00
-0.2314875E+01  0.1440688E+00  0.1483055E+01 -0.2443887E+00 -0.6448408E+00  0.6534625E+00
-0.1888851E+01  0.3890981E+00  0.1196375E+01 -0.5472090E+00 -0.1060064E+01  0.4171515E+00
-0.1963004E+01  0.5974340E+00  0.1119330E+01 -0.6486374E+00 -0.8625853E+00  0.4089317E+00
-0.2310172E+01  0.9436216E-01  0.1189651E+01 -0.4051206E+00 -0.7466879E+00  0.3947778E+00
-0.2088309E+01  0.2811354E+00  0.1456677E+01 -0.4877756E+00 -0.1045629E+01  0.4030722E+00
-0.2235636E+01  0.1594186E+00  0.1266192E+01 -0.5723380E+00 -0.6863302E+00  0.5100420E+00
-0.2113046E+01  0.1480439E+00  0.1459920E+01 -0.5063770E+00 -0.1142305E+01  0.4728495E+00
-0.2083513E+01  0.2200792E+00  0.1297504E+01 -0.3992259E+00 -0.7267990E+00  0.3250508E+00
-0.2078072E+01  0.1624187E+00  0.1122998E+01 -0.5353250E+00 -0.1181313E+01  0.4856688E+00
-0.2211861E+01  0.3327545E+00  0.1209554E+01 -0.3812312E+00 -0.6950115E+00  0.4188262E+00
-0.1940941E+01  0.3128307E+00  0.1415087E+01 -0.3824313E+00 -0.9440674E+00  0.4147723E+00
-0.2233277E+01  0.1880074E+00  0.1377925E+01 -0.4481394E+00 -0.8388969E+00  0.4185151E+00
-0.2196506E+01  0.2892582E+00  0.1300339E+01 -0.4537707E+00 -0.8086513E+00  0.5013951E+00
-0.2020688E+01  0.1089322E+00  0.1248785E+01 -0.5045020E+00 -0.1002426E+01  0.4712118E+00
-0.2304426E+01  0.1168824E+00  0.1364641E+01 -0.3989258E+00 -0.1187943E+01  0.3833305E+00
-0.2210055E+01  0.1346438E+00  0.1404566E+01 -0.5107910E+00 -0.8060203E+00  0.3805148E+00
-0.2278163E+01  0.8378590E-02  0.1181693E+01 -0.4367065E+00 -0.8091229E+00  0.4988113E+00
-0.1994943E+01  0.3863622E+00  0.1180018E+01 -0.5794517E+00 -0.7045596E+00  0.3807178E+00
-0.2111323E+01  0.2879766E+00  0.1391203E+01 -0.4140306E+00 -0.9589965E+00  0.4437748E+00
-0.1915594E+01  0.3653740E+00  0.1341183E+01 -0.5998914E+00 -0.1087667E+01  0.3795545E+00
-0.2218302E+01  0.1949055E+00  0.1379945E+01 -0.4307730E+00 -0.8838890E+00  0.3576954E+00
-0.2199526E+01  0.2815952E+00  0.1415895E+01 -0.4720065E+00 -0.8179156E+00  0.4171314E+00
-0.2089076E+01  0.1667049E+00  0.1526188E+01 -0.3981390E+00 -0.9965918E+00  0.4797413E+00
-0.2387583E+01  0.2286383E+00  0.1397169E+01 -0.4184901E+00 -0.5719364E+00  0.4452517E+00
-0.2087970E+01  0.3218446E+00  0.1455921E+01 -0.3378432E+00 -0.9110903E+00  0.5572558E+00
-0.2039617E+01  0.3002757E+00  0.1163798E+01 -0.3800777E+00 -0.7353610E+00  0.4106283E+00
-0.2262696E+01  0.6239098E-01  0.1250290E+01 -0.7449221E+00 -0.8041445E+00  0.3945974E+00
-0.2127046E+01  0.2836024E+00  0.1446380E+01 -0.3810064E+00 -0.8280183E+00  0.5151818E+00
-0.2367431E+01 -0.5902931E-01  0.1185294E+01 -0.5317213E+00 -0.9545470E+00  0.4665339E+00
-0.2281300E+01  0.1692469E+00  0.1532187E+01 -0.3772625E+00 -0.7735772E+00  0.4719050E+00
-0.2104042E+01  0.2227276E+00  0.1679489E+01 -0.2960394E+00 -0.1124325E+01  0.3879374E+00
-0.2013371E+01  0.4667578E+00  0.1322116E+01 -0.5252629E+00 -0.1005651E+01  0.2569760E+00
-0.2128202E+01  0.2625175E+00  0.1393834E+01 -0.1771745E+00 -0.6151433E+00  0.6678651E+00
-0.2170448E+01  0.1266360E+00  0.1173182E+01 -0.3964440E+00 -0.9776657E+00  0.5331865E+00
-0.2023552E+01  0.4761218E+00  0.1462133E+01 -0.4041344E+00 -0.7405770E+00  0.4283549E+00
-0.2105683E+01  0.2918136E+00  0.1297469E+01 -0.5097407E+00 -0.7564739E+00  0.3240951E+00
-0.1907608E+01  0.2254958E+00  0.1368351E+01 -0.4191226E+00 -0.1011402E+01  0.4149727E+00
-0.2062663E+01  0.9279351E-01  0.1383574E+01 -0.3178993E+00 -0.9217551E+00  0.5362003E+00
-0.2041009E+01  0.3015103E+00  0.9452537E+00 -0.6525221E+00 -0.7407903E+00  0.5580086E+00
-0.2209748E+01  0.9627212E-01  0.1370657E+01 -0.4430096E+00 -0.7094995E+00  0.3982120E+00
-0.2275125E+01  0.2680044E+00  0.1612718E+01 -0.2845620E+00 -0.9072297E+00  0.4989495E+00
-0.2004625E+01  0.2524248E+00  0.1377280E+01 -0.3331295E+00 -0.5705094E+00  0.4515491E+00
-0.2092714E+01  0.1533313E+00  0.1201754E+01 -0.6035634E+00 -0.1293798E+01  0.3392337E+00
-0.2354643E+01 -0.6334195E-01  0.1399767E+01 -0.5825093E+00 -0.6698618E+00  0.4601168E+00
-0.2228036E+01  0.1594500E+00  0.1244812E+01 -0.3874330E+00 -0.9258913E+00  0.4473963E+00
-0.2358480E+01  0.5615991E-01  0.1541467E+01 -0.3510668E+00 -0.7955654E+00  0.5465098E+00
-0.2149215E+01  0.3029238E+00  0.1478230E+01 -0.4856512E+00 -0.1035945E+01  0.3397846E+00
-0.2330186E+01  0.1179087E+00  0.1193808E+01 -0.7964628E+00 -0.7609637E+00  0.6380075E+00
-0.2298980E+01  0.1645516E+00  0.1328614E+01 -0.4086788E+00 -0.6792234E+00  0.6505439E+00
-0.2297189E+01  0.2002429E+00  0.1415755E+01 -0.3451871E+00 -0.1304935E+01  0.3338292E+00
-0.2021472E+01  0.1315624E+00  0.1403782E+01 -0.3949680E+00 -0.6260646E+00  0.4420057E+00
-0.2133627E+01  0.3169884E+00  0.1416062E+01 -0.4049851E+00 -0.9785594E+00  0.4851297E+00
-0.2068136E+01  0.6529517E-01  0.1242617E+01 -0.4992377E+00 -0.7073273E+00  0.4301332E+00
-0.2201194E+01  0.2116000E+00  0.1525622E+01 -0.1948225E+00 -0.7507058E+00  0.5359955E+00
-0.2083938E+01  0.1956016E+00  0.1209973E+01 -0.5723732E+00 -0.9073649E+00  0.4990067E+00
-0.2113371E+01  0.4286344E+00  0.1529780E+01 -0.2510511E+00 -0.7098409E+00  0.7493972E+00
-0.1835951E+01  0.2827861E+00  0.1372146E+01 -0.2723475E+00 -0.8620821E+00  0.4536305E+00
-0.1963059E+01  0.2618915E+00  0.1586345E+01 -0.1166913E+00 -0.8908899E+00  0.4827651E+00
-0.2231834E+01  0.7177959E-01  0.1012507E+01 -0.5811619E+00 -0.1005341E+01  0.4451067E+00
-0.2069835E+01  0.2378633E+00  0.1436460E+01 -0.4168044E+00 -0.9202626E+00  0.4973730E+00
-0.2172470E+01  0.4773121E+00  0.1585589E+01 -0.9126245E-01 -0.7221718E+00  0.5414950E+00
-0.1948248E+01  0.2448122E+00  0.1143650E+01 -0.4024845E+00 -0.1030561E+01  0.4636080E+00
-0.1883560E+01  0.7743580E+00  0.1547749E+01 -0.4101904E+00 -0.8102437E+00  0.4495471E+00
-0.2349314E+01 -0.4658658E-01  0.1271074E+01 -0.4526877E+00 -0.9776695E+00  0.4439893E+00
-0.2266097E+01  0.3990194E-01  0.1203061E+01 -0.4216840E+00 -0.5455095E+00  0.6667290E+00
-0.1837836E+01  0.4679336E+00  0.1252259E+01 -0.3190532E+00 -0.6940923E+00  0.4170099E+00
-0.2305961E+01  0.1391659E+00  0.1380970E+01 -0.5383522E+00 -0.9319347E+00  0.4749564E+00
-0.2506407E+01  0.7219521E-01  0.1093068E+01 -0.5813615E+00 -0.8119257E+00  0.3951930E+00
-0.2064481E+01  0.2456877E+00  0.1120993E+01 -0.6683964E+00 -0.9536670E+00  0.6038903E+00
-0.2134097E+01  0.1548970E+00  0.1403704E+01 -0.4488411E+00 -0.6639309E+00  0.4804639E+00
-0.1865374E+01  0.2134434E+00  0.1267582E+01 -0.5886972E+00 -0.9050294E+00  0.4018591E+00
-0.1961837E+01  0.2721191E+00  0.1615019E+01 -0.2011696E+00 -0.9604352E+00  0.5840527E+00
-0.1941681E+01  0.3273766E+00  0.1024925E+01 -0.5635939E+00 -0.9872790E+00  0.2969090E+00
-0.1965316E+01  0.3584347E+00  0.1399706E+01 -0.5368088E+00 -0.7971048E+00  0.4476977E+00
-0.2270018E+01  0.1743763E+00  0.1130021E+01 -0.5003949E+00 -0.6817742E+00  0.5908600E+00
-0.2309881E+01  0.1763531E-01  0.1245169E+01 -0.6314180E+00 -0.5480322E+00  0.6998821E+00
-0.2211573E+01  0.1900430E+00  0.1331723E+01 -0.2649052E+00 -0.8685375E+00  0.5709379E+00
-0.2414380E+01  0.2277250E+00  0.1464708E+01 -0.3728292E+00 -0.1002174E+01  0.3579231E+00
-0.2408678E+01  0.1751175E+00  0.1368179E+01 -0.4061031E+00 -0.9156840E+00  0.4359722E+00
-0.2231825E+01  0.3538959E+00  0.1478336E+01 -0.4206027E+00 -0.9809456E+00  0.4122369E+00
-0.2192556E+01  0.2614519E+00  0.1313272E+01 -0.4712798E+00 -0.9301944E+00  0.5647712E+00
-0.1962248E+01  0.2656643E+00  0.1467054E+01 -0.3128680E+00 -0.8055074E+00  0.4395263E+00
-0.2264829E+01  0.3482135E+00  0.1587320E+01 -0.2101016E+00 -0.8640716E+00  0.4609927E+00
-0.2142211E+01  0.2504657E+00  0.1550184E+01 -0.3173117E+00 -0.7420833E+00  0.6177148E+00
-0.2466787E+01  0.1243558E-01  0.1360773E+01 -0.5869934E+00 -0.7070212E+00  0.4862221E+00
-0.1869099E+01  0.2812445E+00  0.1631874E+01 -0.2655889E+00 -0.1145832E+01  0.3823948E+00
-0.2100938E+01  0.2612227E+00  0.1313966E+01 -0.2627115E+00 -0.6315432E+00  0.5568453E+00
-0.1890974E+01  0.2894023E+00  0.1223225E+01 -0.5553150E+00 -0.9723720E+00  0.2961486E+00
-0.2097013E+01  0.2740994E+00  0.1580203E+01 -0.3617262E+00 -0.9105679E+00  0.3808851E+00
-0.2184425E+01  0.1666340E+00  0.1343308E+01 -0.5144112E+00 -0.1184399E+01  0.2800106E+00
-0.2426540E+01  0.2113827E+00  0.1319274E+01 -0.6180928E+00 -0.9030938E+00  0.3126833E+00
-0.2232636E+01  0.1982591E+00  0.1489988E+01 -0.2658955E+00 -0.8717862E+00  0.4641486E+00
-0.2069812E+01  0.2768902E+00  0.1334718E+01 -0.2272711E+00 -0.4525544E+00  0.5811787E+00
-0.2229615E+01 -0.5280622E-02  0.1443383E+01 -0.6118468E+00 -0.9647361E+00  0.5549820E+00
-0.2130046E+01  0.2262893E+00  0.1392661E+01 -0.3758606E+00 -0.1005514E+01  0.4072198E+00
-0.2127676E+01  0.4607661E+00  0.1273927E+01 -0.3136380E+00 -0.8820533E+00  0.5099152E+00
-0.2117930E+01  0.9095387E-01  0.1278709E+01 -0.6031776E+00 -0.8046115E+00  0.5724238E+00
-0.2149813E+01  0.1567707E+00  0.1385778E+01 -0.4373216E+00 -0.1123268E+01  0.3320230E+00
-0.1929608E+01  0.2921814E+00  0.1176532E+01 -0.6482372E+00 -0.1081293E+01  0.2990331E+00
-0.2147352E+01  0.1252785E+00  0.1096883E+01 -0.5597547E+00 -0.6619597E+00  0.5096610E+00
-0.2145242E+01  0.2338769E+00  0.1571689E+01 -0.1779084E+00 -0.8360697E+00  0.5633068E+00
-0.2298981E+01  0.1889144E+00  0.1209725E+01 -0.4823715E+00 -0.7673341E+00  0.4444844E+00
-0.2208572E+01  0.2826232E+00  0.1422743E+01 -0.4911644E+00 -0.8080202E+00  0.3818998E+00
-0.2139817E+01  0.1273043E+00  0.1305500E+01 -0.4818239E+00 -0.7097476E+00  0.4624090E+00
-0.2153805E+01  0.2200891E+00  0.1531967E+01 -0.4292457E+00 -0.1017650E+01  0.4665674E+00
-0.2221273E+01  0.3476431E+00  0.1428695E+01 -0.5487671E+00 -0.9800522E+00  0.5460620E+00
-0.2117233E+01  0.2720335E+00  0.1445842E+01 -0.4524632E+00 -0.8689058E+00  0.3921850E+00
-0.2096397E+01  0.1823595E+00  0.1137195E+01 -0.5391610E+00 -0.8667664E+00  0.2570276E+00
-0.2190446E+01  0.2787632E+00  0.1388656E+01 -0.4024647E+00 -0.8255843E+00  0.4960939E+00
-0.2117715E+01  0.2637821E+00  0.1270500E+01 -0.4140641E+00 -0.7692462E+00  0.5724694E+00
-0.2277163E+01  0.1517641E+00  0.1174873E+01 -0.7375998E+00 -0.8462806E+00  0.3244784E+00
-0.2094321E+01  0.1494993E+00  0.1374082E+01 -0.3628479E+00 -0.7153330E+00  0.6466349E+00
-0.1946268E+01  0.4149249E+00  0.8888036E+00 -0.5419187E+00 -0.1174767E+01  0.3219036E+00
-0.2186708E+01  0.2774342E+00  0.1484284E+01 -0.4310766E+00 -0.9334322E+00  0.4602614E+00
-0.2248004E+01  0.3138237E+00  0.1388613E+01 -0.3544148E+00 -0.6530282E+00  0.5714504E+00
-0.2092298E+01  0.3769531E+00  0.1518004E+01 -0.5191114E+00 -0.8506648E+00  0.3690146E+00
-0.2079463E+01  0.3564852E+00  0.1179218E+01 -0.6834560E+00 -0.7248637E+00  0.5563804E+00
-0.2139987E+01  0.2476121E+00  0.1662411E+01 -0.2831475E+00 -0.9321358E+00  0.4456441E+00
-0.1987964E+01  0.3508127E+00  0.1409012E+01 -0.1788096E+00 -0.6120765E+00  0.5025797E+00
-0.2366616E+01  0.1691704E+00  0.1497087E+01 -0.3050579E+00 -0.7414513E+00  0.4867648E+00
-0.2119411E+01  0.1104485E+00  0.1334664E+01 -0.3449200E+00 -0.7121261E+00  0.5311719E+00
-0.2266190E+01  0.1748758E+00  0.1603337E+01 -0.2562151E+00 -0.9369376E+00  0.4331870E+00
-0.2057171E+01  0.2589285E+00  0.1332533E+01 -0.4727466E+00 -0.9368256E+00  0.5033763E+00
-0.2049511E+01  0.1691998E+00  0.1276096E+01 -0.5745278E+00 -0.8504687E+00  0.5016827E+00
-0.2224380E+01  0.2672036E+00  0.1271107E+01 -0.2998034E+00 -0.1058026E+01  0.5031593E+00
-0.2100871E+01  0.1889471E+00  0.1319906E+01 -0.4838453E+00 -0.1118053E+01  0.4261469E+00
-0.2190016E+01  0.2156834E+00  0.1254708E+01 -0.6273262E+00 -0.8931977E+00  0.4917393E+00
-0.2367028E+01  0.1256088E+00  0.1330972E+01 -0.4545021E+00 -0.1016875E+01  0.4412347E+00
-0.2439344E+01  0.1945561E+00  0.1363810E+01 -0.5068666E+00 -0.7750991E+00  0.5137934E+00
-0.2012760E+01  0.2142815E+00  0.1271815E+01 -0.3021594E+00 -0.8534411E+00  0.3894867E+00
-0.2203429E+01  0.2249551E+00  0.1487035E+01 -0.3719331E+00 -0.8654667E+00  0.4344412E+00
-0.2112220E+01  0.1956033E+00  0.1353742E+01 -0.6307345E+00 -0.9054296E+00  0.3962563E+00
-0.2204546E+01  0.2184199E+00  0.1393133E+01 -0.3719290E+00 -0.1067476E+01  0.4524772E+00
-0.2451787E+01  0.8383486E-01  0.1363646E+01 -0.5062996E+00 -0.9509165E+00  0.4828439E+00
-0.1680790E+01  0.5822684E+00  0.1324393E+01 -0.2009119E+00 -0.1026235E+01  0.3972337E+00
-0.2000285E+01  0.2208915E+00  0.9796818E+00 -0.5675972E+00 -0.7604969E+00  0.3901648E+00
-0.2209834E+01  0.3008864E+00  0.1367477E+01 -0.2236925E+00 -0.9590334E+00  0.5863069E+00
-0.2071665E+01  0.2067950E+00  0.1553743E+01 -0.2412343E+00 -0.9000755E+00  0.5476540E+00
-0.1970701E+01  0.3863119E+00  0.1436418E+01 -0.3048488E+00 -0.1010754E+01  0.4749568E+00
-0.2102077E+01  0.2231696E+00  0.1583919E+01 -0.3149935E+00 -0.9064309E+00  0.4455684E+00
-0.2083020E+01  0.2250909E+00  0.1341066E+01 -0.3604683E+00 -0.9106441E+00  0.3802400E+00
-0.2032891E+01  0.2033922E+00  0.1491559E+01 -0.3469338E+00 -0.6704756E+00  0.5849063E+00
-0.1933062E+01  0.3251682E+00  0.1340800E+01 -0.3547109E+00 -0.8152093E+00  0.4212147E+00
-0.1885404E+01  0.3310247E+00  0.1393261E+01 -0.4179731E+00 -0.1158926E+01  0.4486050E+00
-0.2218085E+01  0.9130949E-01  0.1421485E+01 -0.4366074E+00 -0.8003667E+00  0.4955386E+00
-0.2090629E+01  0.1241921E+00  0.1333750E+01 -0.2673882E+00 -0.6545292E+00  0.4452868E+00
-0.2106901E+01  0.2819739E+00  0.1471906E+01 -0.4251962E+00 -0.8399809E+00  0.5042589E+00
-0.1992310E+01  0.2083165E+00  0.1173126E+01 -0.5757921E+00 -0.8732314E+00  0.3463584E+00
-0.2146328E+01  0.2561270E+00  0.1565814E+01 -0.4426231E+00 -0.1020829E+01  0.4251973E+00
-0.2066617E+01  0.2703095E+00  0.1246502E+01 -0.5110374E+00 -0.9917839E+00  0.5113351E+00
-0.1919804E+01  0.1910442E+00  0.1437836E+01 -0.2392569E+00 -0.7830776E+00  0.4758434E+00
-0.2152212E+01  0.1107985E+00  0.1110451E+01 -0.5590171E+00 -0.6782732E+00  0.4810580E+00
-0.1896086E+01  0.5491711E+00  0.1712055E+01 -0.5921393E-01 -0.5339670E+00  0.5173586E+00
-0.2049311E+01  0.1394516E+00  0.1236161E+01 -0.3252660E+00 -0.3588933E+00  0.5881307E+00
-0.1998976E+01  0.3588237E+00  0.1368039E+01 -0.3101253E+00 -0.8283400E+00  0.5264225E+00
-0.1761014E+01  0.5281777E+00  0.1432389E+01 -0.2771000E+00 -0.9022049E+00  0.4014963E+00
-0.2257908E+01  0.2787997E+00  0.1329905E+01 -0.4631710E+00 -0.6996334E+00  0.6080300E+00
-0.2092013E+01  0.5657440E-01  0.1345069E+01 -0.3750370E+00 -0.7984688E+00  0.5402228E+00
-0.2004375E+01  0.2191670E+00  0.1496213E+01 -0.2263634E+00 -0.7426789E+00  0.4083306E+00
-0.2017941E+01  0.2598614E+00  0.1407135E+01 -0.4934832E+00 -0.8867447E+00  0.3976447E+00
-0.2059377E+01  0.2760252E+00  0.1123289E+01 -0.5596869E+00 -0.1091769E+01  0.3848146E+00
-0.2012266E+01  0.3368074E+00  0.1263864E+01 -0.4471337E+00 -0.8900272E+00  0.5219612E+00
-0.2308091E+01  0.1096335E+00  0.1290613E+01 -0.3960888E+00 -0.8364729E+00  0.3999664E+00
-0.1964028E+01  0.2487540E+00  0.1331608E+01 -0.5555619E+00 -0.1015742E+01  0.4809133E+00
-0.2358689E+01  0.2257680E+00  0.1289486E+01 -0.4210066E+00 -0.1042312E+01  0.3850909E+00
-0.1920094E+01  0.2764229E+00  0.1455791E+01 -0.2789819E+00 -0.9075304E+00  0.5243308E+00
-0.2157610E+01  0.2179789E+00  0.1345256E+01 -0.3822684E+00 -0.1016874E+01  0.4088279E+00
-0.2008351E+01  0.2351263E+00  0.1533091E+01 -0.2876525E+00 -0.6254162E+00  0.4961949E+00
-0.2082049E+01  0.2248577E+00  0.1273540E+01 -0.4089501E+00 -0.9907406E+00  0.4776438E+00
-0.2322911E+01  0.2142996E+00  0.1272122E+01 -0.4980972E+00 -0.1236814E+01  0.4025064E+00
-0.2128723E+01  0.1875587E+00  0.1504077E+01 -0.3042625E+00 -0.5246915E+00  0.6776983E+00
-0.2179734E+01  0.9840666E-03  0.1225579E+01 -0.5318777E+00 -0.7513126E+00  0.4523439E+00
-0.2157145E+01  0.1862626E+00  0.1809066E+01 -0.2552086E+00 -0.1045012E+01  0.4082422E+00
-0.1974042E+01  0.9316655E-01  0.1281261E+01 -0.3953080E+00 -0.1052226E+01  0.3001624E+00
-0.1968509E+01  0.1992198E+00  0.1375748E+01 -0.3161727E+00 -0.9809995E+00  0.4539671E+00
-0.2085166E+01  0.3524795E+00  0.1434552E+01 -0.4654486E+00 -0.8676428E+00  0.3703140E+00
-0.2146257E+01  0.3000224E+00  0.1346351E+01 -0.5477178E+00 -0.9388586E+00  0.4360330E+00
-0.2193229E+01  0.2853689E+00  0.1253043E+01 -0.2261119E+00 -0.8131701E+00  0.4317393E+00
-0.1977108E+01  0.2578414E+00  0.1124040E+01 -0.6559205E+00 -0.1373518E+01  0.3187304E+00
-0.2279088E+01  0.1676571E+00  0.1264110E+01 -0.5567836E+00 -0.6180167E+00  0.7303007E+00
-0.2054999E+01  0.3322465E+00  0.1389417E+01 -0.4120752E+00 -0.8881637E+00  0.4824929E+00
-0.2188643E+01  0.2300985E+00  0.1322760E+01 -0.4337695E+00 -0.9713981E+00  0.4351520E+00
-0.2324280E+01  0.2230134E+00  0.8991455E+00 -0.7582264E+00 -0.8154725E+00  0.3571935E+00
-0.1990606E+01  0.3817245E+00  0.1476592E+01 -0.4580400E+00 -0.1165564E+01  0.3226746E+00
-0.2020192E+01  0.1833315E+00  0.1018083E+01 -0.5872389E+00 -0.5948175E+00  0.4210418E+00
-0.2062961E+01  0.1740956E+00  0.1467417E+01 -0.3473021E+00 -0.7794946E+00  0.5257183E+00
-0.1938804E+01  0.3443763E+00  0.1438370E+01 -0.5472171E+00 -0.9762708E+00  0.4453250E+00
-0.2225524E+01  0.1287910E+00  0.1607768E+01 -0.2832243E+00 -0.1023567E+01  0.4842783E+00
-0.2089564E+01  0.2509910E+00  0.1521411E+01 -0.4289661E+00 -0.9285854E+00  0.4188315E+00
-0.2045794E+01  0.3194581E+00  0.1320877E+01 -0.2458380E+00 -0.6303021E+00  0.5574811E+00
-0.2391412E+01  0.2024038E+00  0.1173506E+01 -0.5274927E+00 -0.9276943E+00  0.5586803E+00
-0.2129465E+01 -0.1827491E-01  0.1312328E+01 -0.4452213E+00 -0.7433899E+00  0.4352714E+00
-0.2109701E+01  0.4023600E+00  0.1382411E+01 -0.4844126E+00 -0.1095842E+01  0.4259394E+00
-0.2274543E+01  0.1251417E+00  0.1205319E+01 -0.5496566E+00 -0.7989047E+00  0.4414040E+00
-0.2146395E+01  0.2489757E+00  0.1483294E+01 -0.5061355E+00 -0.7058832E+00  0.4206013E+00
-0.2086629E+01  0.2544784E+00  0.1045560E+01 -0.5028874E+00 -0.7796519E+00  0.4305375E+00
-0.2143335E+01  0.2035050E+00  0.1463009E+01 -0.4097287E+00 -0.1017710E+01  0.4879505E+00
-0.2163072E+01  0.2595938E+00  0.1404920E+01 -0.4179116E+00 -0.7204212E+00  0.4060628E+00
-0.2184632E+01  0.2293744E+00  0.1438039E+01 -0.4716245E+00 -0.9091561E+00  0.5726643E+00
-0.2407649E+01  0.1319357E+00  0.1534638E+01 -0.4440077E+00 -0.6869036E+00  0.4770580E+00
-0.1886647E+01  0.4420195E+00  0.1327665E+01 -0.4898719E+00 -0.7431613E+00  0.3758921E+00
-0.2141675E+01  0.2620014E+00  0.1268230E+01 -0.5069485E+00 -0.7832768E+00  0.4313605E+00
-0.2031869E+01  0.2452194E+00  0.1649924E+01 -0.3070007E+00 -0.1057070E+01  0.5314205E+00
-0.2162441E+01  0.1835025E+00  0.1613792E+01 -0.3633049E+00 -0.9128935E+00  0.4500436E+00
-0.2216273E+01  0.2669363E+00  0.1418520E+01 -0.2839453E+00 -0.8858041E+00  0.4654801E+00
-0.1876071E+01  0.2684667E+00  0.1554470E+01 -0.2385976E+00 -0.8032075E+00  0.5251647E+00
-0.2261558E+01  0.2760479E+00  0.1480120E+01 -0.4730792E+00 -0.6525027E+00  0.4208477E+00
-0.1958285E+01  0.1995651E+00  0.1194138E+01 -0.4880668E+00 -0.7734716E+00  0.4625990E+00
-0.2321160E+01  0.1607696E+00  0.1393058E+01 -0.3764845E+00 -0.7406588E+00  0.4802430E+00
-0.2109756E+01  0.3861783E+00  0.1271266E+01 -0.4916485E+00 -0.8684254E+00  0.3735715E+00
-0.2171891E+01  0.1552418E+00  0.1367821E+01 -0.4140249E+00 -0.9111649E+00  0.4459098E+00
-0.1683717E+01  0.6375143E+00  0.1323257E+01 -0.2331411E+00 -0.8481196E+00  0.4934097E+00
-0.2201890E+01  0.2191710E+00  0.1321114E+01 -0.6161762E+00 -0.9118844E+00  0.4005837E+00
-0.2044560E+01  0.4082155E+00  0.1574477E+01 -0.3673094E+00 -0.7820108E+00  0.4457520E+00
-0.1904691E+01  0.4007731E+00  0.1499545E+01 -0.2622043E+00 -0.5932580E+00  0.4014073E+00
-0.2336172E+01  0.2731677E+00  0.1191271E+01 -0.5698261E+00 -0.9836362E+00  0.3441691E+00
-0.2164512E+01  0.9642212E-01  0.1297349E+01 -0.4337331E+00 -0.8518890E+00  0.4615328E+00
-0.2030084E+01  0.1751592E+00  0.1539484E+01 -0.2658406E+00 -0.9354980E+00  0.5146136E+00
-0.1808130E+01  0.3963833E+00  0.1307245E+01 -0.4595450E+00 -0.8948840E+00  0.4434100E+00
-0.2234616E+01  0.3855288E+00  0.1533300E+01 -0.2729540E+00 -0.9109301E+00  0.4742853E+00
-0.2082721E+01  0.1615344E+00  0.1335054E+01 -0.4829269E+00 -0.1028856E+01  0.3251400E+00
-0.2329659E+01  0.1050358E+00  0.1444570E+01 -0.3976717E+00 -0.7737607E+00  0.6348774E+00
-0.2191529E+01  0.1370290E+00  0.1310619E+01 -0.4112884E+00 -0.1063964E+01  0.4459881E+00
-0.2112751E+01  0.1941589E+00  0.1326997E+01 -0.5324608E+00 -0.7729832E+00  0.5279709E+00
-0.2216112E+01  0.2880310E+00  0.1437302E+01 -0.3542419E+00 -0.1111580E+01  0.3950608E+00
-0.2268899E+01  0.2527673E+00  0.1322960E+01 -0.4736391E+00 -0.9973617E+00  0.4818745E+00
-0.1980641E+01  0.3552405E+00  0.1433577E+01 -0.3689013E+00 -0.6784366E+00  0.5922901E+00
-0.1970315E+01  0.3394294E+00  0.1365809E+01 -0.5978742E+00 -0.1049898E+01  0.1630258E+00
-0.2218256E+01  0.2547390E+00  0.1628719E+01 -0.3366177E+00 -0.9742971E+00  0.4420746E+00
-0.2149010E+01  0.1996301E+00  0.1354095E+01 -0.3274974E+00 -0.9457686E+00  0.4588240E+00
-0.2293005E+01  0.1391650E+00  0.1394085E+01 -0.5386034E+00 -0.4800610E+00  0.4505302E+00
-0.2131281E+01  0.2510914E+00  0.1206390E+01 -0.4234433E+00 -0.6728715E+00  0.6182122E+00
-0.2391451E+01  0.1215264E+00  0.1289195E+01 -0.3919217E+00 -0.7177282E+00  0.6114005E+00
-0.1981507E+01  0.4085989E+00  0.1076447E+01 -0.4891304E+00 -0.7543734E+00  0.2208030E+00
-0.2104806E+01  0.2964802E+00  0.1663729E+01 -0.2673641E+00 -0.8773981E+00  0.4213404E+00
-0.1989873E+01  0.1798675E+00  0.1163070E+01 -0.6135140E+00 -0.8804803E+00  0.3695368E+00
-0.2057543E+01  0.3307158E+00  0.1614623E+01 -0.3438648E+00 -0.1073239E+01  0.4164766E+00
