 0.1000000E+02  0.1318007E+00 -0.3768813E+00  0.5519279E+00
 0.1000000E+02  0.2021003E+00 -0.2744521E+00  0.5104115E+00
 0.1000000E+02  0.3721787E+00 -0.2465970E+00  0.5435594E+00
 0.1000000E+02  0.2173071E+00 -0.2352581E+00  0.4331877E+00
 0.1000000E+02  0.1824490E+00 -0.3656984E+00  0.4022178E+00
 0.1000000E+02  0.1551712E+00 -0.5251230E+00  0.4721604E+00
 0.1000000E+02  0.1904112E+00 -0.4798540E+00  0.4799118E+00
 0.1000000E+02  0.2391720E+00 -0.2299562E+00  0.6838520E+00
 0.1000000E+02  0.1100355E+00 -0.5067222E+00  0.4796586E+00
 0.1000000E+02  0.3048955E+00 -0.2716326E+00  0.5001371E+00
 0.1000000E+02  0.2133397E+00 -0.4673134E+00  0.3577274E+00
 0.1000000E+02  0.1053212E+00 -0.5111341E+00  0.4053226E+00
 0.1000000E+02  0.1900658E+00 -0.3152793E+00  0.6251457E+00
 0.1000000E+02  0.2583150E+00 -0.3166768E+00  0.4252152E+00
 0.1000000E+02  0.3073110E+00 -0.3554200E+00  0.4458252E+00
 0.1000000E+02  0.2142208E+00 -0.3502779E+00  0.3642468E+00
 0.1000000E+02  0.1238198E+00 -0.3016835E+00  0.4786092E+00
 0.1000000E+02  0.4034584E+00 -0.5057448E+00  0.4462844E+00
 0.1000000E+02  0.2804395E+00 -0.2654208E+00  0.4857443E+00
 0.1000000E+02  0.2988320E+00 -0.4078079E+00  0.3885610E+00
 0.1000000E+02  0.9863566E-01 -0.3663398E+00  0.5768934E+00
 0.1000000E+02  0.2061412E+00 -0.4494600E+00  0.4398320E+00
 0.1000000E+02 -0.8182689E-02 -0.4744319E+00  0.3700534E+00
 0.1000000E+02  0.2964273E+00 -0.3582138E+00  0.3279811E+00
 0.1000000E+02  0.1481386E+00 -0.3681803E+00  0.5297430E+00
 0.1000000E+02  0.1710514E+00 -0.2918702E+00  0.5438864E+00
 0.1000000E+02  0.9914034E-01 -0.4854348E+00  0.4485388E+00
 0.1000000E+02  0.7386503E-01 -0.5843015E+00  0.5155806E+00
 0.1000000E+02  0.1525053E+00 -0.5240983E+00  0.3789162E+00
 0.1000000E+02  0.3813881E+00 -0.5339025E+00  0.2124023E+00
 0.1000000E+02  0.5649068E-01 -0.4711977E+00  0.4673643E+00
 0.1000000E+02  0.1433808E+00 -0.4903362E+00  0.5509370E+00
 0.1000000E+02  0.2988103E+00 -0.3818382E+00  0.4023935E+00
 0.1000000E+02  0.2839848E+00 -0.3439391E+00  0.4418619E+00
 0.1000000E+02  0.3946122E+00 -0.4364051E+00  0.5654412E+00
 0.1000000E+02  0.2564099E+00 -0.2654613E+00  0.5535944E+00
 0.1000000E+02  0.2003941E+00 -0.4996905E+00  0.3648930E+00
 0.1000000E+02  0.1365976E+00 -0.4154374E+00  0.5061859E+00
 0.1000000E+02  0.2636954E+00 -0.4781262E+00  0.4009074E+00
 0.1000000E+02  0.2120015E+00 -0.3450065E+00  0.3244061E+00
 0.1000000E+02  0.2145619E+00 -0.4187804E+00  0.4205857E+00
 0.1000000E+02  0.1202412E+00 -0.6219101E+00  0.3130744E+00
 0.1000000E+02  0.1244389E+00 -0.4339890E+00  0.3996512E+00
 0.1000000E+02  0.1100978E+00 -0.3469022E+00  0.5462786E+00
 0.1000000E+02  0.1539774E+00 -0.3654535E+00  0.4499287E+00
 0.1000000E+02  0.2178119E+00 -0.3606472E+00  0.4510166E+00
 0.1000000E+02  0.2044295E+00 -0.4700752E+00  0.3050336E+00
 0.1000000E+02  0.8794337E-01 -0.3266888E+00  0.5507179E+00
 0.1000000E+02  0.2603537E+00 -0.4539183E+00  0.4822839E+00
 0.1000000E+02 -0.8933983E-02 -0.5013763E+00  0.4849098E+00
 0.1000000E+02  0.3323118E+00 -0.3383937E+00  0.4907773E+00
 0.1000000E+02  0.2597954E+00 -0.3966270E+00  0.5961277E+00
 0.1000000E+02  0.3078322E+00 -0.5520220E+00  0.4102834E+00
 0.1000000E+02  0.3738422E+00 -0.3009381E+00  0.5741546E+00
 0.1000000E+02  0.5307810E-01 -0.6866062E+00  0.4155714E+00
 0.1000000E+02  0.2723790E+00 -0.2628830E+00  0.4509298E+00
 0.1000000E+02  0.9467838E-01 -0.5261510E+00  0.4267150E+00
 0.1000000E+02  0.3586828E+00 -0.1989038E+00  0.5319572E+00
 0.1000000E+02  0.1318342E+00 -0.3572333E+00  0.5048184E+00
 0.1000000E+02  0.3317023E+00 -0.4235794E+00  0.2789564E+00
 0.1000000E+02  0.2631790E+00 -0.4004277E+00  0.4203587E+00
 0.1000000E+02  0.1579666E+00 -0.4656138E+00  0.3736256E+00
 0.1000000E+02  0.1721823E+00 -0.5162376E+00  0.4645285E+00
 0.1000000E+02  0.2896093E+00 -0.4691316E+00  0.4665460E+00
 0.1000000E+02  0.4061016E+00 -0.4372844E+00  0.4080030E+00
 0.1000000E+02  0.1915323E+00 -0.5211467E+00  0.5096244E+00
 0.1000000E+02  0.2545970E+00 -0.2814536E+00  0.3851525E+00
 0.1000000E+02  0.1791183E+00 -0.3823840E+00  0.4268188E+00
 0.1000000E+02  0.2221265E+00 -0.5566970E+00  0.5174984E+00
 0.1000000E+02  0.2105364E+00 -0.2800979E+00  0.4937610E+00
 0.1000000E+02  0.3192728E+00 -0.1888570E+00  0.5427997E+00
 0.1000000E+02  0.1571991E+00 -0.4264480E+00  0.4436201E+00
 0.1000000E+02  0.3764736E+00 -0.5327625E+00  0.3815243E+00
 0.1000000E+02  0.2364290E+00 -0.2935279E+00  0.6269296E+00
 0.1000000E+02  0.2453290E+00 -0.4500671E+00  0.3439603E+00
 0.1000000E+02  0.2865578E+00 -0.3774376E+00  0.5097297E+00
 0.1000000E+02  0.2554355E+00 -0.3798519E+00  0.5726343E+00
 0.1000000E+02  0.2865207E+00 -0.4571510E+00  0.4475340E+00
 0.1000000E+02  0.1897017E+00 -0.5970245E+00  0.5175330E+00
 0.1000000E+02  0.2768785E+00 -0.5442372E+00  0.3613521E+00
 0.1000000E+02  0.2140608E+00 -0.4048175E+00  0.3812370E+00
 0.1000000E+02  0.1281586E+00 -0.3748175E+00  0.5081159E+00
 0.1000000E+02  0.1186516E+00 -0.2719863E+00  0.4856514E+00
 0.1000000E+02  0.2261751E+00 -0.4814946E+00  0.4385917E+00
 0.1000000E+02  0.9102642E-02 -0.5756317E+00  0.3617787E+00
 0.1000000E+02  0.1520673E+00 -0.4335274E+00  0.3040866E+00
 0.1000000E+02  0.2527171E+00 -0.4463121E+00  0.3788522E+00
 0.1000000E+02  0.3249413E+00 -0.3976398E+00  0.3757846E+00
 0.1000000E+02  0.1701495E+00 -0.2666856E+00  0.5216384E+00
 0.1000000E+02  0.2157017E+00 -0.3954460E+00  0.4685267E+00
 0.1000000E+02  0.2157384E+00 -0.4123315E+00  0.3698513E+00
 0.1000000E+02  0.3251566E+00 -0.4730282E+00  0.4448293E+00
 0.1000000E+02  0.7276280E-01 -0.5401766E+00  0.4556623E+00
 0.1000000E+02  0.1920676E+00 -0.3332004E+00  0.4412148E+00
 0.1000000E+02  0.2101343E+00 -0.3894015E+00  0.4657504E+00
 0.1000000E+02  0.1406154E+00 -0.3298423E+00  0.4910428E+00
 0.1000000E+02  0.1644970E+00 -0.2136972E+00  0.4731695E+00
 0.1000000E+02  0.1906014E+00 -0.4998016E+00  0.4441279E+00
 0.1000000E+02  0.2364687E+00 -0.3915896E+00  0.5609050E+00
 0.1000000E+02  0.1680069E+00 -0.4382877E+00  0.4479483E+00
 0.1000000E+02  0.1347903E+00 -0.3924622E+00  0.5594523E+00
 0.1000000E+02  0.3622728E+00 -0.1720065E+00  0.6708405E+00
 0.1000000E+02  0.1257050E+00 -0.5000300E+00  0.4815889E+00
 0.1000000E+02  0.1328457E+00 -0.4376547E+00  0.4215434E+00
 0.1000000E+02  0.1330620E+00 -0.4248829E+00  0.6899745E+00
 0.1000000E+02  0.1851674E+00 -0.5339735E+00  0.5360879E+00
 0.1000000E+02  0.2761661E+00 -0.4094971E+00  0.3719083E+00
 0.1000000E+02  0.6592345E-01 -0.4862180E+00  0.4482785E+00
 0.1000000E+02  0.4128866E+00 -0.2484743E+00  0.4893166E+00
 0.1000000E+02  0.3488754E+00 -0.3993228E+00  0.4002937E+00
 0.1000000E+02  0.1376124E+00 -0.4968052E+00  0.4402014E+00
 0.1000000E+02  0.2177323E+00 -0.2657277E+00  0.6105408E+00
 0.1000000E+02  0.2442118E+00 -0.4754631E+00  0.2515495E+00
 0.1000000E+02  0.1875167E+00 -0.3671067E+00  0.4951008E+00
 0.1000000E+02  0.1257192E+00 -0.2864791E+00  0.5126056E+00
 0.1000000E+02  0.2335020E+00 -0.5738319E+00  0.4712586E+00
 0.1000000E+02  0.2830264E+00 -0.3026619E+00  0.4550107E+00
 0.1000000E+02  0.1026888E+00 -0.4761778E+00  0.7194810E+00
 0.1000000E+02  0.3027569E+00 -0.5765886E-01  0.5954641E+00
 0.1000000E+02  0.2156451E+00 -0.3378701E+00  0.5439099E+00
 0.1000000E+02  0.2013890E+00 -0.5433688E+00  0.5172643E+00
 0.1000000E+02  0.4871832E-01 -0.3756231E+00  0.3330202E+00
 0.1000000E+02  0.2347334E+00 -0.5120138E+00  0.4005756E+00
 0.1000000E+02  0.3181808E+00 -0.3684001E+00  0.3844461E+00
 0.1000000E+02  0.2365717E+00 -0.1910368E+00  0.6399300E+00
 0.1000000E+02  0.3821573E+00 -0.2498970E+00  0.4112911E+00
 0.1000000E+02  0.1803946E+00 -0.3673499E+00  0.5062355E+00
 0.1000000E+02  0.1793048E+00 -0.2631392E+00  0.4136329E+00
 0.1000000E+02  0.1014014E+00 -0.3887451E+00  0.5055809E+00
 0.1000000E+02  0.1591556E+00 -0.4158952E+00  0.5657432E+00
 0.1000000E+02  0.2175391E+00 -0.3119828E+00  0.3422402E+00
 0.1000000E+02  0.2145593E+00 -0.3147403E+00  0.5665223E+00
 0.1000000E+02  0.1257546E+00 -0.3759121E+00  0.3146920E+00
 0.1000000E+02  0.1802264E+00 -0.4783121E+00  0.3848401E+00
 0.1000000E+02  0.1261791E+00 -0.4472327E+00  0.5431258E+00
 0.1000000E+02  0.2801062E+00 -0.3749392E+00  0.5208668E+00
 0.1000000E+02  0.3044993E+00 -0.3065974E+00  0.4007516E+00
 0.1000000E+02  0.1648396E+00 -0.6516640E+00  0.3963201E+00
 0.1000000E+02  0.1797391E+00 -0.4382065E+00  0.5469609E+00
 0.1000000E+02  0.2795300E+00 -0.3271002E+00  0.5303255E+00
 0.1000000E+02  0.2160280E+00 -0.5011930E+00  0.3769303E+00
 0.1000000E+02  0.1486359E+00 -0.3220876E+00  0.4753143E+00
 0.1000000E+02  0.3280183E+00 -0.4825868E+00  0.4946155E+00
 0.1000000E+02  0.2967609E+00 -0.4269222E+00  0.4328699E+00
 0.1000000E+02  0.3031561E+00 -0.4542460E+00  0.3641250E+00
 0.1000000E+02  0.1890136E+00 -0.2873752E+00  0.4846991E+00
 0.1000000E+02  0.1849808E+00 -0.5240069E+00  0.3389740E+00
 0.1000000E+02  0.1804833E+00 -0.5212797E+00  0.4353015E+00
 0.1000000E+02  0.2084352E+00 -0.3090435E+00  0.5280923E+00
 0.1000000E+02  0.1131045E+00 -0.4306129E+00  0.3658465E+00
 0.1000000E+02  0.1451651E+00 -0.3303878E+00  0.4680134E+00
 0.1000000E+02  0.3307158E+00 -0.3310117E+00  0.5090851E+00
 0.1000000E+02  0.2541320E+00 -0.3533549E+00  0.6041920E+00
 0.1000000E+02  0.1129022E+00 -0.3500026E+00  0.4738899E+00
 0.1000000E+02  0.3703235E+00 -0.3514790E+00  0.4509419E+00
 0.1000000E+02  0.2424576E+00 -0.4160430E+00  0.3952242E+00
 0.1000000E+02  0.2552726E+00 -0.3748586E+00  0.4915199E+00
 0.1000000E+02  0.4447978E+00 -0.2645729E+00  0.4860282E+00
 0.1000000E+02  0.2600183E+00 -0.7012620E+00  0.6811963E+00
 0.1000000E+02  0.2028754E+00 -0.5067427E+00  0.4043024E+00
 0.1000000E+02  0.2317240E+00 -0.3964934E+00  0.4402535E+00
 0.1000000E+02  0.1777450E+00 -0.4468156E+00  0.4724681E+00
 0.1000000E+02  0.3601791E+00 -0.3238993E+00  0.6297776E+00
 0.1000000E+02  0.2701083E+00 -0.2425149E+00  0.5487138E+00
 0.1000000E+02  0.2202096E+00 -0.2582413E+00  0.5334917E+00
 0.1000000E+02  0.1157973E+00 -0.7071864E+00  0.3993114E+00
 0.1000000E+02  0.1380191E+00 -0.4065736E+00  0.5430312E+00
 0.1000000E+02  0.1753761E+00 -0.4261411E+00  0.4342107E+00
 0.1000000E+02  0.2114366E+00 -0.4975480E+00  0.4234050E+00
 0.1000000E+02  0.1830337E+00 -0.4758865E+00  0.6126154E+00
 0.1000000E+02  0.3427040E+00 -0.4636728E+00  0.4381077E+00
 0.1000000E+02  0.6320445E-01 -0.4789585E+00  0.2856935E+00
 0.1000000E+02  0.1914967E+00 -0.3984615E+00  0.3481194E+00
 0.1000000E+02  0.1937405E+00 -0.4822207E+00  0.3456692E+00
 0.1000000E+02  0.9840529E-01 -0.4354031E+00  0.4247432E+00
 0.1000000E+02  0.2094707E+00 -0.4551178E+00  0.3408933E+00
 0.1000000E+02  0.3149707E+00 -0.4903363E+00  0.4090338E+00
 0.1000000E+02  0.1505206E+00 -0.4734355E+00  0.4013117E+00
 0.1000000E+02  0.3612008E+00 -0.2907930E+00  0.4711471E+00
 0.1000000E+02  0.2053679E-01 -0.4472420E+00  0.4610214E+00
 0.1000000E+02  0.3441553E+00 -0.4001431E+00  0.3497428E+00
 0.1000000E+02  0.3154721E+00 -0.3584495E+00  0.3849429E+00
 0.1000000E+02  0.3658415E+00 -0.4022526E+00  0.4166607E+00
 0.1000000E+02  0.3502592E+00 -0.3557277E+00  0.5192256E+00
 0.1000000E+02  0.3467740E+00 -0.3543529E+00  0.5122954E+00
 0.1000000E+02  0.1423748E+00 -0.3743731E+00  0.5121800E+00
 0.1000000E+02  0.7852347E-01 -0.6847813E+00  0.4169025E+00
 0.1000000E+02  0.3050143E+00 -0.2391845E+00  0.4759366E+00
 0.1000000E+02  0.3073223E+00 -0.4447296E+00  0.3894428E+00
 0.1000000E+02  0.3571860E+00 -0.4943262E+00  0.5324140E+00
 0.1000000E+02  0.2106992E+00 -0.2547487E+00  0.5584205E+00
 0.1000000E+02  0.4388108E+00 -0.8269236E-01  0.7056855E+00
 0.1000000E+02  0.2529040E+00 -0.1898007E+00  0.4764480E+00
 0.1000000E+02  0.2961885E+00 -0.2049814E+00  0.6159835E+00
 0.1000000E+02  0.3068456E+00 -0.5731957E+00  0.5010743E+00
 0.1000000E+02  0.2322472E+00 -0.4707224E+00  0.3350037E+00
 0.1000000E+02  0.9589936E-01 -0.3288502E+00  0.5129289E+00
 0.1000000E+02  0.9889697E-01 -0.3952037E+00  0.3724837E+00
 0.1000000E+02  0.4452553E+00 -0.3923201E+00  0.3126427E+00
 0.1000000E+02  0.6639328E-01 -0.5854931E+00  0.6887047E+00
 0.1000000E+02  0.2050722E+00 -0.2406667E+00  0.5713937E+00
 0.1000000E+02  0.2203172E+00 -0.5425134E+00  0.4077627E+00
 0.1000000E+02  0.1623332E+00 -0.4692104E+00  0.4566126E+00
 0.1000000E+02  0.1358648E+00 -0.4474106E+00  0.3725516E+00
 0.1000000E+02  0.2504992E+00 -0.2935897E+00  0.3956760E+00
 0.1000000E+02  0.1460439E+00 -0.4527669E+00  0.4977455E+00
 0.1000000E+02  0.3031061E+00 -0.3183241E+00  0.5581117E+00
 0.1000000E+02  0.1108926E+00 -0.7670904E+00  0.4403571E+00
 0.1000000E+02  0.2518472E+00 -0.3300913E+00  0.4802830E+00
 0.1000000E+02  0.3430964E+00 -0.2316478E+00  0.5525275E+00
 0.1000000E+02 -0.1635463E+00 -0.5940356E+00  0.3608737E+00
 0.1000000E+02  0.6827364E-01 -0.4397475E+00  0.4401822E+00
 0.1000000E+02  0.2220385E+00 -0.5446374E+00  0.4272576E+00
 0.1000000E+02  0.4629780E+00 -0.3503808E+00  0.5963683E+00
 0.1000000E+02 -0.9942754E-01 -0.6976107E+00  0.3980252E+00
 0.1000000E+02  0.3463829E+00 -0.4098689E+00  0.4621325E+00
 0.1000000E+02  0.1234026E+00 -0.6049859E+00  0.4443299E+00
 0.1000000E+02  0.1481820E+00 -0.4633885E+00  0.4278643E+00
 0.1000000E+02  0.3140242E+00 -0.4534186E+00  0.4122156E+00
 0.1000000E+02  0.2425802E+00 -0.2654907E+00  0.4014692E+00
 0.1000000E+02  0.1135288E+00 -0.3538608E+00  0.4990626E+00
 0.1000000E+02  0.4835326E-01 -0.4100416E+00  0.6392583E+00
 0.1000000E+02  0.1990558E+00 -0.2533214E+00  0.4623099E+00
 0.1000000E+02  0.1398738E+00 -0.5756144E+00  0.3610053E+00
 0.1000000E+02  0.7719989E-01 -0.4746377E+00  0.4947604E+00
 0.1000000E+02  0.4343743E+00 -0.2124179E+00  0.4252542E+00
 0.1000000E+02  0.2341732E+00 -0.3777730E+00  0.4236724E+00
 0.1000000E+02  0.1590749E+00 -0.4119771E+00  0.5441730E+00
 0.1000000E+02  0.2395749E+00 -0.3694571E+00  0.4485110E+00
 0.1000000E+02  0.1998797E+00 -0.6877015E+00  0.5243627E+00
 0.1000000E+02  0.3731672E+00 -0.2001420E+00  0.4867881E+00
 0.1000000E+02  0.6157080E-01 -0.4610293E+00  0.4436027E+00
 0.1000000E+02  0.2426219E+00 -0.5159531E+00  0.3588336E+00
 0.1000000E+02  0.2737750E+00 -0.4378270E+00  0.4158845E+00
 0.1000000E+02  0.1303743E+00 -0.4700065E+00  0.5525678E+00
 0.1000000E+02  0.1574136E+00 -0.6176075E+00  0.3750418E+00
 0.1000000E+02  0.1027826E+00 -0.4071357E+00  0.3098990E+00
 0.1000000E+02  0.1617846E+00 -0.5076476E+00  0.5052937E+00
 0.1000000E+02  0.3260396E+00 -0.3248554E+00  0.4567436E+00
 0.1000000E+02  0.2420206E+00 -0.3424725E+00  0.4286965E+00
 0.1000000E+02  0.2901732E+00 -0.2322012E+00  0.4508119E+00
 0.1000000E+02  0.1077516E+00 -0.4036862E+00  0.3562383E+00
 0.1000000E+02  0.1991299E+00 -0.4092174E+00  0.3421597E+00
 0.1000000E+02  0.3754743E+00 -0.2365420E+00  0.4638773E+00
 0.1000000E+02  0.9632150E-01 -0.5140837E+00  0.5811553E+00
 0.1000000E+02  0.2175492E+00 -0.5592129E+00  0.3517076E+00
 0.1000000E+02  0.3357140E+00 -0.2432744E+00  0.5704377E+00
 0.1000000E+02  0.1769841E+00 -0.3775849E+00  0.5135525E+00
 0.1000000E+02 -0.4381542E-01 -0.4170896E+00  0.4867694E+00
 0.1000000E+02  0.1374908E+00 -0.3062429E+00  0.4419111E+00
 0.1000000E+02  0.2320009E+00 -0.4071954E+00  0.2690238E+00
 0.1000000E+02  0.1695033E+00 -0.3381498E+00  0.4306983E+00
 0.1000000E+02  0.1882080E+00 -0.2724779E+00  0.4669556E+00
 0.1000000E+02  0.1353967E+00 -0.5005064E+00  0.3319658E+00
 0.1000000E+02  0.1146878E+00 -0.5212077E+00  0.5336888E+00
 0.1000000E+02  0.2974484E+00 -0.4117777E+00  0.4853287E+00
 0.1000000E+02  0.1685807E+00 -0.3240855E+00  0.4493461E+00
 0.1000000E+02  0.2548900E+00 -0.6683082E+00  0.2650272E+00
 0.1000000E+02  0.3240748E+00 -0.2811041E+00  0.4454498E+00
 0.1000000E+02  0.1656026E+00 -0.3682894E+00  0.4488842E+00
 0.1000000E+02  0.2731306E+00 -0.4650812E+00  0.4061224E+00
 0.1000000E+02  0.2402877E+00 -0.4723132E+00  0.5483830E+00
 0.1000000E+02  0.2310207E+00 -0.4075053E+00  0.2803823E+00
 0.1000000E+02 -0.7062585E-03 -0.4890112E+00  0.4047839E+00
 0.1000000E+02  0.1601824E+00 -0.4898458E+00  0.3905281E+00
 0.1000000E+02  0.2778030E+00 -0.2671351E+00  0.4564558E+00
 0.1000000E+02  0.1982219E+00 -0.4006072E+00  0.4434572E+00
 0.1000000E+02  0.1581661E+00 -0.4847053E+00  0.4537278E+00
 0.1000000E+02  0.1396807E+00 -0.2489986E+00  0.6865089E+00
 0.1000000E+02  0.2644399E+00 -0.1988302E+00  0.6916853E+00
 0.1000000E+02  0.2806531E+00 -0.5255765E+00  0.3325818E+00
 0.1000000E+02  0.2243330E+00 -0.3628387E+00  0.4262664E+00
 0.1000000E+02  0.1979396E+00 -0.3265079E+00  0.3548261E+00
 0.1000000E+02  0.8792646E-01 -0.4251886E+00  0.2717883E+00
 0.1000000E+02  0.1857422E+00 -0.4129311E+00  0.4389770E+00
 0.1000000E+02  0.2143030E+00 -0.5071923E+00  0.3711397E+00
 0.1000000E+02  0.2576266E+00 -0.3641535E+00  0.5875730E+00
 0.1000000E+02  0.2980862E+00 -0.2440176E+00  0.3785495E+00
 0.1000000E+02  0.5575639E-01 -0.3682877E+00  0.5386082E+00
 0.1000000E+02  0.1633150E+00 -0.3851768E+00  0.3526595E+00
 0.1000000E+02  0.4179537E+00 -0.3173402E+00  0.4478029E+00
 0.1000000E+02  0.2571083E+00 -0.4132696E+00  0.3421644E+00
 0.1000000E+02  0.1481370E+00 -0.4300132E+00  0.3160095E+00
 0.1000000E+02  0.3001875E+00 -0.2709447E+00  0.4070749E+00
 0.1000000E+02  0.2489325E+00 -0.5012090E+00  0.2658062E+00
 0.1000000E+02 -0.1505535E-01 -0.4798693E+00  0.4336905E+00
 0.1000000E+02  0.1800256E+00 -0.3867731E+00  0.4946633E+00
 0.1000000E+02  0.2077341E+00 -0.3694293E+00  0.4870069E+00
 0.1000000E+02  0.9437310E-01 -0.4656747E+00  0.3945070E+00
 0.1000000E+02  0.2057504E+00 -0.3185288E+00  0.5308493E+00
 0.1000000E+02  0.2196970E+00 -0.2951576E+00  0.4812511E+00
 0.1000000E+02  0.1886763E+00 -0.4406138E+00  0.3474584E+00
 0.1000000E+02  0.7876083E-01 -0.4557321E+00  0.4040360E+00
 0.1000000E+02  0.2332082E+00 -0.4685297E+00  0.2863749E+00
 0.1000000E+02  0.3365925E+00 -0.3239147E+00  0.5437363E+00
 0.1000000E+02  0.2143508E+00 -0.2562704E+00  0.4760656E+00
 0.1000000E+02  0.1219158E+00 -0.4021517E+00  0.4707289E+00
 0.1000000E+02  0.1568065E+00 -0.3662033E+00  0.4347720E+00
 0.1000000E+02  0.3042860E+00 -0.4289454E+00  0.3085132E+00
 0.1000000E+02  0.1424400E+00 -0.3401431E+00  0.3860150E+00
 0.1000000E+02  0.2852378E+00 -0.6441613E+00  0.3115902E+00
 0.1000000E+02  0.1962641E+00 -0.1446769E+00  0.5480015E+00
 0.1000000E+02  0.2929961E+00 -0.1321656E+00  0.5135969E+00
 0.1000000E+02  0.2925632E+00 -0.4356533E+00  0.3390701E+00
 0.1000000E+02  0.1629338E+00 -0.3238634E+00  0.4862210E+00
 0.1000000E+02 -0.1681959E+00 -0.4389611E+00  0.5187377E+00
 0.1000000E+02  0.1206962E+00 -0.2984443E+00  0.3757771E+00
 0.1000000E+02  0.3777672E+00 -0.2487183E+00  0.4773279E+00
 0.1000000E+02  0.3518239E+00 -0.2792420E+00  0.3245886E+00
 0.1000000E+02  0.2636223E+00 -0.3106394E+00  0.3538463E+00
 0.1000000E+02  0.1852475E+00 -0.3547442E+00  0.5952080E+00
 0.1000000E+02  0.1934576E+00 -0.2397373E+00  0.4669869E+00
 0.1000000E+02  0.6916229E-01 -0.4901747E+00  0.5119344E+00
 0.1000000E+02  0.1509084E+00 -0.5166527E+00  0.5963951E+00
 0.1000000E+02  0.9359890E-01 -0.5801931E+00  0.4128972E+00
 0.1000000E+02  0.1173713E+00 -0.4392193E+00  0.4045082E+00
 0.1000000E+02  0.3438583E+00 -0.2803627E+00  0.3836188E+00
 0.1000000E+02  0.1708636E+00 -0.4931246E+00  0.4432055E+00
 0.1000000E+02  0.6014160E-01 -0.3779963E+00  0.4309607E+00
 0.1000000E+02 -0.2761071E-01 -0.4414421E+00  0.5921713E+00
 0.1000000E+02  0.3153706E+00 -0.4058423E+00  0.4748942E+00
 0.1000000E+02  0.2643546E+00 -0.5599516E+00  0.4609037E+00
 0.1000000E+02  0.6272774E-01 -0.7330939E+00  0.3111337E+00
 0.1000000E+02  0.6579057E-01 -0.4584741E+00  0.5926714E+00
 0.1000000E+02  0.3563441E+00 -0.5259020E+00  0.4130145E+00
 0.1000000E+02  0.1541423E+00 -0.2518795E+00  0.5235763E+00
 0.1000000E+02  0.2006635E+00 -0.4755007E+00  0.5301189E+00
 0.1000000E+02  0.1463301E+00 -0.3370735E+00  0.4173201E+00
 0.1000000E+02  0.1170730E+00 -0.4471380E+00  0.3592640E+00
 0.1000000E+02  0.2782101E+00 -0.4174414E+00  0.4106435E+00
 0.1000000E+02  0.2997017E+00 -0.6979960E+00  0.3554190E+00
 0.1000000E+02  0.2779277E+00 -0.4031838E+00  0.3443184E+00
 0.1000000E+02  0.2237454E+00 -0.5715795E+00  0.4616024E+00
 0.1000000E+02  0.1321117E+00 -0.6185219E+00  0.3582835E+00
 0.1000000E+02  0.8136319E-02 -0.6411612E+00  0.5578477E+00
 0.1000000E+02  0.3081916E+00 -0.5607861E+00  0.4625742E+00
 0.1000000E+02  0.2351185E+00 -0.3891107E+00  0.4543914E+00
 0.1000000E+02  0.2561693E+00 -0.2603601E+00  0.6394639E+00
 0.1000000E+02  0.4934366E+00 -0.2392539E+00  0.4447028E+00
 0.1000000E+02  0.1642334E+00 -0.4460561E+00  0.3744263E+00
 0.1000000E+02  0.8821794E-01 -0.4887246E+00  0.6806431E+00
 0.1000000E+02  0.4312739E+00 -0.2856923E+00  0.4199194E+00
 0.1000000E+02  0.1029349E+00 -0.3202405E+00  0.6197985E+00
 0.1000000E+02  0.2887667E+00 -0.3193696E+00  0.5678104E+00
 0.1000000E+02  0.1540132E-01 -0.5155879E+00  0.5417022E+00
 0.1000000E+02  0.3111763E+00 -0.3635736E+00  0.4124775E+00
 0.1000000E+02  0.3081205E+00 -0.4342324E+00  0.4847487E+00
 0.1000000E+02  0.2622254E+00 -0.2788757E+00  0.4584610E+00
 0.1000000E+02  0.1871228E+00 -0.3947559E+00  0.4669394E+00
 0.1000000E+02  0.2734215E+00 -0.3215805E+00  0.5542153E+00
 0.1000000E+02  0.1912643E+00 -0.3842556E+00  0.5903366E+00
 0.1000000E+02  0.2121833E+00 -0.3446172E+00  0.4609149E+00
 0.1000000E+02  0.2356310E+00 -0.3972575E+00  0.4164852E+00
 0.1000000E+02  0.1532421E+00 -0.2429566E+00  0.4587389E+00
 0.1000000E+02  0.2729073E+00 -0.5841582E+00  0.3699735E+00
 0.1000000E+02  0.2222198E+00 -0.2506748E+00  0.3927125E+00
 0.1000000E+02  0.1538552E+00 -0.4146213E+00  0.3388483E+00
 0.1000000E+02  0.2081387E+00 -0.4928788E+00  0.4062000E+00
 0.1000000E+02  0.2938952E+00 -0.4507586E+00  0.5471243E+00
 0.1000000E+02  0.2261742E+00 -0.5434044E+00  0.3887184E+00
 0.1000000E+02  0.1292876E+00 -0.3912593E+00  0.6185642E+00
 0.1000000E+02  0.6942677E-02 -0.4528604E+00  0.4639920E+00
 0.1000000E+02  0.3246518E+00 -0.3409597E+00  0.3669819E+00
 0.1000000E+02  0.1690197E+00 -0.4409771E+00  0.2998201E+00
 0.1000000E+02  0.1349316E+00 -0.3049124E+00  0.6211164E+00
 0.1000000E+02  0.2256749E+00 -0.2995742E+00  0.5142282E+00
 0.1000000E+02  0.1166480E+00 -0.3076755E+00  0.6293564E+00
 0.1000000E+02  0.5125141E+00 -0.3858589E+00  0.4104733E+00
 0.1000000E+02  0.1500043E+00 -0.4015241E+00  0.4379154E+00
 0.1000000E+02  0.2248343E+00 -0.4731815E+00  0.5109036E+00
 0.1000000E+02  0.2432458E+00 -0.3859154E+00  0.4590977E+00
 0.1000000E+02  0.3556149E+00 -0.3520431E+00  0.4774076E+00
 0.1000000E+02  0.6217449E-01 -0.3453178E+00  0.5072057E+00
 0.1000000E+02  0.2774611E+00 -0.2091878E+00  0.3878190E+00
 0.1000000E+02  0.2774118E+00 -0.4883503E+00  0.4093298E+00
 0.1000000E+02  0.2054212E+00 -0.3534776E+00  0.4545433E+00
 0.1000000E+02  0.1167728E+00 -0.3717722E+00  0.4009048E+00
 0.1000000E+02  0.2070840E+00 -0.2582860E+00  0.3295947E+00
 0.1000000E+02  0.6312707E-01 -0.5739863E+00  0.4670455E+00
 0.1000000E+02  0.2107145E+00 -0.4390666E+00  0.3521475E+00
 0.1000000E+02 -0.5452198E-01 -0.5040354E+00  0.4614086E+00
 0.1000000E+02  0.1103428E+00 -0.2238620E+00  0.5576608E+00
 0.1000000E+02  0.2149547E+00 -0.4001990E+00  0.3180145E+00
 0.1000000E+02  0.2531699E+00 -0.3331567E+00  0.5141297E+00
 0.1000000E+02  0.2954558E+00 -0.3975865E+00  0.4418350E+00
 0.1000000E+02  0.2358898E+00 -0.5348712E+00  0.5043942E+00
 0.1000000E+02  0.2358177E+00 -0.4176262E+00  0.3724459E+00
 0.1000000E+02  0.3412648E+00 -0.3216074E+00  0.6348790E+00
 0.1000000E+02  0.1883903E+00 -0.4999152E+00  0.4504318E+00
 0.1000000E+02  0.2510219E+00 -0.4225944E+00  0.4019016E+00
 0.1000000E+02  0.1001420E+00 -0.4271159E+00  0.6413303E+00
 0.1000000E+02  0.3762649E+00 -0.2422732E+00  0.6009666E+00
 0.1000000E+02  0.1441856E+00 -0.3222898E+00  0.5307726E+00
 0.1000000E+02  0.2154311E+00 -0.3571835E+00  0.5250664E+00
 0.1000000E+02  0.3425300E+00 -0.2919411E+00  0.5006955E+00
 0.1000000E+02  0.1322941E+00 -0.5721895E+00  0.4119002E+00
 0.1000000E+02  0.3248107E-01 -0.3938928E+00  0.4783787E+00
 0.1000000E+02  0.2667449E+00 -0.3568917E+00  0.5502675E+00
 0.1000000E+02  0.2856601E+00 -0.3763792E+00  0.5961731E+00
 0.1000000E+02  0.2303619E+00 -0.3221880E+00  0.7475341E+00
 0.1000000E+02  0.1350298E+00 -0.2307753E+00  0.5914087E+00
 0.1000000E+02  0.1269841E+00 -0.4052155E+00  0.5463068E+00
 0.1000000E+02  0.3912851E-01 -0.5764945E+00  0.4839670E+00
 0.1000000E+02  0.4665019E+00 -0.2662694E+00  0.3981952E+00
 0.1000000E+02  0.2079019E+00 -0.2908950E+00  0.4597586E+00
 0.1000000E+02  0.3156563E+00 -0.5102204E+00  0.2565863E+00
 0.1000000E+02  0.4211042E-01 -0.6073811E+00  0.3264893E+00
 0.1000000E+02  0.2863894E+00 -0.2678606E+00  0.4845478E+00
 0.1000000E+02  0.3193173E+00 -0.4120480E+00  0.2957531E+00
 0.1000000E+02 -0.1633551E-01 -0.3954329E+00  0.5351471E+00
 0.1000000E+02  0.1673601E+00 -0.3471858E+00  0.4306975E+00
 0.1000000E+02  0.8768269E-01 -0.4687492E+00  0.4188888E+00
 0.1000000E+02  0.6727137E-01 -0.2644016E+00  0.6303197E+00
 0.1000000E+02  0.2263069E+00 -0.3619280E+00  0.4453315E+00
 0.1000000E+02  0.3798054E+00 -0.4052853E+00  0.4074696E+00
 0.1000000E+02  0.4454696E+00 -0.5924414E+00  0.3281863E+00
 0.1000000E+02  0.8075490E-01 -0.4161593E+00  0.6084490E+00
 0.1000000E+02  0.4677527E+00 -0.2879442E+00  0.4723108E+00
 0.1000000E+02  0.2104833E+00 -0.3668751E+00  0.4254198E+00
 0.1000000E+02  0.1366716E+00 -0.5384475E+00  0.5536110E+00
 0.1000000E+02  0.2288552E+00 -0.2209024E+00  0.4589972E+00
 0.1000000E+02  0.2709247E+00 -0.3165057E+00  0.4777715E+00
 0.1000000E+02  0.2780239E+00 -0.3467920E+00  0.4109773E+00
 0.1000000E+02  0.1434749E+00 -0.3498393E+00  0.4038396E+00
 0.1000000E+02  0.1353242E+00 -0.4453830E+00  0.5558237E+00
 0.1000000E+02  0.1808486E+00 -0.2935301E+00  0.4548426E+00
 0.1000000E+02  0.1777780E+00 -0.3290563E+00  0.4801103E+00
 0.1000000E+02  0.2043020E+00 -0.2745881E+00  0.7656392E+00
 0.1000000E+02  0.3718565E+00 -0.3303026E+00  0.4836008E+00
 0.1000000E+02  0.4214752E+00 -0.1969501E+00  0.5977160E+00
 0.1000000E+02  0.2833079E+00 -0.4285146E+00  0.4277421E+00
 0.1000000E+02  0.1229096E+00 -0.3960803E+00  0.5062837E+00
 0.1000000E+02  0.1332524E+00 -0.7597234E+00  0.5096634E+00
 0.1000000E+02  0.3169087E+00 -0.3984182E+00  0.5044093E+00
 0.1000000E+02  0.2080515E+00 -0.5091526E+00  0.4861359E+00
 0.1000000E+02  0.4627185E+00 -0.9723616E-01  0.6485326E+00
 0.1000000E+02  0.3777684E+00 -0.4069719E+00  0.4185596E+00
 0.1000000E+02  0.3918124E+00 -0.1189774E+00  0.6600509E+00
 0.1000000E+02  0.1241912E+00 -0.3694846E+00  0.5188421E+00
 0.1000000E+02  0.2992280E+00 -0.1477973E+00  0.6236008E+00
 0.1000000E+02  0.2471415E+00 -0.2891521E+00  0.4755404E+00
 0.1000000E+02  0.1645103E+00 -0.3941258E+00  0.5103661E+00
 0.1000000E+02  0.1234613E+00 -0.5492026E+00  0.3970481E+00
 0.1000000E+02  0.2808903E+00 -0.3997040E+00  0.4022900E+00
 0.1000000E+02  0.2558441E+00 -0.4345778E+00  0.3754567E+00
 0.1000000E+02  0.2544114E+00 -0.5252185E+00  0.3959457E+00
 0.1000000E+02  0.2376383E+00 -0.2603574E+00  0.4922532E+00
 0.1000000E+02  0.8434010E-01 -0.5252434E+00  0.6494231E+00
 0.1000000E+02  0.1829702E+00 -0.4513807E+00  0.4761114E+00
 0.1000000E+02  0.2573002E+00 -0.4242787E+00  0.5789513E+00
 0.1000000E+02  0.2463444E+00 -0.2528865E+00  0.4809426E+00
 0.1000000E+02  0.1051436E+00 -0.5931100E+00  0.2952186E+00
 0.1000000E+02  0.2713444E+00 -0.5670436E+00  0.4579555E+00
 0.1000000E+02  0.2458291E+00 -0.4008655E+00  0.4680343E+00
 0.1000000E+02  0.1996122E+00 -0.3645331E+00  0.4113911E+00
 0.1000000E+02  0.2570304E+00 -0.4899774E+00  0.4301095E+00
 0.1000000E+02 -0.1382228E+00 -0.5305111E+00  0.4418143E+00
 0.1000000E+02  0.1802086E+00 -0.3360277E+00  0.2839248E+00
 0.1000000E+02  0.1867348E+00 -0.3700639E+00  0.3557713E+00
 0.1000000E+02  0.2233716E+00 -0.3684024E+00  0.3885351E+00
 0.1000000E+02  0.2034771E+00 -0.3805148E+00  0.3947615E+00
 0.1000000E+02 -0.5773581E-01 -0.5450450E+00  0.4433834E+00
 0.1000000E+02  0.2500693E+00 -0.4478958E+00  0.4343209E+00
 0.1000000E+02  0.1218628E+00 -0.4172422E+00  0.4257043E+00
 0.1000000E+02  0.9267079E-01 -0.3494048E+00  0.6286492E+00
 0.1000000E+02  0.8867161E-01 -0.2719105E+00  0.6290314E+00
 0.1000000E+02  0.2426445E+00 -0.3801425E+00  0.5461187E+00
 0.1000000E+02  0.3298119E+00 -0.2887466E+00  0.6133787E+00
 0.1000000E+02  0.2863457E+00 -0.3397996E+00  0.4412332E+00
 0.1000000E+02  0.1043989E+00 -0.5021741E+00  0.4591141E+00
 0.1000000E+02  0.8489829E-01 -0.4683041E+00  0.4633800E+00
 0.1000000E+02  0.2165192E+00 -0.4909850E+00  0.3934298E+00
 0.1000000E+02  0.2435490E+00 -0.4164452E+00  0.3913618E+00
 0.1000000E+02  0.1929186E+00 -0.2868189E+00  0.4094208E+00
 0.1000000E+02  0.1689066E+00 -0.2537493E+00  0.5164230E+00
 0.1000000E+02  0.2187112E+00 -0.2474209E+00  0.6023607E+00
 0.1000000E+02  0.1448224E+00 -0.3386265E+00  0.5444022E+00
 0.1000000E+02  0.2024848E+00 -0.4581325E+00  0.3575421E+00
 0.1000000E+02  0.8442361E-01 -0.3520129E+00  0.4915273E+00
 0.1000000E+02  0.2828138E+00 -0.3650911E+00  0.5205782E+00
 0.1000000E+02  0.1853431E+00 -0.4550761E+00  0.3626389E+00
 0.1000000E+02  0.1154440E+00 -0.3763283E+00  0.5536557E+00
 0.1000000E+02  0.2483229E+00 -0.5076328E+00  0.5081129E+00
 0.1000000E+02  0.2735036E+00 -0.4260878E+00  0.3459310E+00
 0.1000000E+02  0.2243492E+00 -0.2705843E+00  0.6122606E+00
 0.1000000E+02  0.2996367E+00 -0.3450242E+00  0.4510668E+00
 0.1000000E+02  0.2140693E+00 -0.3825446E+00  0.4085354E+00
 0.1000000E+02  0.1492548E+00 -0.3709364E+00  0.4038052E+00
 0.1000000E+02  0.7417203E-01 -0.3619731E+00  0.4564736E+00
 0.1000000E+02  0.2064219E+00 -0.3344946E+00  0.5125529E+00
 0.1000000E+02  0.6745649E-01 -0.4756878E+00  0.4431411E+00
 0.1000000E+02  0.3580401E+00 -0.5587111E+00  0.4360068E+00
 0.1000000E+02  0.1856558E+00 -0.3129205E+00  0.5176011E+00
 0.1000000E+02  0.2445597E+00 -0.2951012E+00  0.4215970E+00
 0.1000000E+02  0.1786063E+00 -0.4405739E+00  0.4116508E+00
 0.1000000E+02  0.9248554E-01 -0.4463786E+00  0.6114399E+00
 0.1000000E+02  0.2711380E+00 -0.3724059E+00  0.4708701E+00
 0.1000000E+02  0.3469154E+00 -0.4107195E+00  0.3724305E+00
 0.1000000E+02  0.2018880E+00 -0.2600214E+00  0.4736954E+00
 0.1000000E+02  0.1485846E+00 -0.3540263E+00  0.4714565E+00
 0.1000000E+02  0.4948276E+00 -0.3437229E+00  0.5005380E+00
 0.1000000E+02  0.5038574E+00 -0.4936122E+00  0.4154806E+00
 0.1000000E+02  0.4459444E-01 -0.4955833E+00  0.3823266E+00
 0.1000000E+02  0.1430595E+00 -0.3676429E+00  0.5107101E+00
 0.1000000E+02  0.5668006E-01 -0.5609097E+00  0.6339710E+00
 0.1000000E+02  0.1185162E+00 -0.3956520E+00  0.5079785E+00
 0.1000000E+02  0.1729065E+00 -0.5244539E+00  0.3065438E+00
 0.1000000E+02  0.2280931E+00 -0.2828119E+00  0.4031668E+00
 0.1000000E+02  0.2385073E+00 -0.5691146E+00  0.3202087E+00
 0.1000000E+02  0.2918193E+00 -0.3525403E+00  0.4706287E+00
 0.1000000E+02  0.3438509E+00 -0.4430335E+00  0.2958267E+00
 0.1000000E+02  0.1578338E+00 -0.3967440E+00  0.4794521E+00
 0.1000000E+02  0.3455375E+00 -0.4376088E+00  0.5493684E+00
 0.1000000E+02  0.1370928E+00 -0.2998749E+00  0.5098092E+00
 0.1000000E+02  0.2273608E+00 -0.6255690E+00  0.2971938E+00
 0.1000000E+02  0.3043012E+00 -0.3742010E+00  0.3688880E+00
 0.1000000E+02  0.1465423E+00 -0.3954477E+00  0.4138748E+00
 0.1000000E+02  0.2119316E+00 -0.6089935E+00  0.4052952E+00
 0.1000000E+02  0.8394991E-01 -0.4813818E+00  0.4136434E+00
 0.1000000E+02  0.2521643E+00 -0.3315332E+00  0.4420787E+00
 0.1000000E+02  0.3878826E+00 -0.4418837E+00  0.3854439E+00
 0.1000000E+02  0.2474387E+00 -0.3103060E+00  0.5710428E+00
 0.1000000E+02  0.3469938E+00 -0.4141660E+00  0.4862837E+00
 0.1000000E+02  0.2854674E+00 -0.2704467E+00  0.5003687E+00
 0.1000000E+02  0.4296645E+00 -0.3449781E+00  0.5669582E+00
 0.1000000E+02  0.2959461E+00 -0.3355713E+00  0.4068184E+00
 0.1000000E+02  0.3251127E+00 -0.2983091E+00  0.6016249E+00
 0.1000000E+02  0.2831820E+00 -0.2933657E+00  0.5206732E+00
 0.1000000E+02  0.1644591E+00 -0.3563893E+00  0.5191402E+00
 0.1000000E+02  0.1006666E+00 -0.3699379E+00  0.5978694E+00
 0.1000000E+02  0.2224720E+00 -0.4974613E+00  0.3823450E+00
 0.1000000E+02  0.2659494E+00 -0.3806929E+00  0.2763116E+00
 0.1000000E+02  0.2219198E+00 -0.5558969E+00  0.3274194E+00
 0.1000000E+02  0.1396119E+00 -0.3406999E+00  0.5336012E+00
 0.1000000E+02  0.2170230E+00 -0.3814663E+00  0.5908188E+00
 0.1000000E+02  0.4055872E+00 -0.3497564E+00  0.4530647E+00
 0.1000000E+02  0.1193177E+00 -0.4375024E+00  0.5120204E+00
 0.1000000E+02  0.8265473E-01 -0.4872086E+00  0.3721736E+00
 0.1000000E+02  0.1899088E+00 -0.4846505E+00  0.5703188E+00
 0.1000000E+02  0.1932150E+00 -0.3382787E+00  0.4302571E+00
 0.1000000E+02  0.2589947E+00 -0.5880404E+00  0.5095015E+00
 0.1000000E+02 -0.8134028E-01 -0.5778142E+00  0.5213009E+00
 0.1000000E+02  0.5630525E-01 -0.3010386E+00  0.4549655E+00
 0.1000000E+02  0.1666398E+00 -0.5184714E+00  0.4738000E+00
 0.1000000E+02  0.1903918E+00 -0.3729047E+00  0.4386796E+00
 0.1000000E+02  0.1372437E+00 -0.2322920E+00  0.4717861E+00
 0.1000000E+02  0.2565988E+00 -0.3120394E+00  0.4958760E+00
 0.1000000E+02  0.1518915E+00 -0.5880562E+00  0.3209778E+00
 0.1000000E+02  0.1726929E+00 -0.3430942E+00  0.3922394E+00
 0.1000000E+02  0.1902877E+00 -0.3327717E+00  0.4848749E+00
 0.1000000E+02  0.3991909E-01 -0.5825738E+00  0.5089773E+00
 0.1000000E+02  0.2249009E+00 -0.3555503E+00  0.3604778E+00
 0.1000000E+02  0.9525978E-01 -0.5155903E+00  0.5100342E+00
 0.1000000E+02  0.1109559E+00 -0.4435257E+00  0.5341977E+00
 0.1000000E+02  0.2154533E-01 -0.5638773E+00  0.5759311E+00
 0.1000000E+02  0.2556489E+00 -0.4797283E+00  0.4610557E+00
 0.1000000E+02  0.2401443E+00 -0.5549359E+00  0.4475081E+00
 0.1000000E+02  0.1050863E+00 -0.2803886E+00  0.5125647E+00
 0.1000000E+02  0.1076054E+00 -0.3481511E+00  0.4586061E+00
 0.1000000E+02  0.1352465E+00 -0.3050074E+00  0.2830585E+00
 0.1000000E+02  0.2555142E+00 -0.2596908E+00  0.3711423E+00
 0.1000000E+02  0.2880939E+00 -0.2423529E+00  0.6445241E+00
 0.1000000E+02  0.1707853E+00 -0.4654340E+00  0.3307818E+00
 0.1000000E+02  0.3768486E+00 -0.3358815E+00  0.4351965E+00
 0.1000000E+02  0.1138905E+00 -0.3404018E+00  0.6006691E+00
 0.1000000E+02  0.2216002E+00 -0.3647582E+00  0.4117928E+00
 0.1000000E+02  0.2756811E+00 -0.3466905E+00  0.4919572E+00
 0.1000000E+02  0.1327617E+00 -0.4210958E+00  0.3658114E+00
 0.1000000E+02  0.1471000E+00 -0.4345783E+00  0.3864960E+00
 0.1000000E+02  0.2864017E+00 -0.4151075E+00  0.6046445E+00
 0.1000000E+02  0.2886889E+00 -0.4843322E+00  0.4512960E+00
 0.1000000E+02  0.1707195E+00 -0.5090735E+00  0.4345905E+00
 0.1000000E+02  0.2121680E+00 -0.1486117E+00  0.5100102E+00
 0.1000000E+02  0.1692785E+00 -0.6949599E+00  0.3080873E+00
 0.1000000E+02  0.7559670E-01 -0.2862026E+00  0.5664733E+00
 0.1000000E+02  0.2897943E+00 -0.3273215E+00  0.4657738E+00
 0.1000000E+02  0.3199412E+00 -0.1408856E+00  0.5809248E+00
 0.1000000E+02  0.2896538E+00 -0.1687140E+00  0.4413896E+00
 0.1000000E+02  0.3149706E+00 -0.4418912E+00  0.4880028E+00
 0.1000000E+02  0.2362961E+00 -0.3689357E+00  0.4711172E+00
 0.1000000E+02  0.2916274E+00 -0.4716752E+00  0.5474897E+00
 0.1000000E+02  0.1886583E+00 -0.3467466E+00  0.3524953E+00
 0.1000000E+02  0.3231268E+00 -0.4402370E+00  0.3669212E+00
 0.1000000E+02  0.1289555E+00 -0.5160470E+00  0.2791885E+00
 0.1000000E+02  0.2603321E+00 -0.2972725E+00  0.3729914E+00
 0.1000000E+02  0.3488638E-01 -0.5497736E+00  0.4006690E+00
 0.1000000E+02  0.1940419E+00 -0.2458958E+00  0.5624810E+00
 0.1000000E+02  0.4232025E+00 -0.2539276E+00  0.5885414E+00
 0.1000000E+02  0.2912941E+00 -0.3792798E+00  0.5513253E+00
 0.1000000E+02  0.9854088E-01 -0.4989243E+00  0.4259629E+00
 0.1000000E+02  0.2098891E+00 -0.4873855E+00  0.4059955E+00
 0.1000000E+02  0.1484404E+00 -0.3959793E+00  0.6817873E+00
 0.1000000E+02  0.1361167E+00 -0.5719154E+00  0.2450067E+00
 0.1000000E+02  0.1520299E+00 -0.3728868E+00  0.5072839E+00
 0.1000000E+02  0.3423944E+00 -0.3661045E+00  0.3998921E+00
 0.1000000E+02  0.2377390E+00 -0.4099114E+00  0.3805990E+00
 0.1000000E+02  0.1934782E+00 -0.2971438E+00  0.5358540E+00
 0.1000000E+02  0.2880570E+00 -0.4597915E+00  0.4093222E+00
 0.1000000E+02  0.1086711E+00 -0.6562041E+00  0.5130299E+00
 0.1000000E+02  0.1678804E+00 -0.4343529E+00  0.5507145E+00
 0.1000000E+02  0.2951867E+00 -0.7011348E+00  0.2338558E+00
 0.1000000E+02  0.2607577E+00 -0.2539859E+00  0.3862282E+00
 0.1000000E+02  0.2985292E+00 -0.5269118E+00  0.5049250E+00
 0.1000000E+02  0.1922562E+00 -0.2996859E+00  0.4278406E+00
 0.1000000E+02  0.1048092E+00 -0.4084487E+00  0.3806287E+00
 0.1000000E+02  0.2669501E+00 -0.4462585E+00  0.3125653E+00
 0.1000000E+02  0.1455539E+00 -0.3539892E+00  0.4509945E+00
 0.1000000E+02  0.1925423E+00 -0.3029427E+00  0.4634856E+00
 0.1000000E+02  0.1507426E+00 -0.6454955E+00  0.5994884E+00
 0.1000000E+02  0.3091205E+00 -0.1878072E+00  0.5611858E+00
 0.1000000E+02  0.2368962E+00 -0.1518597E+00  0.5961480E+00
 0.1000000E+02  0.5250504E-01 -0.5271273E+00  0.4084487E+00
 0.1000000E+02  0.2664571E+00 -0.4436131E+00  0.3452646E+00
 0.1000000E+02  0.2037543E+00 -0.3895047E+00  0.3795770E+00
 0.1000000E+02 -0.2092451E-01 -0.7498177E+00  0.3768941E+00
 0.1000000E+02  0.5155122E-01 -0.5419851E+00  0.4728261E+00
 0.1000000E+02  0.1606768E+00 -0.6256929E+00  0.3637263E+00
 0.1000000E+02  0.2009472E+00 -0.5502176E+00  0.4242799E+00
 0.1000000E+02  0.2833249E+00 -0.6035770E+00  0.2336925E+00
 0.1000000E+02  0.1416027E+00 -0.5901603E+00  0.3369361E+00
 0.1000000E+02  0.2702364E+00 -0.3877923E+00  0.3578020E+00
 0.1000000E+02  0.1994231E+00 -0.4354498E+00  0.5168545E+00
 0.1000000E+02  0.6251701E-01 -0.5333118E+00  0.5959940E+00
 0.1000000E+02  0.2023546E+00 -0.3554043E+00  0.5198432E+00
 0.1000000E+02  0.2028977E+00 -0.3709853E+00  0.3086453E+00
 0.1000000E+02  0.2042478E+00 -0.3740946E+00  0.4842425E+00
 0.1000000E+02  0.3539807E+00 -0.2221963E+00  0.4561552E+00
 0.1000000E+02  0.2334156E+00 -0.5877869E+00  0.5089059E+00
 0.1000000E+02  0.1653731E+00 -0.4110291E+00  0.4106477E+00
 0.1000000E+02  0.2455772E+00 -0.2835201E+00  0.6306785E+00
 0.1000000E+02  0.1874821E+00 -0.3473404E+00  0.5076749E+00
 0.1000000E+02  0.1856059E+00 -0.4310790E+00  0.5563849E+00
 0.1000000E+02  0.1711991E+00 -0.6252557E+00  0.3001434E+00
 0.1000000E+02  0.2752047E+00 -0.3908904E+00  0.4044887E+00
 0.1000000E+02  0.2650996E+00 -0.4458601E+00  0.4579381E+00
 0.1000000E+02  0.1542443E+00 -0.3889854E+00  0.6567864E+00
 0.1000000E+02  0.1744149E+00 -0.3111803E+00  0.4211769E+00
 0.1000000E+02  0.1473720E+00 -0.5950108E+00  0.5269363E+00
 0.1000000E+02  0.1326824E+00 -0.4170236E+00  0.4239754E+00
 0.1000000E+02  0.2855192E+00 -0.3232322E+00  0.4338164E+00
 0.1000000E+02  0.1410083E+00 -0.5100614E+00  0.3962215E+00
 0.1000000E+02  0.1337119E+00 -0.5025650E+00  0.3772408E+00
 0.1000000E+02  0.1699210E+00 -0.4673361E+00  0.5724406E+00
 0.1000000E+02  0.1903836E+00 -0.3972508E+00  0.6359311E+00
 0.1000000E+02  0.2148754E+00 -0.3802652E+00  0.3927264E+00
 0.1000000E+02  0.9702354E-01 -0.3320427E+00  0.4423945E+00
 0.1000000E+02  0.1344796E+00 -0.5401972E+00  0.4318912E+00
 0.1000000E+02  0.1909861E+00 -0.3875339E+00  0.5546917E+00
 0.1000000E+02  0.3003664E+00 -0.3232684E+00  0.4367126E+00
 0.1000000E+02  0.1082669E+00 -0.4927097E+00  0.4529152E+00
 0.1000000E+02  0.1585912E+00 -0.4805323E+00  0.5990901E+00
 0.1000000E+02  0.4621831E-01 -0.4940011E+00  0.5299585E+00
 0.1000000E+02  0.1148746E+00 -0.6879526E+00  0.3632242E+00
 0.1000000E+02  0.2023408E+00 -0.3364548E+00  0.4157083E+00
 0.1000000E+02  0.2053523E+00 -0.3432261E+00  0.4283937E+00
 0.1000000E+02  0.2629740E+00 -0.3237522E+00  0.6266465E+00
 0.1000000E+02  0.1096785E+00 -0.3880375E+00  0.6093857E+00
 0.1000000E+02  0.1460706E+00 -0.3241605E+00  0.3515593E+00
 0.1000000E+02  0.6647750E-01 -0.5005100E+00  0.6322642E+00
 0.1000000E+02  0.2062812E+00 -0.3885399E+00  0.4388182E+00
 0.1000000E+02  0.4615290E+00 -0.5251241E+00  0.4357503E+00
 0.1000000E+02  0.3508406E+00 -0.5660536E+00  0.6122944E+00
 0.1000000E+02  0.2019621E+00 -0.5733986E+00  0.5839074E+00
 0.1000000E+02  0.9863086E-01 -0.6944209E+00  0.3908728E+00
 0.1000000E+02  0.2113232E+00 -0.6798387E+00  0.3817309E+00
 0.1000000E+02  0.1252537E+00 -0.7186093E+00  0.5053969E+00
 0.1000000E+02  0.8359014E-01 -0.2840024E+00  0.4518266E+00
 0.1000000E+02  0.3944038E+00 -0.3320480E+00  0.6351076E+00
 0.1000000E+02  0.2341083E+00 -0.1733816E+00  0.4259990E+00
 0.1000000E+02  0.2566397E+00 -0.3564391E+00  0.4446743E+00
 0.1000000E+02  0.2875426E+00 -0.3267684E+00  0.4749648E+00
 0.1000000E+02  0.1499193E+00 -0.3493263E+00  0.4978885E+00
 0.1000000E+02  0.5209765E-01 -0.5192593E+00  0.4121923E+00
 0.1000000E+02  0.3061711E+00 -0.5403637E+00  0.3480339E+00
 0.1000000E+02  0.2086262E+00 -0.5264136E+00  0.3565976E+00
 0.1000000E+02  0.1675452E+00 -0.3979875E+00  0.4445523E+00
 0.1000000E+02  0.1051325E+00 -0.3807746E+00  0.4865721E+00
 0.1000000E+02  0.1801525E+00 -0.3271141E+00  0.5191466E+00
 0.1000000E+02  0.5646894E-01 -0.4667709E+00  0.4624171E+00
 0.1000000E+02  0.3110948E+00 -0.2841045E+00  0.4600191E+00
 0.1000000E+02  0.1078187E+00 -0.4305134E+00  0.5503477E+00
 0.1000000E+02  0.1919421E+00 -0.3361821E+00  0.4057331E+00
 0.1000000E+02  0.1242020E+00 -0.3768772E+00  0.3811730E+00
 0.1000000E+02  0.2083965E+00 -0.2872359E+00  0.3710976E+00
 0.1000000E+02  0.3091550E+00 -0.3440976E+00  0.3608638E+00
 0.1000000E+02  0.1652299E+00 -0.2363695E+00  0.5215163E+00
 0.1000000E+02  0.5218504E-01 -0.7566698E+00  0.4656732E+00
 0.1000000E+02  0.2103152E+00 -0.2420096E+00  0.5137512E+00
 0.1000000E+02  0.2318713E+00 -0.5180534E+00  0.3452059E+00
 0.1000000E+02  0.2669538E+00 -0.4686219E+00  0.6020224E+00
 0.1000000E+02  0.3592608E+00 -0.3161673E+00  0.4551077E+00
 0.1000000E+02  0.1816020E+00 -0.3600462E+00  0.4398463E+00
 0.1000000E+02  0.1915603E+00 -0.3202793E+00  0.3785395E+00
 0.1000000E+02  0.8447600E-01 -0.4773299E+00  0.5446932E+00
 0.1000000E+02  0.1006809E+00 -0.5480555E+00  0.4858677E+00
 0.1000000E+02 -0.1448111E-01 -0.4817274E+00  0.4083936E+00
 0.1000000E+02  0.6596236E-01 -0.2414787E+00  0.5432308E+00
 0.1000000E+02  0.3121814E+00 -0.2700288E+00  0.5307715E+00
 0.1000000E+02  0.1518621E+00 -0.4347814E+00  0.4626275E+00
 0.1000000E+02  0.3842715E+00 -0.3250209E+00  0.5328304E+00
 0.1000000E+02  0.3778637E+00 -0.3111917E+00  0.3807588E+00
 0.1000000E+02  0.1443264E+00 -0.5043682E+00  0.4061420E+00
 0.1000000E+02  0.1451206E+00 -0.3920682E+00  0.4242817E+00
 0.1000000E+02  0.1895025E+00 -0.6522296E+00  0.3879492E+00
 0.1000000E+02  0.2081294E+00 -0.3540996E+00  0.7410292E+00
 0.1000000E+02  0.1461878E+00 -0.5940058E+00  0.3441553E+00
 0.1000000E+02  0.9487244E-01 -0.3992813E+00  0.4797571E+00
 0.1000000E+02  0.2526738E+00 -0.3849887E+00  0.5027746E+00
 0.1000000E+02  0.4375885E+00 -0.2283568E+00  0.3954326E+00
 0.1000000E+02  0.1251980E+00 -0.3064534E+00  0.4272824E+00
 0.1000000E+02  0.2673490E+00 -0.4718483E+00  0.4392578E+00
 0.1000000E+02  0.3332626E+00 -0.1641635E+00  0.4612386E+00
 0.1000000E+02  0.2203382E+00 -0.5031479E+00  0.4317188E+00
 0.1000000E+02  0.2836131E+00 -0.3788792E+00  0.5507668E+00
 0.1000000E+02  0.9476269E-01 -0.2955137E+00  0.6740494E+00
 0.1000000E+02  0.3217357E+00 -0.3723597E+00  0.4682308E+00
 0.1000000E+02  0.1174644E+00 -0.4412142E+00  0.4554310E+00
 0.1000000E+02  0.4581218E-01 -0.6145855E+00  0.4355493E+00
 0.1000000E+02  0.1827990E+00 -0.4243021E+00  0.4007554E+00
 0.1000000E+02  0.2895115E+00 -0.2633837E+00  0.6075448E+00
 0.1000000E+02  0.3974811E+00 -0.8036274E+00  0.3564370E+00
 0.1000000E+02  0.2882566E+00 -0.5706718E+00  0.3180875E+00
 0.1000000E+02  0.1098920E+00 -0.4811406E+00  0.3836643E+00
 0.1000000E+02  0.1735054E+00 -0.3012345E+00  0.4807330E+00
 0.1000000E+02  0.1647737E+00 -0.3886370E+00  0.3464343E+00
 0.1000000E+02  0.2001456E+00 -0.3781396E+00  0.4721916E+00
 0.1000000E+02  0.3487540E+00 -0.2380148E+00  0.4297980E+00
 0.1000000E+02  0.1383186E+00 -0.5834450E+00  0.4034032E+00
 0.1000000E+02  0.3006140E+00 -0.3719173E+00  0.3868559E+00
 0.1000000E+02  0.1386937E+00 -0.5869991E+00  0.3701051E+00
 0.1000000E+02  0.1571392E+00 -0.2971109E+00  0.5752325E+00
 0.1000000E+02  0.2814282E+00 -0.4189387E+00  0.3928384E+00
 0.1000000E+02 -0.1787880E-01 -0.5868958E+00  0.3551422E+00
 0.1000000E+02  0.1246723E+00 -0.4201371E+00  0.7081864E+00
 0.1000000E+02  0.7960290E-01 -0.4093919E+00  0.5567659E+00
 0.1000000E+02  0.1251611E+00 -0.3574523E+00  0.5705093E+00
 0.1000000E+02  0.2136505E+00 -0.4062455E+00  0.4257010E+00
 0.1000000E+02  0.1492183E+00 -0.4179035E+00  0.3888202E+00
 0.1000000E+02  0.2519003E+00 -0.2512030E+00  0.4969047E+00
 0.1000000E+02  0.4323542E-01 -0.4672805E+00  0.3807289E+00
 0.1000000E+02  0.1116610E+00 -0.5626515E+00  0.3627531E+00
 0.1000000E+02  0.1320987E+00 -0.2737093E+00  0.5173664E+00
 0.1000000E+02  0.2171569E+00 -0.3617964E+00  0.5915644E+00
 0.1000000E+02 -0.6416008E-03 -0.4419868E+00  0.3729164E+00
 0.1000000E+02  0.3361479E+00 -0.4024901E+00  0.3684673E+00
 0.1000000E+02  0.1744189E+00 -0.3554051E+00  0.4482251E+00
 0.1000000E+02  0.5613260E+00 -0.4601028E+00  0.3334236E+00
 0.1000000E+02  0.3063462E+00 -0.3773498E+00  0.4514987E+00
 0.1000000E+02  0.3976265E+00 -0.3703686E+00  0.4261250E+00
 0.1000000E+02  0.2098190E+00 -0.4512319E+00  0.3834713E+00
 0.1000000E+02  0.2060110E+00 -0.5221086E+00  0.4303501E+00
 0.1000000E+02  0.1517995E+00 -0.3213645E+00  0.3685895E+00
 0.1000000E+02  0.1979959E+00 -0.5509381E+00  0.3417448E+00
 0.1000000E+02  0.3697238E+00 -0.4915198E+00  0.4105120E+00
 0.1000000E+02  0.1164986E-01 -0.3874294E+00  0.3785585E+00
 0.1000000E+02  0.2581484E+00 -0.3433911E+00  0.4012001E+00
 0.1000000E+02  0.3292074E+00 -0.4317764E+00  0.5094278E+00
 0.1000000E+02  0.3007208E+00 -0.2527637E+00  0.5407362E+00
 0.1000000E+02  0.2376019E+00 -0.4012781E+00  0.4530211E+00
 0.1000000E+02  0.1813578E+00 -0.4163802E+00  0.5280093E+00
 0.1000000E+02  0.2333234E+00 -0.4602986E+00  0.5200089E+00
 0.1000000E+02  0.7699278E-01 -0.6909281E+00  0.2931081E+00
 0.1000000E+02  0.6080467E+00 -0.3879749E+00  0.3431505E+00
 0.1000000E+02  0.1427236E+00 -0.2388920E+00  0.6399834E+00
 0.1000000E+02  0.3805261E+00 -0.5340638E+00  0.4111526E+00
 0.1000000E+02  0.5799497E+00 -0.6280689E+00  0.4023308E+00
 0.1000000E+02  0.9182666E-01 -0.3965871E+00  0.3900575E+00
 0.1000000E+02  0.2758333E+00 -0.4786682E+00  0.3963170E+00
 0.1000000E+02  0.1562525E+00 -0.5575992E+00  0.5007964E+00
 0.1000000E+02  0.1461182E+00 -0.4938368E+00  0.4648535E+00
 0.1000000E+02  0.2153611E+00 -0.3919690E+00  0.3199326E+00
 0.1000000E+02  0.1617425E+00 -0.5241603E+00  0.4763284E+00
 0.1000000E+02  0.3256307E+00 -0.3742253E+00  0.4109859E+00
 0.1000000E+02  0.3076243E+00 -0.3739918E+00  0.4084558E+00
 0.1000000E+02  0.1847616E+00 -0.4383558E+00  0.4123192E+00
 0.1000000E+02  0.2831964E+00 -0.4436604E+00  0.4920087E+00
 0.1000000E+02  0.1080022E+00 -0.4930661E+00  0.4629994E+00
 0.1000000E+02  0.1161000E+00 -0.3907864E+00  0.3779492E+00
 0.1000000E+02  0.1338636E+00 -0.4992951E+00  0.3741564E+00
 0.1000000E+02  0.8743244E-02 -0.4279801E+00  0.4895668E+00
 0.1000000E+02  0.3760276E+00 -0.5641489E+00  0.3746723E+00
 0.1000000E+02  0.2829415E+00 -0.4053016E+00  0.4374131E+00
 0.1000000E+02  0.3586609E+00 -0.5838675E+00  0.3745826E+00
 0.1000000E+02  0.1920276E+00 -0.4221289E+00  0.3523581E+00
 0.1000000E+02  0.2762291E+00 -0.4604129E+00  0.4105064E+00
 0.1000000E+02  0.1651315E+00 -0.3892823E+00  0.4720317E+00
 0.1000000E+02  0.2245227E+00 -0.4095365E+00  0.4391364E+00
 0.1000000E+02  0.3164724E+00 -0.3298754E+00  0.5477586E+00
 0.1000000E+02  0.2940690E+00 -0.3716710E+00  0.4038606E+00
 0.1000000E+02  0.6248788E-01 -0.7263216E+00  0.3885089E+00
 0.1000000E+02  0.2780863E+00 -0.3729644E+00  0.5059741E+00
 0.1000000E+02 -0.5697660E-01 -0.5204794E+00  0.4578568E+00
 0.1000000E+02  0.1664072E+00 -0.3699229E+00  0.4634555E+00
 0.1000000E+02  0.2198285E+00 -0.2900339E+00  0.3818767E+00
 0.1000000E+02  0.4562551E+00 -0.5133804E+00  0.2545367E+00
 0.1000000E+02  0.2575527E+00 -0.1742636E+00  0.6546458E+00
 0.1000000E+02  0.1239507E+00 -0.3891276E+00  0.5243464E+00
 0.1000000E+02  0.4644669E+00 -0.3945122E+00  0.4209817E+00
 0.1000000E+02  0.2852113E+00 -0.4961621E+00  0.3209189E+00
 0.1000000E+02  0.2229180E+00 -0.4107500E+00  0.4085630E+00
 0.1000000E+02  0.9175446E-01 -0.3117124E+00  0.5264453E+00
 0.1000000E+02  0.2930971E+00 -0.6344724E+00  0.5470917E+00
 0.1000000E+02  0.9589420E-01 -0.4329690E+00  0.3920886E+00
 0.1000000E+02  0.2638471E+00 -0.2796876E+00  0.4899092E+00
 0.1000000E+02  0.2473191E+00 -0.3262867E+00  0.4435762E+00
 0.1000000E+02  0.1506219E+00 -0.5895112E+00  0.3345249E+00
 0.1000000E+02 -0.5916917E-01 -0.5668267E+00  0.4518813E+00
 0.1000000E+02  0.1562003E+00 -0.3804615E+00  0.4400926E+00
 0.1000000E+02  0.5545260E-01 -0.3447091E+00  0.5365693E+00
 0.1000000E+02  0.2980136E+00 -0.4757388E+00  0.3343150E+00
 0.1000000E+02  0.1161710E+00 -0.7706546E+00  0.6274452E+00
 0.1000000E+02  0.1618038E+00 -0.4001795E+00  0.6383186E+00
 0.1000000E+02  0.1971645E+00 -0.3380858E+00  0.3293480E+00
 0.1000000E+02  0.1309424E+00 -0.3856566E+00  0.4350627E+00
 0.1000000E+02  0.3111907E+00 -0.3974788E+00  0.4774343E+00
 0.1000000E+02  0.6438930E-01 -0.4883173E+00  0.4227916E+00
 0.1000000E+02  0.2066844E+00 -0.1913915E+00  0.5269766E+00
 0.1000000E+02  0.1928535E+00 -0.5562659E+00  0.4917014E+00
 0.1000000E+02  0.4187873E+00 -0.2457056E+00  0.7326725E+00
 0.1000000E+02  0.2767698E+00 -0.2680924E+00  0.4468099E+00
 0.1000000E+02  0.2571139E+00 -0.1134499E+00  0.4741986E+00
 0.1000000E+02  0.7141117E-01 -0.5686715E+00  0.4354348E+00
 0.1000000E+02  0.2335315E+00 -0.4077105E+00  0.4893969E+00
 0.1000000E+02  0.4644417E+00 -0.9390078E-01  0.5304351E+00
 0.1000000E+02  0.2409795E+00 -0.3949137E+00  0.4555977E+00
 0.1000000E+02  0.7500940E+00 -0.4000534E+00  0.4422356E+00
 0.1000000E+02 -0.4535830E-01 -0.4438987E+00  0.4368694E+00
 0.1000000E+02  0.3764608E-01 -0.4142614E+00  0.6529665E+00
 0.1000000E+02  0.4572927E+00 -0.3122524E+00  0.4094276E+00
 0.1000000E+02  0.1385587E+00 -0.5244279E+00  0.4672778E+00
 0.1000000E+02  0.7173694E-01 -0.5702366E+00  0.3884985E+00
 0.1000000E+02  0.2388178E+00 -0.6500346E+00  0.5913098E+00
 0.1000000E+02  0.1529033E+00 -0.4370671E+00  0.4727611E+00
 0.1000000E+02  0.2112820E+00 -0.5715772E+00  0.3960872E+00
 0.1000000E+02  0.2679567E+00 -0.1973714E+00  0.5739665E+00
 0.1000000E+02  0.3215597E+00 -0.5511028E+00  0.2944432E+00
 0.1000000E+02  0.3507178E+00 -0.5215666E+00  0.4408512E+00
 0.1000000E+02  0.1726140E+00 -0.4876433E+00  0.5779044E+00
 0.1000000E+02  0.2085787E-01 -0.6150402E+00  0.6815497E+00
 0.1000000E+02  0.1872268E+00 -0.2598098E+00  0.5613035E+00
 0.1000000E+02  0.2240513E+00 -0.3670893E+00  0.3526315E+00
 0.1000000E+02  0.1710996E+00 -0.3975100E+00  0.4292941E+00
 0.1000000E+02  0.3479138E+00 -0.4122702E+00  0.4051735E+00
 0.1000000E+02  0.2562799E+00 -0.4597168E+00  0.5553601E+00
 0.1000000E+02  0.2600011E+00 -0.3068914E+00  0.4309070E+00
 0.1000000E+02  0.3415013E+00 -0.2056767E+00  0.4539991E+00
 0.1000000E+02  0.2461114E+00 -0.3099700E+00  0.6065820E+00
 0.1000000E+02  0.1306340E-01 -0.5731166E+00  0.4771454E+00
 0.1000000E+02  0.2770409E+00 -0.2597578E+00  0.3763492E+00
 0.1000000E+02  0.2562222E+00 -0.2576149E+00  0.5464344E+00
 0.1000000E+02  0.2838028E+00 -0.5413031E+00  0.2923716E+00
 0.1000000E+02  0.2698246E+00 -0.3535250E+00  0.3744475E+00
 0.1000000E+02  0.1649105E+00 -0.5035017E+00  0.2757188E+00
 0.1000000E+02  0.2078987E+00 -0.6029623E+00  0.3080510E+00
 0.1000000E+02  0.1946130E+00 -0.2616300E+00  0.4572885E+00
 0.1000000E+02  0.2701874E+00 -0.2223364E+00  0.5711143E+00
 0.1000000E+02 -0.2709596E-02 -0.5955371E+00  0.5446106E+00
 0.1000000E+02  0.2238503E+00 -0.3677293E+00  0.4006061E+00
 0.1000000E+02  0.4504573E+00 -0.3073581E+00  0.5001107E+00
 0.1000000E+02  0.9194355E-01 -0.5852798E+00  0.5627625E+00
 0.1000000E+02  0.1546153E+00 -0.4283707E+00  0.3284296E+00
 0.1000000E+02  0.2870252E+00 -0.6311836E+00  0.2963393E+00
 0.1000000E+02  0.1230978E+00 -0.5452134E+00  0.4997181E+00
 0.1000000E+02  0.2294491E+00 -0.1746716E+00  0.5531881E+00
 0.1000000E+02  0.1856975E+00 -0.4737243E+00  0.4365266E+00
 0.1000000E+02  0.2769999E+00 -0.4793816E+00  0.3767433E+00
 0.1000000E+02  0.1252655E+00 -0.4701005E+00  0.4558024E+00
 0.1000000E+02  0.2165116E+00 -0.4192579E+00  0.4594980E+00
 0.1000000E+02  0.3397378E+00 -0.5352649E+00  0.5361008E+00
 0.1000000E+02  0.2674915E+00 -0.4426068E+00  0.3851806E+00
 0.1000000E+02  0.1782886E+00 -0.5270428E+00  0.2541779E+00
 0.1000000E+02  0.2713410E+00 -0.3959259E+00  0.4885370E+00
 0.1000000E+02  0.2587098E+00 -0.4044383E+00  0.5620884E+00
 0.1000000E+02  0.1510258E+00 -0.7170654E+00  0.3194911E+00
 0.1000000E+02  0.1470454E+00 -0.3564432E+00  0.6334440E+00
 0.1000000E+02  0.4030707E+00 -0.5314747E+00  0.3171378E+00
 0.1000000E+02  0.2726017E+00 -0.4219007E+00  0.4521202E+00
 0.1000000E+02  0.3082038E+00 -0.3476396E+00  0.5610330E+00
 0.1000000E+02  0.3684594E+00 -0.5076005E+00  0.3636804E+00
 0.1000000E+02  0.3460007E+00 -0.6646775E+00  0.5449608E+00
 0.1000000E+02  0.2433695E+00 -0.2771121E+00  0.4384573E+00
 0.1000000E+02  0.3435881E+00 -0.1759373E+00  0.4941606E+00
 0.1000000E+02  0.1658226E+00 -0.2986399E+00  0.4801817E+00
 0.1000000E+02  0.1085479E+00 -0.3371784E+00  0.5232422E+00
 0.1000000E+02  0.1726114E+00 -0.2508081E+00  0.4271539E+00
 0.1000000E+02  0.2538678E+00 -0.4632357E+00  0.4949500E+00
 0.1000000E+02  0.1677337E+00 -0.5594225E+00  0.4929882E+00
 0.1000000E+02  0.2624333E+00 -0.2940308E+00  0.4945413E+00
 0.1000000E+02  0.1865273E+00 -0.4734995E+00  0.4191145E+00
 0.1000000E+02  0.2143225E+00 -0.6100877E+00  0.4827958E+00
 0.1000000E+02  0.1233001E+00 -0.4443065E+00  0.4344408E+00
 0.1000000E+02  0.1887904E+00 -0.4954979E+00  0.5041562E+00
 0.1000000E+02  0.2099901E+00 -0.2969121E+00  0.3838128E+00
 0.1000000E+02  0.2216741E+00 -0.3638762E+00  0.4271032E+00
 0.1000000E+02  0.1923020E+00 -0.6152420E+00  0.3895550E+00
 0.1000000E+02  0.2158477E+00 -0.3640461E+00  0.4448216E+00
 0.1000000E+02  0.8360295E-01 -0.4948104E+00  0.4745109E+00
 0.1000000E+02  0.5668855E+00 -0.1987642E+00  0.3905365E+00
 0.1000000E+02  0.2161417E+00 -0.5538536E+00  0.3819350E+00
 0.1000000E+02  0.2934777E+00 -0.2210181E+00  0.5758073E+00
 0.1000000E+02  0.2036205E+00 -0.2362106E+00  0.5372943E+00
 0.1000000E+02  0.3787514E+00 -0.2991266E+00  0.4663840E+00
 0.1000000E+02  0.2188459E+00 -0.3087088E+00  0.4384789E+00
 0.1000000E+02  0.2214586E+00 -0.3534724E+00  0.3742586E+00
 0.1000000E+02  0.2003302E+00 -0.3371211E+00  0.5744234E+00
 0.1000000E+02  0.3191012E+00 -0.3475664E+00  0.4144183E+00
 0.1000000E+02  0.3245689E+00 -0.4097097E+00  0.4410484E+00
 0.1000000E+02  0.8965149E-01 -0.4264274E+00  0.4873623E+00
 0.1000000E+02  0.1217714E+00 -0.2613929E+00  0.4378913E+00
 0.1000000E+02  0.2764604E+00 -0.4170020E+00  0.4957028E+00
 0.1000000E+02  0.2047572E+00 -0.5629290E+00  0.3407954E+00
 0.1000000E+02  0.2520089E+00 -0.4326274E+00  0.4186156E+00
 0.1000000E+02  0.2647649E+00 -0.5001305E+00  0.5023276E+00
 0.1000000E+02  0.1882353E+00 -0.2342074E+00  0.4671790E+00
 0.1000000E+02  0.1106846E+00 -0.5455269E+00  0.4727754E+00
 0.1000000E+02  0.5344060E+00 -0.5849693E-01  0.5074985E+00
 0.1000000E+02  0.1386610E+00 -0.3175873E+00  0.5754614E+00
 0.1000000E+02  0.3520036E+00 -0.3050627E+00  0.5168909E+00
 0.1000000E+02  0.5147053E+00 -0.2719674E+00  0.3942751E+00
 0.1000000E+02  0.2716775E+00 -0.4527605E+00  0.5961820E+00
 0.1000000E+02  0.5791393E-01 -0.3666278E+00  0.5304954E+00
 0.1000000E+02  0.2155614E+00 -0.2212301E+00  0.4021060E+00
 0.1000000E+02  0.2554249E+00 -0.4809486E+00  0.3913071E+00
 0.1000000E+02  0.2704794E+00 -0.5473134E+00  0.3785735E+00
 0.1000000E+02  0.3295525E+00 -0.4386741E+00  0.5110178E+00
 0.1000000E+02  0.1078743E+00 -0.3881221E+00  0.3945816E+00
 0.1000000E+02  0.2460660E+00 -0.5420289E+00  0.4726340E+00
 0.1000000E+02  0.2221649E+00 -0.4132427E+00  0.3784523E+00
 0.1000000E+02  0.2722257E+00 -0.2731963E+00  0.5157212E+00
 0.1000000E+02  0.2143615E+00 -0.3753239E+00  0.4021302E+00
 0.1000000E+02  0.2320391E+00 -0.2808610E+00  0.4887372E+00
 0.1000000E+02  0.2214635E+00 -0.4006685E+00  0.4699025E+00
 0.1000000E+02  0.2108476E+00 -0.4888784E+00  0.3964952E+00
 0.1000000E+02  0.1844815E+00 -0.2962473E+00  0.6638502E+00
 0.1000000E+02  0.3902095E-02 -0.5177915E+00  0.4441058E+00
 0.1000000E+02  0.1837396E+00 -0.2499406E+00  0.4022159E+00
 0.1000000E+02  0.9370253E-01 -0.3879453E+00  0.2954125E+00
 0.1000000E+02  0.1956656E+00 -0.3105502E+00  0.4451153E+00
 0.1000000E+02  0.3471874E+00 -0.4537471E+00  0.3645505E+00
 0.1000000E+02  0.2937349E+00 -0.5344246E+00  0.4289909E+00
 0.1000000E+02  0.2785552E+00 -0.2224789E+00  0.4245272E+00
 0.1000000E+02  0.2512657E+00 -0.6417359E+00  0.3140248E+00
 0.1000000E+02  0.1663554E+00 -0.5398204E+00  0.7136534E+00
 0.1000000E+02  0.3260801E+00 -0.4051266E+00  0.4739593E+00
 0.1000000E+02  0.2271345E+00 -0.4245946E+00  0.4284150E+00
 0.1000000E+02  0.2166225E+00 -0.7397672E+00  0.3524868E+00
 0.1000000E+02  0.3737876E+00 -0.4481199E+00  0.3179744E+00
 0.1000000E+02  0.1796233E+00 -0.5679457E+00  0.4130323E+00
 0.1000000E+02  0.1709115E+00 -0.3402321E+00  0.5167281E+00
 0.1000000E+02  0.3379887E+00 -0.5332618E+00  0.4376280E+00
 0.1000000E+02  0.1268058E+00 -0.2773609E+00  0.4766585E+00
 0.1000000E+02  0.2471772E+00 -0.4201548E+00  0.4117344E+00
 0.1000000E+02  0.3132785E+00 -0.2411927E+00  0.5465671E+00
 0.1000000E+02  0.2001761E+00 -0.5170074E+00  0.5470503E+00
 0.1000000E+02 -0.1482196E-01 -0.4331014E+00  0.4270722E+00
 0.1000000E+02  0.3928490E+00 -0.4745587E+00  0.4189511E+00
 0.1000000E+02  0.1234402E+00 -0.5356158E+00  0.4351550E+00
 0.1000000E+02  0.2463250E+00 -0.4945613E+00  0.4133994E+00
 0.1000000E+02  0.2477190E+00 -0.4915209E+00  0.4240970E+00
 0.1000000E+02  0.2003426E+00 -0.4016124E+00  0.4810834E+00
 0.1000000E+02  0.2564453E+00 -0.4092491E+00  0.3991017E+00
 0.1000000E+02  0.2263781E+00 -0.4613063E+00  0.5632081E+00
 0.1000000E+02  0.1300380E+00 -0.4339684E+00  0.4699598E+00
 0.1000000E+02  0.4310522E+00 -0.4795068E+00  0.3698317E+00
 0.1000000E+02  0.2564661E+00 -0.4942803E+00  0.4252505E+00
 0.1000000E+02  0.2406976E+00 -0.3010746E+00  0.5216095E+00
 0.1000000E+02  0.1812454E+00 -0.3555491E+00  0.4432990E+00
 0.1000000E+02  0.2614318E+00 -0.2784926E+00  0.4572255E+00
 0.1000000E+02  0.2634924E+00 -0.2331352E+00  0.5166518E+00
 0.1000000E+02  0.2713136E+00 -0.4630852E+00  0.4133338E+00
 0.1000000E+02  0.1961950E+00 -0.4779838E+00  0.4546806E+00
 0.1000000E+02  0.1580604E+00 -0.3686908E+00  0.4736814E+00
 0.1000000E+02  0.3780578E+00 -0.4803259E+00  0.3673323E+00
 0.1000000E+02  0.1532166E+00 -0.4050054E+00  0.4387530E+00
 0.1000000E+02  0.6188414E+00 -0.2308447E+00  0.4826720E+00
 0.1000000E+02  0.2143286E+00 -0.6013748E+00  0.3927577E+00
 0.1000000E+02  0.3980245E+00 -0.3596661E+00  0.4391513E+00
 0.1000000E+02  0.3922029E+00 -0.2556446E+00  0.3956339E+00
 0.1000000E+02  0.2681418E+00 -0.5588781E+00  0.3389793E+00
 0.1000000E+02  0.9489093E-01 -0.4248243E+00  0.4550636E+00
 0.1000000E+02  0.1733192E+00 -0.2598225E+00  0.5059950E+00
 0.1000000E+02  0.3879004E+00 -0.4509370E+00  0.4352058E+00
 0.1000000E+02  0.3777032E+00 -0.2681037E+00  0.4666669E+00
 0.1000000E+02  0.1597613E+00 -0.4719031E+00  0.3210730E+00
 0.1000000E+02  0.1028892E+00 -0.3889142E+00  0.6223822E+00
 0.1000000E+02  0.1349149E+00 -0.4029864E+00  0.4388558E+00
 0.1000000E+02  0.1910461E+00 -0.5187256E+00  0.5174572E+00
 0.1000000E+02  0.2834434E+00 -0.3476940E+00  0.3892550E+00
 0.1000000E+02  0.2490399E+00 -0.4631325E+00  0.4738428E+00
 0.1000000E+02  0.3472817E+00 -0.3620623E+00  0.5808900E+00
 0.1000000E+02  0.3323964E+00 -0.5804201E+00  0.1636154E+00
 0.1000000E+02  0.2510257E+00 -0.3300571E+00  0.4349488E+00
 0.1000000E+02  0.1971619E+00 -0.3214882E+00  0.4511683E+00
 0.1000000E+02  0.1383095E+00 -0.5239461E+00  0.4429921E+00
 0.1000000E+02  0.2452927E+00 -0.4133746E+00  0.6060826E+00
 0.1000000E+02  0.1202955E+00 -0.3847894E+00  0.5990546E+00
 0.1000000E+02  0.3977579E+00 -0.4767786E+00  0.2193555E+00
 0.1000000E+02  0.2920397E+00 -0.2620331E+00  0.4145269E+00
 0.1000000E+02  0.1789619E+00 -0.5972276E+00  0.3635560E+00
 0.1000000E+02  0.3248874E+00 -0.3369188E+00  0.4096662E+00
