 0.100000E-01   0.259914E+00   0.147718E-06   0.240491E+00   0.500406E+00
 0.200000E-01   0.259909E+00   0.590652E-06   0.240497E+00   0.500406E+00
 0.300000E-01   0.259899E+00   0.132814E-05   0.240506E+00   0.500406E+00
 0.400000E-01   0.259885E+00   0.235909E-05   0.240518E+00   0.500406E+00
 0.500000E-01   0.259868E+00   0.368197E-05   0.240534E+00   0.500406E+00
 0.600000E-01   0.259847E+00   0.529480E-05   0.240554E+00   0.500406E+00
 0.700000E-01   0.259821E+00   0.719519E-05   0.240577E+00   0.500406E+00
 0.800000E-01   0.259792E+00   0.938030E-05   0.240604E+00   0.500406E+00
 0.900000E-01   0.259759E+00   0.118469E-04   0.240634E+00   0.500406E+00
 0.100000E+00   0.259723E+00   0.145913E-04   0.240668E+00   0.500406E+00
 0.110000E+00   0.259682E+00   0.176094E-04   0.240706E+00   0.500406E+00
 0.120000E+00   0.259638E+00   0.208967E-04   0.240747E+00   0.500406E+00
 0.130000E+00   0.259590E+00   0.244483E-04   0.240791E+00   0.500406E+00
 0.140000E+00   0.259538E+00   0.282589E-04   0.240839E+00   0.500406E+00
 0.150000E+00   0.259483E+00   0.323229E-04   0.240891E+00   0.500406E+00
 0.160000E+00   0.259423E+00   0.366341E-04   0.240946E+00   0.500406E+00
 0.170000E+00   0.259360E+00   0.411861E-04   0.241004E+00   0.500406E+00
 0.180000E+00   0.259294E+00   0.459722E-04   0.241066E+00   0.500406E+00
 0.190000E+00   0.259223E+00   0.509852E-04   0.241131E+00   0.500406E+00
 0.200000E+00   0.259150E+00   0.562176E-04   0.241200E+00   0.500406E+00
 0.210000E+00   0.259072E+00   0.616615E-04   0.241272E+00   0.500406E+00
 0.220000E+00   0.258991E+00   0.673088E-04   0.241347E+00   0.500406E+00
 0.230000E+00   0.258907E+00   0.731511E-04   0.241426E+00   0.500406E+00
 0.240000E+00   0.258819E+00   0.791796E-04   0.241508E+00   0.500406E+00
 0.250000E+00   0.258727E+00   0.853853E-04   0.241593E+00   0.500406E+00
 0.260000E+00   0.258632E+00   0.917588E-04   0.241682E+00   0.500406E+00
 0.270000E+00   0.258534E+00   0.982906E-04   0.241773E+00   0.500406E+00
 0.280000E+00   0.258433E+00   0.104971E-03   0.241868E+00   0.500406E+00
 0.290000E+00   0.258328E+00   0.111790E-03   0.241966E+00   0.500406E+00
 0.300000E+00   0.258220E+00   0.118737E-03   0.242067E+00   0.500406E+00
 0.310000E+00   0.258108E+00   0.125801E-03   0.242172E+00   0.500406E+00
 0.320000E+00   0.257994E+00   0.132973E-03   0.242279E+00   0.500406E+00
 0.330000E+00   0.257876E+00   0.140241E-03   0.242389E+00   0.500406E+00
 0.340000E+00   0.257756E+00   0.147594E-03   0.242502E+00   0.500406E+00
 0.350000E+00   0.257632E+00   0.155022E-03   0.242619E+00   0.500406E+00
 0.360000E+00   0.257505E+00   0.162512E-03   0.242738E+00   0.500406E+00
 0.370000E+00   0.257376E+00   0.170054E-03   0.242860E+00   0.500406E+00
 0.380000E+00   0.257244E+00   0.177637E-03   0.242985E+00   0.500406E+00
 0.390000E+00   0.257108E+00   0.185248E-03   0.243112E+00   0.500406E+00
 0.400000E+00   0.256970E+00   0.192876E-03   0.243243E+00   0.500406E+00
 0.410000E+00   0.256830E+00   0.200510E-03   0.243376E+00   0.500406E+00
 0.420000E+00   0.256686E+00   0.208138E-03   0.243511E+00   0.500406E+00
 0.430000E+00   0.256540E+00   0.215748E-03   0.243650E+00   0.500406E+00
 0.440000E+00   0.256392E+00   0.223329E-03   0.243791E+00   0.500406E+00
 0.450000E+00   0.256241E+00   0.230869E-03   0.243934E+00   0.500406E+00
 0.460000E+00   0.256087E+00   0.238357E-03   0.244080E+00   0.500406E+00
 0.470000E+00   0.255932E+00   0.245781E-03   0.244228E+00   0.500406E+00
 0.480000E+00   0.255774E+00   0.253130E-03   0.244379E+00   0.500406E+00
 0.490000E+00   0.255613E+00   0.260393E-03   0.244532E+00   0.500406E+00
 0.500000E+00   0.255451E+00   0.267558E-03   0.244687E+00   0.500406E+00
 0.510000E+00   0.255286E+00   0.274615E-03   0.244845E+00   0.500406E+00
 0.520000E+00   0.255120E+00   0.281553E-03   0.245004E+00   0.500406E+00
 0.530000E+00   0.254951E+00   0.288360E-03   0.245166E+00   0.500406E+00
 0.540000E+00   0.254781E+00   0.295027E-03   0.245330E+00   0.500406E+00
 0.550000E+00   0.254609E+00   0.301544E-03   0.245495E+00   0.500406E+00
 0.560000E+00   0.254435E+00   0.307899E-03   0.245663E+00   0.500406E+00
 0.570000E+00   0.254259E+00   0.314084E-03   0.245833E+00   0.500406E+00
 0.580000E+00   0.254082E+00   0.320089E-03   0.246004E+00   0.500406E+00
 0.590000E+00   0.253903E+00   0.325904E-03   0.246177E+00   0.500406E+00
 0.600000E+00   0.253722E+00   0.331520E-03   0.246352E+00   0.500406E+00
 0.610000E+00   0.253541E+00   0.336930E-03   0.246528E+00   0.500406E+00
 0.620000E+00   0.253358E+00   0.342123E-03   0.246706E+00   0.500406E+00
 0.630000E+00   0.253173E+00   0.347093E-03   0.246885E+00   0.500406E+00
 0.640000E+00   0.252988E+00   0.351831E-03   0.247066E+00   0.500406E+00
 0.650000E+00   0.252801E+00   0.356330E-03   0.247248E+00   0.500406E+00
 0.660000E+00   0.252613E+00   0.360583E-03   0.247432E+00   0.500406E+00
 0.670000E+00   0.252425E+00   0.364584E-03   0.247616E+00   0.500406E+00
 0.680000E+00   0.252235E+00   0.368326E-03   0.247802E+00   0.500406E+00
 0.690000E+00   0.252045E+00   0.371803E-03   0.247989E+00   0.500406E+00
 0.700000E+00   0.251854E+00   0.375009E-03   0.248177E+00   0.500406E+00
 0.710000E+00   0.251662E+00   0.377940E-03   0.248366E+00   0.500406E+00
 0.720000E+00   0.251470E+00   0.380592E-03   0.248556E+00   0.500406E+00
 0.730000E+00   0.251277E+00   0.382959E-03   0.248746E+00   0.500406E+00
 0.740000E+00   0.251083E+00   0.385038E-03   0.248937E+00   0.500406E+00
 0.750000E+00   0.250890E+00   0.386826E-03   0.249129E+00   0.500406E+00
 0.760000E+00   0.250696E+00   0.388321E-03   0.249322E+00   0.500406E+00
 0.770000E+00   0.250502E+00   0.389518E-03   0.249514E+00   0.500406E+00
 0.780000E+00   0.250308E+00   0.390418E-03   0.249708E+00   0.500406E+00
 0.790000E+00   0.250113E+00   0.391018E-03   0.249901E+00   0.500406E+00
 0.800000E+00   0.249919E+00   0.391317E-03   0.250095E+00   0.500406E+00
 0.810000E+00   0.249725E+00   0.391315E-03   0.250290E+00   0.500406E+00
 0.820000E+00   0.249531E+00   0.391012E-03   0.250484E+00   0.500406E+00
 0.830000E+00   0.249337E+00   0.390408E-03   0.250678E+00   0.500406E+00
 0.840000E+00   0.249144E+00   0.389505E-03   0.250872E+00   0.500406E+00
 0.850000E+00   0.248951E+00   0.388303E-03   0.251066E+00   0.500406E+00
 0.860000E+00   0.248759E+00   0.386806E-03   0.251260E+00   0.500406E+00
 0.870000E+00   0.248567E+00   0.385014E-03   0.251454E+00   0.500406E+00
 0.880000E+00   0.248376E+00   0.382932E-03   0.251647E+00   0.500406E+00
 0.890000E+00   0.248185E+00   0.380562E-03   0.251840E+00   0.500406E+00
 0.900000E+00   0.247996E+00   0.377908E-03   0.252032E+00   0.500406E+00
 0.910000E+00   0.247807E+00   0.374975E-03   0.252224E+00   0.500406E+00
 0.920000E+00   0.247619E+00   0.371767E-03   0.252415E+00   0.500406E+00
 0.930000E+00   0.247432E+00   0.368290E-03   0.252605E+00   0.500406E+00
 0.940000E+00   0.247247E+00   0.364549E-03   0.252794E+00   0.500406E+00
 0.950000E+00   0.247062E+00   0.360551E-03   0.252983E+00   0.500406E+00
 0.960000E+00   0.246879E+00   0.356302E-03   0.253170E+00   0.500406E+00
 0.970000E+00   0.246697E+00   0.351808E-03   0.253357E+00   0.500406E+00
 0.980000E+00   0.246517E+00   0.347078E-03   0.253542E+00   0.500406E+00
 0.990000E+00   0.246338E+00   0.342119E-03   0.253726E+00   0.500406E+00
 0.100000E+01   0.246160E+00   0.336939E-03   0.253908E+00   0.500406E+00
 0.101000E+01   0.245985E+00   0.331546E-03   0.254090E+00   0.500406E+00
 0.102000E+01   0.245810E+00   0.325951E-03   0.254269E+00   0.500406E+00
 0.103000E+01   0.245638E+00   0.320161E-03   0.254448E+00   0.500406E+00
 0.104000E+01   0.245467E+00   0.314186E-03   0.254624E+00   0.500406E+00
 0.105000E+01   0.245299E+00   0.308037E-03   0.254799E+00   0.500406E+00
 0.106000E+01   0.245132E+00   0.301724E-03   0.254972E+00   0.500406E+00
 0.107000E+01   0.244967E+00   0.295256E-03   0.255143E+00   0.500406E+00
 0.108000E+01   0.244805E+00   0.288645E-03   0.255312E+00   0.500406E+00
 0.109000E+01   0.244644E+00   0.281902E-03   0.255479E+00   0.500406E+00
 0.110000E+01   0.244486E+00   0.275038E-03   0.255645E+00   0.500406E+00
 0.111000E+01   0.244330E+00   0.268064E-03   0.255807E+00   0.500406E+00
 0.112000E+01   0.244177E+00   0.260993E-03   0.255968E+00   0.500406E+00
 0.113000E+01   0.244026E+00   0.253835E-03   0.256126E+00   0.500406E+00
 0.114000E+01   0.243877E+00   0.246603E-03   0.256282E+00   0.500406E+00
 0.115000E+01   0.243731E+00   0.239309E-03   0.256436E+00   0.500406E+00
 0.116000E+01   0.243587E+00   0.231965E-03   0.256587E+00   0.500406E+00
 0.117000E+01   0.243446E+00   0.224584E-03   0.256735E+00   0.500406E+00
 0.118000E+01   0.243308E+00   0.217178E-03   0.256881E+00   0.500406E+00
 0.119000E+01   0.243173E+00   0.209759E-03   0.257023E+00   0.500406E+00
 0.120000E+01   0.243040E+00   0.202340E-03   0.257163E+00   0.500406E+00
 0.121000E+01   0.242910E+00   0.194934E-03   0.257301E+00   0.500406E+00
 0.122000E+01   0.242783E+00   0.187553E-03   0.257435E+00   0.500406E+00
 0.123000E+01   0.242659E+00   0.180209E-03   0.257566E+00   0.500406E+00
 0.124000E+01   0.242539E+00   0.172915E-03   0.257694E+00   0.500406E+00
 0.125000E+01   0.242421E+00   0.165683E-03   0.257819E+00   0.500406E+00
 0.126000E+01   0.242306E+00   0.158525E-03   0.257941E+00   0.500406E+00
 0.127000E+01   0.242195E+00   0.151454E-03   0.258060E+00   0.500406E+00
 0.128000E+01   0.242086E+00   0.144482E-03   0.258175E+00   0.500406E+00
 0.129000E+01   0.241981E+00   0.137620E-03   0.258287E+00   0.500406E+00
 0.130000E+01   0.241879E+00   0.130881E-03   0.258396E+00   0.500406E+00
 0.131000E+01   0.241781E+00   0.124275E-03   0.258501E+00   0.500406E+00
 0.132000E+01   0.241686E+00   0.117814E-03   0.258602E+00   0.500406E+00
 0.133000E+01   0.241594E+00   0.111508E-03   0.258700E+00   0.500406E+00
 0.134000E+01   0.241506E+00   0.105370E-03   0.258795E+00   0.500406E+00
 0.135000E+01   0.241421E+00   0.994082E-04   0.258885E+00   0.500406E+00
 0.136000E+01   0.241340E+00   0.936339E-04   0.258972E+00   0.500406E+00
 0.137000E+01   0.241262E+00   0.880569E-04   0.259056E+00   0.500406E+00
 0.138000E+01   0.241188E+00   0.826865E-04   0.259135E+00   0.500406E+00
 0.139000E+01   0.241117E+00   0.775320E-04   0.259211E+00   0.500406E+00
 0.140000E+01   0.241050E+00   0.726023E-04   0.259283E+00   0.500406E+00
 0.141000E+01   0.240987E+00   0.679058E-04   0.259351E+00   0.500406E+00
 0.142000E+01   0.240928E+00   0.634504E-04   0.259415E+00   0.500406E+00
 0.143000E+01   0.240872E+00   0.592440E-04   0.259475E+00   0.500406E+00
 0.144000E+01   0.240820E+00   0.552936E-04   0.259531E+00   0.500406E+00
 0.145000E+01   0.240771E+00   0.516062E-04   0.259583E+00   0.500406E+00
 0.146000E+01   0.240727E+00   0.481879E-04   0.259631E+00   0.500406E+00
 0.147000E+01   0.240686E+00   0.450447E-04   0.259675E+00   0.500406E+00
 0.148000E+01   0.240649E+00   0.421820E-04   0.259715E+00   0.500406E+00
 0.149000E+01   0.240616E+00   0.396047E-04   0.259750E+00   0.500406E+00
 0.150000E+01   0.240587E+00   0.373172E-04   0.259782E+00   0.500406E+00
 0.151000E+01   0.240561E+00   0.353235E-04   0.259809E+00   0.500406E+00
 0.152000E+01   0.240539E+00   0.336270E-04   0.259833E+00   0.500406E+00
 0.153000E+01   0.240522E+00   0.322307E-04   0.259852E+00   0.500406E+00
 0.154000E+01   0.240508E+00   0.311368E-04   0.259867E+00   0.500406E+00
 0.155000E+01   0.240498E+00   0.303474E-04   0.259878E+00   0.500406E+00
 0.156000E+01   0.240492E+00   0.298637E-04   0.259884E+00   0.500406E+00
 0.157000E+01   0.240489E+00   0.296866E-04   0.259887E+00   0.500406E+00
 0.158000E+01   0.240491E+00   0.298165E-04   0.259885E+00   0.500406E+00
 0.159000E+01   0.240497E+00   0.302530E-04   0.259879E+00   0.500406E+00
 0.160000E+01   0.240506E+00   0.309954E-04   0.259869E+00   0.500406E+00
 0.161000E+01   0.240519E+00   0.320425E-04   0.259854E+00   0.500406E+00
 0.162000E+01   0.240536E+00   0.333925E-04   0.259836E+00   0.500406E+00
 0.163000E+01   0.240557E+00   0.350429E-04   0.259813E+00   0.500406E+00
 0.164000E+01   0.240582E+00   0.369911E-04   0.259786E+00   0.500406E+00
 0.165000E+01   0.240611E+00   0.392336E-04   0.259755E+00   0.500406E+00
 0.166000E+01   0.240644E+00   0.417665E-04   0.259720E+00   0.500406E+00
 0.167000E+01   0.240680E+00   0.445856E-04   0.259681E+00   0.500406E+00
 0.168000E+01   0.240720E+00   0.476859E-04   0.259638E+00   0.500406E+00
 0.169000E+01   0.240764E+00   0.510622E-04   0.259590E+00   0.500406E+00
 0.170000E+01   0.240812E+00   0.547087E-04   0.259539E+00   0.500406E+00
 0.171000E+01   0.240864E+00   0.586190E-04   0.259484E+00   0.500406E+00
 0.172000E+01   0.240919E+00   0.627865E-04   0.259424E+00   0.500406E+00
 0.173000E+01   0.240978E+00   0.672040E-04   0.259361E+00   0.500406E+00
 0.174000E+01   0.241040E+00   0.718639E-04   0.259293E+00   0.500406E+00
 0.175000E+01   0.241107E+00   0.767583E-04   0.259222E+00   0.500406E+00
 0.176000E+01   0.241177E+00   0.818787E-04   0.259147E+00   0.500406E+00
 0.177000E+01   0.241250E+00   0.872164E-04   0.259068E+00   0.500406E+00
 0.178000E+01   0.241328E+00   0.927623E-04   0.258985E+00   0.500406E+00
 0.179000E+01   0.241408E+00   0.985068E-04   0.258899E+00   0.500406E+00
 0.180000E+01   0.241492E+00   0.104440E-03   0.258809E+00   0.500406E+00
 0.181000E+01   0.241580E+00   0.110552E-03   0.258715E+00   0.500406E+00
 0.182000E+01   0.241671E+00   0.116833E-03   0.258618E+00   0.500406E+00
 0.183000E+01   0.241766E+00   0.123271E-03   0.258517E+00   0.500406E+00
 0.184000E+01   0.241864E+00   0.129855E-03   0.258412E+00   0.500406E+00
 0.185000E+01   0.241965E+00   0.136575E-03   0.258304E+00   0.500406E+00
 0.186000E+01   0.242070E+00   0.143419E-03   0.258193E+00   0.500406E+00
 0.187000E+01   0.242178E+00   0.150375E-03   0.258078E+00   0.500406E+00
 0.188000E+01   0.242289E+00   0.157431E-03   0.257960E+00   0.500406E+00
 0.189000E+01   0.242403E+00   0.164576E-03   0.257838E+00   0.500406E+00
 0.190000E+01   0.242520E+00   0.171797E-03   0.257714E+00   0.500406E+00
 0.191000E+01   0.242641E+00   0.179082E-03   0.257586E+00   0.500406E+00
 0.192000E+01   0.242764E+00   0.186420E-03   0.257455E+00   0.500406E+00
 0.193000E+01   0.242890E+00   0.193796E-03   0.257322E+00   0.500406E+00
 0.194000E+01   0.243020E+00   0.201199E-03   0.257185E+00   0.500406E+00
 0.195000E+01   0.243152E+00   0.208617E-03   0.257045E+00   0.500406E+00
 0.196000E+01   0.243287E+00   0.216037E-03   0.256903E+00   0.500406E+00
 0.197000E+01   0.243425E+00   0.223446E-03   0.256758E+00   0.500406E+00
 0.198000E+01   0.243565E+00   0.230831E-03   0.256610E+00   0.500406E+00
 0.199000E+01   0.243708E+00   0.238182E-03   0.256459E+00   0.500406E+00
 0.200000E+01   0.243854E+00   0.245484E-03   0.256306E+00   0.500406E+00
 0.201000E+01   0.244003E+00   0.252726E-03   0.256151E+00   0.500406E+00
 0.202000E+01   0.244153E+00   0.259896E-03   0.255993E+00   0.500406E+00
 0.203000E+01   0.244306E+00   0.266982E-03   0.255832E+00   0.500406E+00
 0.204000E+01   0.244462E+00   0.273972E-03   0.255670E+00   0.500406E+00
 0.205000E+01   0.244620E+00   0.280853E-03   0.255505E+00   0.500406E+00
 0.206000E+01   0.244780E+00   0.287616E-03   0.255338E+00   0.500406E+00
 0.207000E+01   0.244942E+00   0.294248E-03   0.255169E+00   0.500406E+00
 0.208000E+01   0.245107E+00   0.300738E-03   0.254998E+00   0.500406E+00
 0.209000E+01   0.245273E+00   0.307076E-03   0.254826E+00   0.500406E+00
 0.210000E+01   0.245441E+00   0.313251E-03   0.254651E+00   0.500406E+00
 0.211000E+01   0.245612E+00   0.319253E-03   0.254475E+00   0.500406E+00
 0.212000E+01   0.245784E+00   0.325072E-03   0.254297E+00   0.500406E+00
 0.213000E+01   0.245958E+00   0.330698E-03   0.254117E+00   0.500406E+00
 0.214000E+01   0.246133E+00   0.336123E-03   0.253936E+00   0.500406E+00
 0.215000E+01   0.246310E+00   0.341336E-03   0.253754E+00   0.500406E+00
 0.216000E+01   0.246489E+00   0.346330E-03   0.253570E+00   0.500406E+00
 0.217000E+01   0.246669E+00   0.351096E-03   0.253385E+00   0.500406E+00
 0.218000E+01   0.246851E+00   0.355626E-03   0.253199E+00   0.500406E+00
 0.219000E+01   0.247034E+00   0.359914E-03   0.253012E+00   0.500406E+00
 0.220000E+01   0.247218E+00   0.363951E-03   0.252824E+00   0.500406E+00
 0.221000E+01   0.247404E+00   0.367732E-03   0.252634E+00   0.500406E+00
 0.222000E+01   0.247590E+00   0.371250E-03   0.252444E+00   0.500406E+00
 0.223000E+01   0.247778E+00   0.374500E-03   0.252253E+00   0.500406E+00
 0.224000E+01   0.247967E+00   0.377475E-03   0.252062E+00   0.500406E+00
 0.225000E+01   0.248156E+00   0.380173E-03   0.251870E+00   0.500406E+00
 0.226000E+01   0.248346E+00   0.382586E-03   0.251677E+00   0.500406E+00
 0.227000E+01   0.248537E+00   0.384713E-03   0.251484E+00   0.500406E+00
 0.228000E+01   0.248729E+00   0.386550E-03   0.251290E+00   0.500406E+00
 0.229000E+01   0.248921E+00   0.388093E-03   0.251096E+00   0.500406E+00
 0.230000E+01   0.249114E+00   0.389340E-03   0.250902E+00   0.500406E+00
 0.231000E+01   0.249308E+00   0.390290E-03   0.250708E+00   0.500406E+00
 0.232000E+01   0.249501E+00   0.390940E-03   0.250514E+00   0.500406E+00
 0.233000E+01   0.249695E+00   0.391289E-03   0.250319E+00   0.500406E+00
 0.234000E+01   0.249889E+00   0.391337E-03   0.250125E+00   0.500406E+00
 0.235000E+01   0.250083E+00   0.391085E-03   0.249931E+00   0.500406E+00
 0.236000E+01   0.250278E+00   0.390531E-03   0.249738E+00   0.500406E+00
 0.237000E+01   0.250472E+00   0.389678E-03   0.249544E+00   0.500406E+00
 0.238000E+01   0.250666E+00   0.388526E-03   0.249351E+00   0.500406E+00
 0.239000E+01   0.250860E+00   0.387077E-03   0.249159E+00   0.500406E+00
 0.240000E+01   0.251054E+00   0.385334E-03   0.248967E+00   0.500406E+00
 0.241000E+01   0.251247E+00   0.383299E-03   0.248776E+00   0.500406E+00
 0.242000E+01   0.251440E+00   0.380976E-03   0.248585E+00   0.500406E+00
 0.243000E+01   0.251632E+00   0.378368E-03   0.248395E+00   0.500406E+00
 0.244000E+01   0.251824E+00   0.375480E-03   0.248206E+00   0.500406E+00
 0.245000E+01   0.252015E+00   0.372315E-03   0.248018E+00   0.500406E+00
 0.246000E+01   0.252206E+00   0.368880E-03   0.247831E+00   0.500406E+00
 0.247000E+01   0.252396E+00   0.365179E-03   0.247645E+00   0.500406E+00
 0.248000E+01   0.252584E+00   0.361217E-03   0.247460E+00   0.500406E+00
 0.249000E+01   0.252772E+00   0.357003E-03   0.247277E+00   0.500406E+00
 0.250000E+01   0.252959E+00   0.352541E-03   0.247094E+00   0.500406E+00
 0.251000E+01   0.253145E+00   0.347839E-03   0.246913E+00   0.500406E+00
 0.252000E+01   0.253329E+00   0.342904E-03   0.246734E+00   0.500406E+00
 0.253000E+01   0.253513E+00   0.337745E-03   0.246555E+00   0.500406E+00
 0.254000E+01   0.253695E+00   0.332368E-03   0.246379E+00   0.500406E+00
 0.255000E+01   0.253875E+00   0.326783E-03   0.246204E+00   0.500406E+00
 0.256000E+01   0.254054E+00   0.320998E-03   0.246031E+00   0.500406E+00
 0.257000E+01   0.254232E+00   0.315022E-03   0.245859E+00   0.500406E+00
 0.258000E+01   0.254408E+00   0.308864E-03   0.245689E+00   0.500406E+00
 0.259000E+01   0.254582E+00   0.302534E-03   0.245521E+00   0.500406E+00
 0.260000E+01   0.254755E+00   0.296042E-03   0.245355E+00   0.500406E+00
 0.261000E+01   0.254925E+00   0.289398E-03   0.245191E+00   0.500406E+00
 0.262000E+01   0.255094E+00   0.282611E-03   0.245029E+00   0.500406E+00
 0.263000E+01   0.255261E+00   0.275693E-03   0.244869E+00   0.500406E+00
 0.264000E+01   0.255426E+00   0.268654E-03   0.244711E+00   0.500406E+00
 0.265000E+01   0.255589E+00   0.261504E-03   0.244556E+00   0.500406E+00
 0.266000E+01   0.255749E+00   0.254256E-03   0.244402E+00   0.500406E+00
 0.267000E+01   0.255907E+00   0.246919E-03   0.244251E+00   0.500406E+00
 0.268000E+01   0.256064E+00   0.239506E-03   0.244103E+00   0.500406E+00
 0.269000E+01   0.256217E+00   0.232027E-03   0.243956E+00   0.500406E+00
 0.270000E+01   0.256369E+00   0.224494E-03   0.243813E+00   0.500406E+00
 0.271000E+01   0.256518E+00   0.216919E-03   0.243671E+00   0.500406E+00
 0.272000E+01   0.256664E+00   0.209312E-03   0.243533E+00   0.500406E+00
 0.273000E+01   0.256808E+00   0.201686E-03   0.243396E+00   0.500406E+00
 0.274000E+01   0.256949E+00   0.194053E-03   0.243263E+00   0.500406E+00
 0.275000E+01   0.257087E+00   0.186423E-03   0.243132E+00   0.500406E+00
 0.276000E+01   0.257223E+00   0.178808E-03   0.243004E+00   0.500406E+00
 0.277000E+01   0.257356E+00   0.171221E-03   0.242879E+00   0.500406E+00
 0.278000E+01   0.257486E+00   0.163672E-03   0.242756E+00   0.500406E+00
 0.279000E+01   0.257613E+00   0.156172E-03   0.242637E+00   0.500406E+00
 0.280000E+01   0.257737E+00   0.148734E-03   0.242520E+00   0.500406E+00
 0.281000E+01   0.257858E+00   0.141369E-03   0.242406E+00   0.500406E+00
 0.282000E+01   0.257976E+00   0.134087E-03   0.242296E+00   0.500406E+00
 0.283000E+01   0.258091E+00   0.126900E-03   0.242188E+00   0.500406E+00
 0.284000E+01   0.258203E+00   0.119818E-03   0.242083E+00   0.500406E+00
 0.285000E+01   0.258311E+00   0.112852E-03   0.241982E+00   0.500406E+00
 0.286000E+01   0.258417E+00   0.106013E-03   0.241883E+00   0.500406E+00
 0.287000E+01   0.258519E+00   0.993107E-04   0.241788E+00   0.500406E+00
 0.288000E+01   0.258618E+00   0.927554E-04   0.241696E+00   0.500406E+00
 0.289000E+01   0.258713E+00   0.863568E-04   0.241607E+00   0.500406E+00
 0.290000E+01   0.258805E+00   0.801247E-04   0.241521E+00   0.500406E+00
 0.291000E+01   0.258893E+00   0.740683E-04   0.241438E+00   0.500406E+00
 0.292000E+01   0.258978E+00   0.681967E-04   0.241359E+00   0.500406E+00
 0.293000E+01   0.259060E+00   0.625188E-04   0.241283E+00   0.500406E+00
 0.294000E+01   0.259138E+00   0.570429E-04   0.241211E+00   0.500406E+00
 0.295000E+01   0.259212E+00   0.517775E-04   0.241142E+00   0.500406E+00
 0.296000E+01   0.259283E+00   0.467302E-04   0.241076E+00   0.500406E+00
 0.297000E+01   0.259350E+00   0.419087E-04   0.241014E+00   0.500406E+00
 0.298000E+01   0.259414E+00   0.373201E-04   0.240955E+00   0.500406E+00
 0.299000E+01   0.259474E+00   0.329713E-04   0.240899E+00   0.500406E+00
 0.300000E+01   0.259530E+00   0.288688E-04   0.240847E+00   0.500406E+00
 0.301000E+01   0.259582E+00   0.250188E-04   0.240799E+00   0.500406E+00
 0.302000E+01   0.259631E+00   0.214269E-04   0.240754E+00   0.500406E+00
 0.303000E+01   0.259676E+00   0.180985E-04   0.240712E+00   0.500406E+00
 0.304000E+01   0.259717E+00   0.150386E-04   0.240674E+00   0.500406E+00
 0.305000E+01   0.259754E+00   0.122518E-04   0.240639E+00   0.500406E+00
 0.306000E+01   0.259788E+00   0.974216E-05   0.240609E+00   0.500406E+00
 0.307000E+01   0.259817E+00   0.751344E-05   0.240581E+00   0.500406E+00
 0.308000E+01   0.259843E+00   0.556898E-05   0.240557E+00   0.500406E+00
 0.309000E+01   0.259865E+00   0.391167E-05   0.240537E+00   0.500406E+00
 0.310000E+01   0.259883E+00   0.254397E-05   0.240520E+00   0.500406E+00
 0.311000E+01   0.259897E+00   0.146792E-05   0.240507E+00   0.500406E+00
 0.312000E+01   0.259907E+00   0.685127E-06   0.240498E+00   0.500406E+00
 0.313000E+01   0.259914E+00   0.196746E-06   0.240492E+00   0.500406E+00
 0.314000E+01   0.259916E+00   0.350854E-08   0.240489E+00   0.500406E+00
 0.315000E+01   0.259915E+00   0.105702E-06   0.240491E+00   0.500406E+00
 0.316000E+01   0.259910E+00   0.503173E-06   0.240496E+00   0.500406E+00
 0.317000E+01   0.259901E+00   0.119533E-05   0.240504E+00   0.500406E+00
 0.318000E+01   0.259888E+00   0.218115E-05   0.240516E+00   0.500406E+00
 0.319000E+01   0.259871E+00   0.345915E-05   0.240532E+00   0.500406E+00
 0.320000E+01   0.259850E+00   0.502745E-05   0.240551E+00   0.500406E+00
 0.321000E+01   0.259825E+00   0.688369E-05   0.240573E+00   0.500406E+00
 0.322000E+01   0.259797E+00   0.902513E-05   0.240600E+00   0.500406E+00
 0.323000E+01   0.259765E+00   0.114486E-04   0.240630E+00   0.500406E+00
 0.324000E+01   0.259729E+00   0.141504E-04   0.240663E+00   0.500406E+00
 0.325000E+01   0.259689E+00   0.171266E-04   0.240700E+00   0.500406E+00
 0.326000E+01   0.259645E+00   0.203727E-04   0.240740E+00   0.500406E+00
 0.327000E+01   0.259598E+00   0.238839E-04   0.240784E+00   0.500406E+00
 0.328000E+01   0.259546E+00   0.276550E-04   0.240832E+00   0.500406E+00
 0.329000E+01   0.259491E+00   0.316803E-04   0.240883E+00   0.500406E+00
 0.330000E+01   0.259433E+00   0.359538E-04   0.240937E+00   0.500406E+00
 0.331000E+01   0.259370E+00   0.404692E-04   0.240995E+00   0.500406E+00
 0.332000E+01   0.259304E+00   0.452197E-04   0.241056E+00   0.500406E+00
 0.333000E+01   0.259235E+00   0.501982E-04   0.241121E+00   0.500406E+00
 0.334000E+01   0.259161E+00   0.553972E-04   0.241189E+00   0.500406E+00
 0.335000E+01   0.259084E+00   0.608090E-04   0.241261E+00   0.500406E+00
 0.336000E+01   0.259004E+00   0.664256E-04   0.241335E+00   0.500406E+00
 0.337000E+01   0.258920E+00   0.722384E-04   0.241414E+00   0.500406E+00
 0.338000E+01   0.258832E+00   0.782387E-04   0.241495E+00   0.500406E+00
 0.339000E+01   0.258742E+00   0.844177E-04   0.241580E+00   0.500406E+00
 0.340000E+01   0.258647E+00   0.907660E-04   0.241668E+00   0.500406E+00
 0.341000E+01   0.258550E+00   0.972740E-04   0.241759E+00   0.500406E+00
 0.342000E+01   0.258449E+00   0.103932E-03   0.241853E+00   0.500406E+00
 0.343000E+01   0.258344E+00   0.110730E-03   0.241951E+00   0.500406E+00
 0.344000E+01   0.258237E+00   0.117658E-03   0.242052E+00   0.500406E+00
 0.345000E+01   0.258126E+00   0.124705E-03   0.242155E+00   0.500406E+00
 0.346000E+01   0.258012E+00   0.131861E-03   0.242262E+00   0.500406E+00
 0.347000E+01   0.257895E+00   0.139115E-03   0.242372E+00   0.500406E+00
 0.348000E+01   0.257775E+00   0.146456E-03   0.242485E+00   0.500406E+00
 0.349000E+01   0.257651E+00   0.153873E-03   0.242601E+00   0.500406E+00
 0.350000E+01   0.257525E+00   0.161354E-03   0.242719E+00   0.500406E+00
 0.351000E+01   0.257396E+00   0.168889E-03   0.242841E+00   0.500406E+00
 0.352000E+01   0.257264E+00   0.176466E-03   0.242965E+00   0.500406E+00
 0.353000E+01   0.257129E+00   0.184073E-03   0.243092E+00   0.500406E+00
 0.354000E+01   0.256992E+00   0.191699E-03   0.243222E+00   0.500406E+00
 0.355000E+01   0.256851E+00   0.199333E-03   0.243355E+00   0.500406E+00
 0.356000E+01   0.256708E+00   0.206963E-03   0.243490E+00   0.500406E+00
 0.357000E+01   0.256563E+00   0.214576E-03   0.243628E+00   0.500406E+00
 0.358000E+01   0.256415E+00   0.222163E-03   0.243769E+00   0.500406E+00
 0.359000E+01   0.256264E+00   0.229710E-03   0.243912E+00   0.500406E+00
 0.360000E+01   0.256111E+00   0.237206E-03   0.244057E+00   0.500406E+00
 0.361000E+01   0.255956E+00   0.244641E-03   0.244205E+00   0.500406E+00
 0.362000E+01   0.255798E+00   0.252003E-03   0.244356E+00   0.500406E+00
 0.363000E+01   0.255638E+00   0.259279E-03   0.244508E+00   0.500406E+00
 0.364000E+01   0.255476E+00   0.266461E-03   0.244663E+00   0.500406E+00
 0.365000E+01   0.255312E+00   0.273535E-03   0.244820E+00   0.500406E+00
 0.366000E+01   0.255146E+00   0.280491E-03   0.244980E+00   0.500406E+00
 0.367000E+01   0.254977E+00   0.287320E-03   0.245141E+00   0.500406E+00
 0.368000E+01   0.254807E+00   0.294009E-03   0.245304E+00   0.500406E+00
 0.369000E+01   0.254635E+00   0.300549E-03   0.245470E+00   0.500406E+00
 0.370000E+01   0.254462E+00   0.306930E-03   0.245637E+00   0.500406E+00
 0.371000E+01   0.254286E+00   0.313142E-03   0.245806E+00   0.500406E+00
 0.372000E+01   0.254109E+00   0.319175E-03   0.245977E+00   0.500406E+00
 0.373000E+01   0.253930E+00   0.325020E-03   0.246150E+00   0.500406E+00
 0.374000E+01   0.253750E+00   0.330667E-03   0.246325E+00   0.500406E+00
 0.375000E+01   0.253569E+00   0.336109E-03   0.246501E+00   0.500406E+00
 0.376000E+01   0.253386E+00   0.341336E-03   0.246679E+00   0.500406E+00
 0.377000E+01   0.253202E+00   0.346341E-03   0.246858E+00   0.500406E+00
 0.378000E+01   0.253016E+00   0.351115E-03   0.247038E+00   0.500406E+00
 0.379000E+01   0.252830E+00   0.355652E-03   0.247220E+00   0.500406E+00
 0.380000E+01   0.252642E+00   0.359944E-03   0.247403E+00   0.500406E+00
 0.381000E+01   0.252454E+00   0.363983E-03   0.247588E+00   0.500406E+00
 0.382000E+01   0.252264E+00   0.367765E-03   0.247774E+00   0.500406E+00
 0.383000E+01   0.252074E+00   0.371283E-03   0.247960E+00   0.500406E+00
 0.384000E+01   0.251883E+00   0.374532E-03   0.248148E+00   0.500406E+00
 0.385000E+01   0.251691E+00   0.377506E-03   0.248337E+00   0.500406E+00
 0.386000E+01   0.251499E+00   0.380201E-03   0.248526E+00   0.500406E+00
 0.387000E+01   0.251306E+00   0.382612E-03   0.248717E+00   0.500406E+00
 0.388000E+01   0.251113E+00   0.384736E-03   0.248908E+00   0.500406E+00
 0.389000E+01   0.250920E+00   0.386569E-03   0.249100E+00   0.500406E+00
 0.390000E+01   0.250726E+00   0.388108E-03   0.249292E+00   0.500406E+00
 0.391000E+01   0.250532E+00   0.389352E-03   0.249485E+00   0.500406E+00
 0.392000E+01   0.250337E+00   0.390298E-03   0.249678E+00   0.500406E+00
 0.393000E+01   0.250143E+00   0.390944E-03   0.249872E+00   0.500406E+00
 0.394000E+01   0.249949E+00   0.391289E-03   0.250066E+00   0.500406E+00
 0.395000E+01   0.249755E+00   0.391334E-03   0.250260E+00   0.500406E+00
 0.396000E+01   0.249561E+00   0.391077E-03   0.250454E+00   0.500406E+00
 0.397000E+01   0.249367E+00   0.390520E-03   0.250648E+00   0.500406E+00
 0.398000E+01   0.249174E+00   0.389662E-03   0.250842E+00   0.500406E+00
 0.399000E+01   0.248981E+00   0.388507E-03   0.251036E+00   0.500406E+00
 0.400000E+01   0.248788E+00   0.387054E-03   0.251230E+00   0.500406E+00
 0.401000E+01   0.248596E+00   0.385308E-03   0.251424E+00   0.500406E+00
 0.402000E+01   0.248405E+00   0.383270E-03   0.251617E+00   0.500406E+00
 0.403000E+01   0.248215E+00   0.380944E-03   0.251810E+00   0.500406E+00
 0.404000E+01   0.248025E+00   0.378334E-03   0.252003E+00   0.500406E+00
 0.405000E+01   0.247836E+00   0.375444E-03   0.252194E+00   0.500406E+00
 0.406000E+01   0.247648E+00   0.372278E-03   0.252385E+00   0.500406E+00
 0.407000E+01   0.247461E+00   0.368842E-03   0.252576E+00   0.500406E+00
 0.408000E+01   0.247275E+00   0.365141E-03   0.252765E+00   0.500406E+00
 0.409000E+01   0.247091E+00   0.361182E-03   0.252954E+00   0.500406E+00
 0.410000E+01   0.246907E+00   0.356971E-03   0.253142E+00   0.500406E+00
 0.411000E+01   0.246725E+00   0.352515E-03   0.253328E+00   0.500406E+00
 0.412000E+01   0.246545E+00   0.347820E-03   0.253513E+00   0.500406E+00
 0.413000E+01   0.246365E+00   0.342896E-03   0.253698E+00   0.500406E+00
 0.414000E+01   0.246188E+00   0.337749E-03   0.253880E+00   0.500406E+00
 0.415000E+01   0.246012E+00   0.332389E-03   0.254062E+00   0.500406E+00
 0.416000E+01   0.245837E+00   0.326824E-03   0.254242E+00   0.500406E+00
 0.417000E+01   0.245664E+00   0.321064E-03   0.254420E+00   0.500406E+00
 0.418000E+01   0.245494E+00   0.315117E-03   0.254597E+00   0.500406E+00
 0.419000E+01   0.245325E+00   0.308994E-03   0.254772E+00   0.500406E+00
 0.420000E+01   0.245158E+00   0.302705E-03   0.254945E+00   0.500406E+00
 0.421000E+01   0.244993E+00   0.296261E-03   0.255117E+00   0.500406E+00
 0.422000E+01   0.244830E+00   0.289671E-03   0.255286E+00   0.500406E+00
 0.423000E+01   0.244669E+00   0.282948E-03   0.255454E+00   0.500406E+00
 0.424000E+01   0.244510E+00   0.276102E-03   0.255619E+00   0.500406E+00
 0.425000E+01   0.244354E+00   0.269144E-03   0.255782E+00   0.500406E+00
 0.426000E+01   0.244200E+00   0.262087E-03   0.255943E+00   0.500406E+00
 0.427000E+01   0.244049E+00   0.254942E-03   0.256102E+00   0.500406E+00
 0.428000E+01   0.243900E+00   0.247720E-03   0.256258E+00   0.500406E+00
 0.429000E+01   0.243753E+00   0.240435E-03   0.256412E+00   0.500406E+00
 0.430000E+01   0.243609E+00   0.233098E-03   0.256564E+00   0.500406E+00
 0.431000E+01   0.243468E+00   0.225722E-03   0.256712E+00   0.500406E+00
 0.432000E+01   0.243329E+00   0.218319E-03   0.256858E+00   0.500406E+00
 0.433000E+01   0.243193E+00   0.210901E-03   0.257002E+00   0.500406E+00
 0.434000E+01   0.243060E+00   0.203482E-03   0.257142E+00   0.500406E+00
 0.435000E+01   0.242930E+00   0.196073E-03   0.257280E+00   0.500406E+00
 0.436000E+01   0.242803E+00   0.188687E-03   0.257414E+00   0.500406E+00
 0.437000E+01   0.242678E+00   0.181336E-03   0.257546E+00   0.500406E+00
 0.438000E+01   0.242557E+00   0.174034E-03   0.257675E+00   0.500406E+00
 0.439000E+01   0.242439E+00   0.166791E-03   0.257800E+00   0.500406E+00
 0.440000E+01   0.242324E+00   0.159622E-03   0.257923E+00   0.500406E+00
 0.441000E+01   0.242211E+00   0.152537E-03   0.258042E+00   0.500406E+00
 0.442000E+01   0.242103E+00   0.145549E-03   0.258158E+00   0.500406E+00
 0.443000E+01   0.241997E+00   0.138669E-03   0.258270E+00   0.500406E+00
 0.444000E+01   0.241895E+00   0.131910E-03   0.258379E+00   0.500406E+00
 0.445000E+01   0.241796E+00   0.125283E-03   0.258485E+00   0.500406E+00
 0.446000E+01   0.241700E+00   0.118798E-03   0.258587E+00   0.500406E+00
 0.447000E+01   0.241608E+00   0.112468E-03   0.258685E+00   0.500406E+00
 0.448000E+01   0.241519E+00   0.106303E-03   0.258780E+00   0.500406E+00
 0.449000E+01   0.241434E+00   0.100314E-03   0.258872E+00   0.500406E+00
 0.450000E+01   0.241352E+00   0.945102E-04   0.258959E+00   0.500406E+00
 0.451000E+01   0.241274E+00   0.889022E-04   0.259043E+00   0.500406E+00
 0.452000E+01   0.241199E+00   0.834994E-04   0.259123E+00   0.500406E+00
 0.453000E+01   0.241128E+00   0.783111E-04   0.259199E+00   0.500406E+00
 0.454000E+01   0.241061E+00   0.733462E-04   0.259272E+00   0.500406E+00
 0.455000E+01   0.240997E+00   0.686133E-04   0.259340E+00   0.500406E+00
 0.456000E+01   0.240937E+00   0.641203E-04   0.259405E+00   0.500406E+00
 0.457000E+01   0.240880E+00   0.598751E-04   0.259466E+00   0.500406E+00
 0.458000E+01   0.240828E+00   0.558848E-04   0.259522E+00   0.500406E+00
 0.459000E+01   0.240779E+00   0.521565E-04   0.259575E+00   0.500406E+00
 0.460000E+01   0.240733E+00   0.486964E-04   0.259624E+00   0.500406E+00
 0.461000E+01   0.240692E+00   0.455105E-04   0.259668E+00   0.500406E+00
 0.462000E+01   0.240654E+00   0.426042E-04   0.259709E+00   0.500406E+00
 0.463000E+01   0.240621E+00   0.399827E-04   0.259745E+00   0.500406E+00
 0.464000E+01   0.240591E+00   0.376503E-04   0.259777E+00   0.500406E+00
 0.465000E+01   0.240565E+00   0.356112E-04   0.259805E+00   0.500406E+00
 0.466000E+01   0.240543E+00   0.338687E-04   0.259829E+00   0.500406E+00
 0.467000E+01   0.240524E+00   0.324260E-04   0.259849E+00   0.500406E+00
 0.468000E+01   0.240510E+00   0.312854E-04   0.259865E+00   0.500406E+00
 0.469000E+01   0.240499E+00   0.304490E-04   0.259876E+00   0.500406E+00
 0.470000E+01   0.240492E+00   0.299182E-04   0.259884E+00   0.500406E+00
 0.471000E+01   0.240489E+00   0.296939E-04   0.259887E+00   0.500406E+00
 0.472000E+01   0.240491E+00   0.297765E-04   0.259885E+00   0.500406E+00
 0.473000E+01   0.240495E+00   0.301658E-04   0.259880E+00   0.500406E+00
 0.474000E+01   0.240504E+00   0.308612E-04   0.259871E+00   0.500406E+00
 0.475000E+01   0.240517E+00   0.318615E-04   0.259857E+00   0.500406E+00
 0.476000E+01   0.240534E+00   0.331650E-04   0.259839E+00   0.500406E+00
 0.477000E+01   0.240554E+00   0.347694E-04   0.259817E+00   0.500406E+00
 0.478000E+01   0.240578E+00   0.366719E-04   0.259791E+00   0.500406E+00
 0.479000E+01   0.240606E+00   0.388693E-04   0.259761E+00   0.500406E+00
 0.480000E+01   0.240638E+00   0.413578E-04   0.259726E+00   0.500406E+00
 0.481000E+01   0.240674E+00   0.441332E-04   0.259687E+00   0.500406E+00
 0.482000E+01   0.240714E+00   0.471905E-04   0.259645E+00   0.500406E+00
 0.483000E+01   0.240757E+00   0.505247E-04   0.259598E+00   0.500406E+00
 0.484000E+01   0.240804E+00   0.541300E-04   0.259547E+00   0.500406E+00
 0.485000E+01   0.240855E+00   0.580001E-04   0.259492E+00   0.500406E+00
 0.486000E+01   0.240910E+00   0.621284E-04   0.259434E+00   0.500406E+00
 0.487000E+01   0.240968E+00   0.665079E-04   0.259371E+00   0.500406E+00
 0.488000E+01   0.241031E+00   0.711311E-04   0.259304E+00   0.500406E+00
 0.489000E+01   0.241096E+00   0.759899E-04   0.259233E+00   0.500406E+00
 0.490000E+01   0.241166E+00   0.810761E-04   0.259159E+00   0.500406E+00
 0.491000E+01   0.241239E+00   0.863809E-04   0.259081E+00   0.500406E+00
 0.492000E+01   0.241315E+00   0.918954E-04   0.258998E+00   0.500406E+00
 0.493000E+01   0.241396E+00   0.976100E-04   0.258913E+00   0.500406E+00
 0.494000E+01   0.241479E+00   0.103515E-03   0.258823E+00   0.500406E+00
 0.495000E+01   0.241566E+00   0.109600E-03   0.258730E+00   0.500406E+00
 0.496000E+01   0.241657E+00   0.115855E-03   0.258633E+00   0.500406E+00
 0.497000E+01   0.241751E+00   0.122270E-03   0.258532E+00   0.500406E+00
 0.498000E+01   0.241849E+00   0.128832E-03   0.258428E+00   0.500406E+00
 0.499000E+01   0.241949E+00   0.135532E-03   0.258321E+00   0.500406E+00
 0.500000E+01   0.242053E+00   0.142357E-03   0.258210E+00   0.500406E+00
 0.501000E+01   0.242161E+00   0.149297E-03   0.258096E+00   0.500406E+00
 0.502000E+01   0.242271E+00   0.156339E-03   0.257978E+00   0.500406E+00
 0.503000E+01   0.242385E+00   0.163471E-03   0.257857E+00   0.500406E+00
 0.504000E+01   0.242502E+00   0.170681E-03   0.257733E+00   0.500406E+00
 0.505000E+01   0.242622E+00   0.177957E-03   0.257606E+00   0.500406E+00
 0.506000E+01   0.242745E+00   0.185287E-03   0.257476E+00   0.500406E+00
 0.507000E+01   0.242871E+00   0.192659E-03   0.257342E+00   0.500406E+00
 0.508000E+01   0.243000E+00   0.200059E-03   0.257206E+00   0.500406E+00
 0.509000E+01   0.243131E+00   0.207475E-03   0.257067E+00   0.500406E+00
 0.510000E+01   0.243266E+00   0.214895E-03   0.256925E+00   0.500406E+00
 0.511000E+01   0.243403E+00   0.222306E-03   0.256780E+00   0.500406E+00
 0.512000E+01   0.243543E+00   0.229697E-03   0.256633E+00   0.500406E+00
 0.513000E+01   0.243686E+00   0.237053E-03   0.256482E+00   0.500406E+00
 0.514000E+01   0.243832E+00   0.244364E-03   0.256330E+00   0.500406E+00
 0.515000E+01   0.243980E+00   0.251616E-03   0.256175E+00   0.500406E+00
 0.516000E+01   0.244130E+00   0.258798E-03   0.256017E+00   0.500406E+00
 0.517000E+01   0.244283E+00   0.265898E-03   0.255857E+00   0.500406E+00
 0.518000E+01   0.244438E+00   0.272903E-03   0.255695E+00   0.500406E+00
 0.519000E+01   0.244595E+00   0.279802E-03   0.255531E+00   0.500406E+00
 0.520000E+01   0.244755E+00   0.286583E-03   0.255364E+00   0.500406E+00
 0.521000E+01   0.244917E+00   0.293236E-03   0.255195E+00   0.500406E+00
 0.522000E+01   0.245081E+00   0.299749E-03   0.255025E+00   0.500406E+00
 0.523000E+01   0.245247E+00   0.306111E-03   0.254852E+00   0.500406E+00
 0.524000E+01   0.245415E+00   0.312312E-03   0.254678E+00   0.500406E+00
 0.525000E+01   0.245585E+00   0.318342E-03   0.254502E+00   0.500406E+00
 0.526000E+01   0.245757E+00   0.324189E-03   0.254324E+00   0.500406E+00
 0.527000E+01   0.245931E+00   0.329846E-03   0.254145E+00   0.500406E+00
 0.528000E+01   0.246106E+00   0.335302E-03   0.253964E+00   0.500406E+00
 0.529000E+01   0.246283E+00   0.340548E-03   0.253782E+00   0.500406E+00
 0.530000E+01   0.246462E+00   0.345576E-03   0.253599E+00   0.500406E+00
 0.531000E+01   0.246642E+00   0.350378E-03   0.253414E+00   0.500406E+00
 0.532000E+01   0.246823E+00   0.354945E-03   0.253228E+00   0.500406E+00
 0.533000E+01   0.247006E+00   0.359271E-03   0.253041E+00   0.500406E+00
 0.534000E+01   0.247190E+00   0.363347E-03   0.252853E+00   0.500406E+00
 0.535000E+01   0.247375E+00   0.367168E-03   0.252663E+00   0.500406E+00
 0.536000E+01   0.247562E+00   0.370727E-03   0.252474E+00   0.500406E+00
 0.537000E+01   0.247749E+00   0.374018E-03   0.252283E+00   0.500406E+00
 0.538000E+01   0.247937E+00   0.377036E-03   0.252091E+00   0.500406E+00
 0.539000E+01   0.248127E+00   0.379777E-03   0.251899E+00   0.500406E+00
 0.540000E+01   0.248317E+00   0.382234E-03   0.251707E+00   0.500406E+00
 0.541000E+01   0.248508E+00   0.384406E-03   0.251513E+00   0.500406E+00
 0.542000E+01   0.248700E+00   0.386287E-03   0.251320E+00   0.500406E+00
 0.543000E+01   0.248892E+00   0.387876E-03   0.251126E+00   0.500406E+00
 0.544000E+01   0.249085E+00   0.389169E-03   0.250932E+00   0.500406E+00
 0.545000E+01   0.249278E+00   0.390164E-03   0.250738E+00   0.500406E+00
 0.546000E+01   0.249471E+00   0.390860E-03   0.250544E+00   0.500406E+00
 0.547000E+01   0.249665E+00   0.391256E-03   0.250349E+00   0.500406E+00
 0.548000E+01   0.249859E+00   0.391351E-03   0.250155E+00   0.500406E+00
 0.549000E+01   0.250053E+00   0.391144E-03   0.249961E+00   0.500406E+00
 0.550000E+01   0.250248E+00   0.390637E-03   0.249767E+00   0.500406E+00
 0.551000E+01   0.250442E+00   0.389830E-03   0.249574E+00   0.500406E+00
 0.552000E+01   0.250636E+00   0.388724E-03   0.249381E+00   0.500406E+00
 0.553000E+01   0.250830E+00   0.387320E-03   0.249188E+00   0.500406E+00
 0.554000E+01   0.251024E+00   0.385623E-03   0.248996E+00   0.500406E+00
 0.555000E+01   0.251217E+00   0.383633E-03   0.248805E+00   0.500406E+00
 0.556000E+01   0.251410E+00   0.381354E-03   0.248614E+00   0.500406E+00
 0.557000E+01   0.251603E+00   0.378789E-03   0.248424E+00   0.500406E+00
 0.558000E+01   0.251795E+00   0.375944E-03   0.248235E+00   0.500406E+00
 0.559000E+01   0.251986E+00   0.372822E-03   0.248047E+00   0.500406E+00
 0.560000E+01   0.252177E+00   0.369428E-03   0.247860E+00   0.500406E+00
 0.561000E+01   0.252366E+00   0.365767E-03   0.247674E+00   0.500406E+00
 0.562000E+01   0.252555E+00   0.361845E-03   0.247489E+00   0.500406E+00
 0.563000E+01   0.252743E+00   0.357669E-03   0.247305E+00   0.500406E+00
 0.564000E+01   0.252930E+00   0.353245E-03   0.247122E+00   0.500406E+00
 0.565000E+01   0.253116E+00   0.348580E-03   0.246941E+00   0.500406E+00
 0.566000E+01   0.253301E+00   0.343680E-03   0.246761E+00   0.500406E+00
 0.567000E+01   0.253484E+00   0.338555E-03   0.246583E+00   0.500406E+00
 0.568000E+01   0.253667E+00   0.333211E-03   0.246406E+00   0.500406E+00
 0.569000E+01   0.253847E+00   0.327658E-03   0.246231E+00   0.500406E+00
 0.570000E+01   0.254027E+00   0.321903E-03   0.246057E+00   0.500406E+00
 0.571000E+01   0.254205E+00   0.315956E-03   0.245885E+00   0.500406E+00
 0.572000E+01   0.254381E+00   0.309825E-03   0.245715E+00   0.500406E+00
 0.573000E+01   0.254555E+00   0.303521E-03   0.245547E+00   0.500406E+00
 0.574000E+01   0.254728E+00   0.297053E-03   0.245381E+00   0.500406E+00
 0.575000E+01   0.254899E+00   0.290432E-03   0.245216E+00   0.500406E+00
 0.576000E+01   0.255068E+00   0.283666E-03   0.245054E+00   0.500406E+00
 0.577000E+01   0.255235E+00   0.276768E-03   0.244894E+00   0.500406E+00
 0.578000E+01   0.255401E+00   0.269746E-03   0.244735E+00   0.500406E+00
 0.579000E+01   0.255564E+00   0.262613E-03   0.244580E+00   0.500406E+00
 0.580000E+01   0.255725E+00   0.255379E-03   0.244426E+00   0.500406E+00
 0.581000E+01   0.255883E+00   0.248055E-03   0.244274E+00   0.500406E+00
 0.582000E+01   0.256040E+00   0.240653E-03   0.244125E+00   0.500406E+00
 0.583000E+01   0.256194E+00   0.233184E-03   0.243979E+00   0.500406E+00
 0.584000E+01   0.256346E+00   0.225658E-03   0.243835E+00   0.500406E+00
 0.585000E+01   0.256495E+00   0.218089E-03   0.243693E+00   0.500406E+00
 0.586000E+01   0.256642E+00   0.210486E-03   0.243554E+00   0.500406E+00
 0.587000E+01   0.256786E+00   0.202862E-03   0.243417E+00   0.500406E+00
 0.588000E+01   0.256927E+00   0.195229E-03   0.243283E+00   0.500406E+00
 0.589000E+01   0.257066E+00   0.187598E-03   0.243152E+00   0.500406E+00
 0.590000E+01   0.257202E+00   0.179980E-03   0.243024E+00   0.500406E+00
 0.591000E+01   0.257335E+00   0.172388E-03   0.242898E+00   0.500406E+00
 0.592000E+01   0.257466E+00   0.164832E-03   0.242775E+00   0.500406E+00
 0.593000E+01   0.257593E+00   0.157325E-03   0.242655E+00   0.500406E+00
 0.594000E+01   0.257718E+00   0.149876E-03   0.242538E+00   0.500406E+00
 0.595000E+01   0.257840E+00   0.142499E-03   0.242424E+00   0.500406E+00
 0.596000E+01   0.257958E+00   0.135204E-03   0.242312E+00   0.500406E+00
 0.597000E+01   0.258074E+00   0.128001E-03   0.242204E+00   0.500406E+00
 0.598000E+01   0.258186E+00   0.120902E-03   0.242099E+00   0.500406E+00
 0.599000E+01   0.258295E+00   0.113918E-03   0.241997E+00   0.500406E+00
 0.600000E+01   0.258401E+00   0.107058E-03   0.241898E+00   0.500406E+00
 0.601000E+01   0.258503E+00   0.100334E-03   0.241802E+00   0.500406E+00
 0.602000E+01   0.258603E+00   0.937557E-04   0.241710E+00   0.500406E+00
 0.603000E+01   0.258698E+00   0.873323E-04   0.241620E+00   0.500406E+00
 0.604000E+01   0.258791E+00   0.810739E-04   0.241534E+00   0.500406E+00
 0.605000E+01   0.258880E+00   0.749898E-04   0.241451E+00   0.500406E+00
 0.606000E+01   0.258966E+00   0.690892E-04   0.241371E+00   0.500406E+00
 0.607000E+01   0.259048E+00   0.633808E-04   0.241295E+00   0.500406E+00
 0.608000E+01   0.259126E+00   0.578733E-04   0.241222E+00   0.500406E+00
 0.609000E+01   0.259201E+00   0.525749E-04   0.241152E+00   0.500406E+00
 0.610000E+01   0.259272E+00   0.474935E-04   0.241086E+00   0.500406E+00
 0.611000E+01   0.259340E+00   0.426367E-04   0.241023E+00   0.500406E+00
 0.612000E+01   0.259404E+00   0.380118E-04   0.240964E+00   0.500406E+00
 0.613000E+01   0.259465E+00   0.336256E-04   0.240907E+00   0.500406E+00
 0.614000E+01   0.259521E+00   0.294848E-04   0.240855E+00   0.500406E+00
 0.615000E+01   0.259574E+00   0.255954E-04   0.240806E+00   0.500406E+00
 0.616000E+01   0.259624E+00   0.219634E-04   0.240760E+00   0.500406E+00
 0.617000E+01   0.259669E+00   0.185941E-04   0.240718E+00   0.500406E+00
 0.618000E+01   0.259711E+00   0.154925E-04   0.240680E+00   0.500406E+00
 0.619000E+01   0.259749E+00   0.126633E-04   0.240645E+00   0.500406E+00
 0.620000E+01   0.259783E+00   0.101107E-04   0.240613E+00   0.500406E+00
 0.621000E+01   0.259813E+00   0.783845E-05   0.240585E+00   0.500406E+00
 0.622000E+01   0.259839E+00   0.584999E-05   0.240561E+00   0.500406E+00
 0.623000E+01   0.259862E+00   0.414825E-05   0.240540E+00   0.500406E+00
 0.624000E+01   0.259880E+00   0.273578E-05   0.240523E+00   0.500406E+00
 0.625000E+01   0.259895E+00   0.161467E-05   0.240509E+00   0.500406E+00
 0.626000E+01   0.259906E+00   0.786595E-06   0.240499E+00   0.500406E+00
 0.627000E+01   0.259913E+00   0.252784E-06   0.240492E+00   0.500406E+00
 0.628000E+01   0.259916E+00   0.140340E-07   0.240490E+00   0.500406E+00
 0.629000E+01   0.259915E+00   0.706985E-07   0.240490E+00   0.500406E+00
 0.630000E+01   0.259911E+00   0.422694E-06   0.240495E+00   0.500406E+00
 0.631000E+01   0.259902E+00   0.106950E-05   0.240502E+00   0.500406E+00
 0.632000E+01   0.259890E+00   0.201014E-05   0.240514E+00   0.500406E+00
 0.633000E+01   0.259874E+00   0.324323E-05   0.240529E+00   0.500406E+00
 0.634000E+01   0.259854E+00   0.476693E-05   0.240548E+00   0.500406E+00
 0.635000E+01   0.259830E+00   0.657897E-05   0.240570E+00   0.500406E+00
 0.636000E+01   0.259802E+00   0.867665E-05   0.240595E+00   0.500406E+00
 0.637000E+01   0.259770E+00   0.110569E-04   0.240625E+00   0.500406E+00
 0.638000E+01   0.259734E+00   0.137160E-04   0.240658E+00   0.500406E+00
 0.639000E+01   0.259695E+00   0.166502E-04   0.240694E+00   0.500406E+00
 0.640000E+01   0.259652E+00   0.198551E-04   0.240734E+00   0.500406E+00
 0.641000E+01   0.259605E+00   0.233257E-04   0.240777E+00   0.500406E+00
 0.642000E+01   0.259554E+00   0.270571E-04   0.240824E+00   0.500406E+00
 0.643000E+01   0.259500E+00   0.310436E-04   0.240875E+00   0.500406E+00
 0.644000E+01   0.259442E+00   0.352793E-04   0.240929E+00   0.500406E+00
 0.645000E+01   0.259380E+00   0.397578E-04   0.240986E+00   0.500406E+00
 0.646000E+01   0.259315E+00   0.444725E-04   0.241047E+00   0.500406E+00
 0.647000E+01   0.259245E+00   0.494164E-04   0.241111E+00   0.500406E+00
 0.648000E+01   0.259173E+00   0.545819E-04   0.241178E+00   0.500406E+00
 0.649000E+01   0.259096E+00   0.599615E-04   0.241249E+00   0.500406E+00
 0.650000E+01   0.259016E+00   0.655470E-04   0.241324E+00   0.500406E+00
 0.651000E+01   0.258933E+00   0.713301E-04   0.241401E+00   0.500406E+00
 0.652000E+01   0.258846E+00   0.773021E-04   0.241482E+00   0.500406E+00
 0.653000E+01   0.258756E+00   0.834542E-04   0.241567E+00   0.500406E+00
 0.654000E+01   0.258662E+00   0.897769E-04   0.241654E+00   0.500406E+00
 0.655000E+01   0.258565E+00   0.962610E-04   0.241745E+00   0.500406E+00
 0.656000E+01   0.258464E+00   0.102897E-03   0.241839E+00   0.500406E+00
 0.657000E+01   0.258360E+00   0.109674E-03   0.241936E+00   0.500406E+00
 0.658000E+01   0.258253E+00   0.116582E-03   0.242036E+00   0.500406E+00
 0.659000E+01   0.258143E+00   0.123612E-03   0.242139E+00   0.500406E+00
 0.660000E+01   0.258030E+00   0.130752E-03   0.242245E+00   0.500406E+00
 0.661000E+01   0.257913E+00   0.137991E-03   0.242355E+00   0.500406E+00
 0.662000E+01   0.257793E+00   0.145319E-03   0.242467E+00   0.500406E+00
 0.663000E+01   0.257671E+00   0.152725E-03   0.242583E+00   0.500406E+00
 0.664000E+01   0.257545E+00   0.160197E-03   0.242701E+00   0.500406E+00
 0.665000E+01   0.257416E+00   0.167725E-03   0.242822E+00   0.500406E+00
 0.666000E+01   0.257285E+00   0.175296E-03   0.242946E+00   0.500406E+00
 0.667000E+01   0.257150E+00   0.182899E-03   0.243073E+00   0.500406E+00
 0.668000E+01   0.257013E+00   0.190523E-03   0.243202E+00   0.500406E+00
 0.669000E+01   0.256873E+00   0.198157E-03   0.243334E+00   0.500406E+00
 0.670000E+01   0.256731E+00   0.205787E-03   0.243469E+00   0.500406E+00
 0.671000E+01   0.256585E+00   0.213404E-03   0.243607E+00   0.500406E+00
 0.672000E+01   0.256438E+00   0.220995E-03   0.243747E+00   0.500406E+00
 0.673000E+01   0.256288E+00   0.228549E-03   0.243890E+00   0.500406E+00
 0.674000E+01   0.256135E+00   0.236055E-03   0.244035E+00   0.500406E+00
 0.675000E+01   0.255980E+00   0.243500E-03   0.244182E+00   0.500406E+00
 0.676000E+01   0.255823E+00   0.250873E-03   0.244332E+00   0.500406E+00
 0.677000E+01   0.255663E+00   0.258164E-03   0.244485E+00   0.500406E+00
 0.678000E+01   0.255501E+00   0.265360E-03   0.244639E+00   0.500406E+00
 0.679000E+01   0.255337E+00   0.272452E-03   0.244796E+00   0.500406E+00
 0.680000E+01   0.255171E+00   0.279427E-03   0.244955E+00   0.500406E+00
 0.681000E+01   0.255004E+00   0.286276E-03   0.245116E+00   0.500406E+00
 0.682000E+01   0.254834E+00   0.292987E-03   0.245279E+00   0.500406E+00
 0.683000E+01   0.254662E+00   0.299551E-03   0.245444E+00   0.500406E+00
 0.684000E+01   0.254489E+00   0.305957E-03   0.245611E+00   0.500406E+00
 0.685000E+01   0.254313E+00   0.312195E-03   0.245780E+00   0.500406E+00
 0.686000E+01   0.254137E+00   0.318257E-03   0.245951E+00   0.500406E+00
 0.687000E+01   0.253958E+00   0.324131E-03   0.246124E+00   0.500406E+00
 0.688000E+01   0.253778E+00   0.329810E-03   0.246298E+00   0.500406E+00
 0.689000E+01   0.253597E+00   0.335284E-03   0.246474E+00   0.500406E+00
 0.690000E+01   0.253414E+00   0.340544E-03   0.246651E+00   0.500406E+00
 0.691000E+01   0.253230E+00   0.345584E-03   0.246830E+00   0.500406E+00
 0.692000E+01   0.253045E+00   0.350394E-03   0.247010E+00   0.500406E+00
 0.693000E+01   0.252859E+00   0.354968E-03   0.247192E+00   0.500406E+00
 0.694000E+01   0.252671E+00   0.359298E-03   0.247375E+00   0.500406E+00
 0.695000E+01   0.252483E+00   0.363377E-03   0.247559E+00   0.500406E+00
 0.696000E+01   0.252294E+00   0.367199E-03   0.247745E+00   0.500406E+00
 0.697000E+01   0.252103E+00   0.370758E-03   0.247932E+00   0.500406E+00
 0.698000E+01   0.251913E+00   0.374048E-03   0.248119E+00   0.500406E+00
 0.699000E+01   0.251721E+00   0.377065E-03   0.248308E+00   0.500406E+00
 0.700000E+01   0.251529E+00   0.379803E-03   0.248497E+00   0.500406E+00
 0.701000E+01   0.251336E+00   0.382258E-03   0.248687E+00   0.500406E+00
 0.702000E+01   0.251143E+00   0.384426E-03   0.248878E+00   0.500406E+00
 0.703000E+01   0.250949E+00   0.386304E-03   0.249070E+00   0.500406E+00
 0.704000E+01   0.250756E+00   0.387889E-03   0.249262E+00   0.500406E+00
 0.705000E+01   0.250562E+00   0.389179E-03   0.249455E+00   0.500406E+00
 0.706000E+01   0.250367E+00   0.390170E-03   0.249648E+00   0.500406E+00
 0.707000E+01   0.250173E+00   0.390863E-03   0.249842E+00   0.500406E+00
 0.708000E+01   0.249979E+00   0.391254E-03   0.250036E+00   0.500406E+00
 0.709000E+01   0.249785E+00   0.391345E-03   0.250230E+00   0.500406E+00
 0.710000E+01   0.249591E+00   0.391135E-03   0.250424E+00   0.500406E+00
 0.711000E+01   0.249397E+00   0.390624E-03   0.250618E+00   0.500406E+00
 0.712000E+01   0.249204E+00   0.389813E-03   0.250812E+00   0.500406E+00
 0.713000E+01   0.249010E+00   0.388703E-03   0.251007E+00   0.500406E+00
 0.714000E+01   0.248818E+00   0.387296E-03   0.251201E+00   0.500406E+00
 0.715000E+01   0.248626E+00   0.385595E-03   0.251394E+00   0.500406E+00
 0.716000E+01   0.248435E+00   0.383602E-03   0.251588E+00   0.500406E+00
 0.717000E+01   0.248244E+00   0.381320E-03   0.251781E+00   0.500406E+00
 0.718000E+01   0.248054E+00   0.378753E-03   0.251973E+00   0.500406E+00
 0.719000E+01   0.247865E+00   0.375906E-03   0.252165E+00   0.500406E+00
 0.720000E+01   0.247677E+00   0.372782E-03   0.252356E+00   0.500406E+00
 0.721000E+01   0.247490E+00   0.369387E-03   0.252547E+00   0.500406E+00
 0.722000E+01   0.247304E+00   0.365727E-03   0.252736E+00   0.500406E+00
 0.723000E+01   0.247119E+00   0.361808E-03   0.252925E+00   0.500406E+00
 0.724000E+01   0.246935E+00   0.357635E-03   0.253113E+00   0.500406E+00
 0.725000E+01   0.246753E+00   0.353216E-03   0.253299E+00   0.500406E+00
 0.726000E+01   0.246572E+00   0.348558E-03   0.253485E+00   0.500406E+00
 0.727000E+01   0.246393E+00   0.343668E-03   0.253669E+00   0.500406E+00
 0.728000E+01   0.246215E+00   0.338555E-03   0.253852E+00   0.500406E+00
 0.729000E+01   0.246039E+00   0.333227E-03   0.254034E+00   0.500406E+00
 0.730000E+01   0.245864E+00   0.327693E-03   0.254214E+00   0.500406E+00
 0.731000E+01   0.245691E+00   0.321962E-03   0.254393E+00   0.500406E+00
 0.732000E+01   0.245520E+00   0.316044E-03   0.254570E+00   0.500406E+00
 0.733000E+01   0.245351E+00   0.309947E-03   0.254745E+00   0.500406E+00
 0.734000E+01   0.245183E+00   0.303683E-03   0.254919E+00   0.500406E+00
 0.735000E+01   0.245018E+00   0.297262E-03   0.255091E+00   0.500406E+00
 0.736000E+01   0.244855E+00   0.290694E-03   0.255260E+00   0.500406E+00
 0.737000E+01   0.244694E+00   0.283991E-03   0.255428E+00   0.500406E+00
 0.738000E+01   0.244535E+00   0.277163E-03   0.255594E+00   0.500406E+00
 0.739000E+01   0.244378E+00   0.270222E-03   0.255757E+00   0.500406E+00
 0.740000E+01   0.244224E+00   0.263179E-03   0.255919E+00   0.500406E+00
 0.741000E+01   0.244072E+00   0.256046E-03   0.256078E+00   0.500406E+00
 0.742000E+01   0.243922E+00   0.248836E-03   0.256235E+00   0.500406E+00
 0.743000E+01   0.243776E+00   0.241560E-03   0.256389E+00   0.500406E+00
 0.744000E+01   0.243631E+00   0.234230E-03   0.256540E+00   0.500406E+00
 0.745000E+01   0.243489E+00   0.226860E-03   0.256690E+00   0.500406E+00
 0.746000E+01   0.243350E+00   0.219460E-03   0.256836E+00   0.500406E+00
 0.747000E+01   0.243214E+00   0.212044E-03   0.256980E+00   0.500406E+00
 0.748000E+01   0.243081E+00   0.204624E-03   0.257121E+00   0.500406E+00
 0.749000E+01   0.242950E+00   0.197212E-03   0.257259E+00   0.500406E+00
 0.750000E+01   0.242822E+00   0.189822E-03   0.257394E+00   0.500406E+00
 0.751000E+01   0.242697E+00   0.182465E-03   0.257526E+00   0.500406E+00
 0.752000E+01   0.242575E+00   0.175154E-03   0.257655E+00   0.500406E+00
 0.753000E+01   0.242457E+00   0.167902E-03   0.257781E+00   0.500406E+00
 0.754000E+01   0.242341E+00   0.160720E-03   0.257904E+00   0.500406E+00
 0.755000E+01   0.242229E+00   0.153621E-03   0.258024E+00   0.500406E+00
 0.756000E+01   0.242119E+00   0.146618E-03   0.258140E+00   0.500406E+00
 0.757000E+01   0.242013E+00   0.139721E-03   0.258253E+00   0.500406E+00
 0.758000E+01   0.241910E+00   0.132942E-03   0.258363E+00   0.500406E+00
 0.759000E+01   0.241811E+00   0.126294E-03   0.258469E+00   0.500406E+00
 0.760000E+01   0.241715E+00   0.119787E-03   0.258571E+00   0.500406E+00
 0.761000E+01   0.241622E+00   0.113432E-03   0.258670E+00   0.500406E+00
 0.762000E+01   0.241533E+00   0.107241E-03   0.258766E+00   0.500406E+00
 0.763000E+01   0.241447E+00   0.101224E-03   0.258858E+00   0.500406E+00
 0.764000E+01   0.241364E+00   0.953912E-04   0.258946E+00   0.500406E+00
 0.765000E+01   0.241286E+00   0.897524E-04   0.259030E+00   0.500406E+00
 0.766000E+01   0.241210E+00   0.843174E-04   0.259111E+00   0.500406E+00
 0.767000E+01   0.241139E+00   0.790955E-04   0.259188E+00   0.500406E+00
 0.768000E+01   0.241071E+00   0.740957E-04   0.259261E+00   0.500406E+00
 0.769000E+01   0.241006E+00   0.693264E-04   0.259330E+00   0.500406E+00
 0.770000E+01   0.240946E+00   0.647960E-04   0.259395E+00   0.500406E+00
 0.771000E+01   0.240889E+00   0.605122E-04   0.259457E+00   0.500406E+00
 0.772000E+01   0.240835E+00   0.564822E-04   0.259514E+00   0.500406E+00
 0.773000E+01   0.240786E+00   0.527131E-04   0.259567E+00   0.500406E+00
 0.774000E+01   0.240740E+00   0.492113E-04   0.259616E+00   0.500406E+00
 0.775000E+01   0.240698E+00   0.459828E-04   0.259662E+00   0.500406E+00
 0.776000E+01   0.240660E+00   0.430332E-04   0.259703E+00   0.500406E+00
 0.777000E+01   0.240626E+00   0.403675E-04   0.259740E+00   0.500406E+00
 0.778000E+01   0.240595E+00   0.379904E-04   0.259773E+00   0.500406E+00
 0.779000E+01   0.240568E+00   0.359059E-04   0.259801E+00   0.500406E+00
 0.780000E+01   0.240546E+00   0.341175E-04   0.259826E+00   0.500406E+00
 0.781000E+01   0.240527E+00   0.326285E-04   0.259846E+00   0.500406E+00
 0.782000E+01   0.240512E+00   0.314413E-04   0.259863E+00   0.500406E+00
 0.783000E+01   0.240500E+00   0.305579E-04   0.259875E+00   0.500406E+00
 0.784000E+01   0.240493E+00   0.299800E-04   0.259883E+00   0.500406E+00
 0.785000E+01   0.240490E+00   0.297085E-04   0.259886E+00   0.500406E+00
 0.786000E+01   0.240490E+00   0.297438E-04   0.259886E+00   0.500406E+00
 0.787000E+01   0.240494E+00   0.300859E-04   0.259881E+00   0.500406E+00
 0.788000E+01   0.240503E+00   0.307343E-04   0.259872E+00   0.500406E+00
 0.789000E+01   0.240515E+00   0.316878E-04   0.259859E+00   0.500406E+00
 0.790000E+01   0.240531E+00   0.329447E-04   0.259842E+00   0.500406E+00
 0.791000E+01   0.240551E+00   0.345029E-04   0.259821E+00   0.500406E+00
 0.792000E+01   0.240574E+00   0.363597E-04   0.259795E+00   0.500406E+00
 0.793000E+01   0.240602E+00   0.385120E-04   0.259765E+00   0.500406E+00
 0.794000E+01   0.240633E+00   0.409559E-04   0.259732E+00   0.500406E+00
 0.795000E+01   0.240668E+00   0.436874E-04   0.259694E+00   0.500406E+00
 0.796000E+01   0.240707E+00   0.467017E-04   0.259652E+00   0.500406E+00
 0.797000E+01   0.240750E+00   0.499936E-04   0.259605E+00   0.500406E+00
 0.798000E+01   0.240797E+00   0.535575E-04   0.259555E+00   0.500406E+00
 0.799000E+01   0.240847E+00   0.573873E-04   0.259501E+00   0.500406E+00
 0.800000E+01   0.240901E+00   0.614764E-04   0.259443E+00   0.500406E+00
 0.801000E+01   0.240959E+00   0.658177E-04   0.259381E+00   0.500406E+00
 0.802000E+01   0.241021E+00   0.704038E-04   0.259315E+00   0.500406E+00
 0.803000E+01   0.241086E+00   0.752269E-04   0.259245E+00   0.500406E+00
 0.804000E+01   0.241155E+00   0.802786E-04   0.259171E+00   0.500406E+00
 0.805000E+01   0.241227E+00   0.855504E-04   0.259093E+00   0.500406E+00
 0.806000E+01   0.241303E+00   0.910332E-04   0.259011E+00   0.500406E+00
 0.807000E+01   0.241383E+00   0.967176E-04   0.258926E+00   0.500406E+00
 0.808000E+01   0.241466E+00   0.102594E-03   0.258837E+00   0.500406E+00
 0.809000E+01   0.241553E+00   0.108652E-03   0.258744E+00   0.500406E+00
 0.810000E+01   0.241643E+00   0.114882E-03   0.258648E+00   0.500406E+00
 0.811000E+01   0.241736E+00   0.121272E-03   0.258548E+00   0.500406E+00
 0.812000E+01   0.241833E+00   0.127813E-03   0.258445E+00   0.500406E+00
 0.813000E+01   0.241934E+00   0.134492E-03   0.258338E+00   0.500406E+00
 0.814000E+01   0.242037E+00   0.141299E-03   0.258227E+00   0.500406E+00
 0.815000E+01   0.242144E+00   0.148222E-03   0.258114E+00   0.500406E+00
 0.816000E+01   0.242254E+00   0.155249E-03   0.257996E+00   0.500406E+00
 0.817000E+01   0.242367E+00   0.162368E-03   0.257876E+00   0.500406E+00
 0.818000E+01   0.242484E+00   0.169567E-03   0.257752E+00   0.500406E+00
 0.819000E+01   0.242603E+00   0.176834E-03   0.257626E+00   0.500406E+00
 0.820000E+01   0.242726E+00   0.184156E-03   0.257496E+00   0.500406E+00
 0.821000E+01   0.242851E+00   0.191522E-03   0.257363E+00   0.500406E+00
 0.822000E+01   0.242980E+00   0.198918E-03   0.257227E+00   0.500406E+00
 0.823000E+01   0.243111E+00   0.206333E-03   0.257088E+00   0.500406E+00
 0.824000E+01   0.243245E+00   0.213753E-03   0.256947E+00   0.500406E+00
 0.825000E+01   0.243382E+00   0.221167E-03   0.256803E+00   0.500406E+00
 0.826000E+01   0.243522E+00   0.228561E-03   0.256655E+00   0.500406E+00
 0.827000E+01   0.243664E+00   0.235924E-03   0.256506E+00   0.500406E+00
 0.828000E+01   0.243809E+00   0.243242E-03   0.256353E+00   0.500406E+00
 0.829000E+01   0.243957E+00   0.250504E-03   0.256199E+00   0.500406E+00
 0.830000E+01   0.244107E+00   0.257698E-03   0.256041E+00   0.500406E+00
 0.831000E+01   0.244259E+00   0.264811E-03   0.255882E+00   0.500406E+00
 0.832000E+01   0.244414E+00   0.271831E-03   0.255720E+00   0.500406E+00
 0.833000E+01   0.244571E+00   0.278748E-03   0.255556E+00   0.500406E+00
 0.834000E+01   0.244730E+00   0.285548E-03   0.255390E+00   0.500406E+00
 0.835000E+01   0.244892E+00   0.292221E-03   0.255222E+00   0.500406E+00
 0.836000E+01   0.245056E+00   0.298757E-03   0.255051E+00   0.500406E+00
 0.837000E+01   0.245222E+00   0.305143E-03   0.254879E+00   0.500406E+00
 0.838000E+01   0.245389E+00   0.311369E-03   0.254705E+00   0.500406E+00
 0.839000E+01   0.245559E+00   0.317425E-03   0.254529E+00   0.500406E+00
 0.840000E+01   0.245731E+00   0.323302E-03   0.254352E+00   0.500406E+00
 0.841000E+01   0.245904E+00   0.328988E-03   0.254173E+00   0.500406E+00
 0.842000E+01   0.246079E+00   0.334476E-03   0.253992E+00   0.500406E+00
 0.843000E+01   0.246256E+00   0.339755E-03   0.253810E+00   0.500406E+00
 0.844000E+01   0.246434E+00   0.344817E-03   0.253627E+00   0.500406E+00
 0.845000E+01   0.246614E+00   0.349655E-03   0.253442E+00   0.500406E+00
 0.846000E+01   0.246795E+00   0.354258E-03   0.253257E+00   0.500406E+00
 0.847000E+01   0.246978E+00   0.358622E-03   0.253070E+00   0.500406E+00
 0.848000E+01   0.247161E+00   0.362737E-03   0.252882E+00   0.500406E+00
 0.849000E+01   0.247347E+00   0.366597E-03   0.252693E+00   0.500406E+00
 0.850000E+01   0.247533E+00   0.370197E-03   0.252503E+00   0.500406E+00
 0.851000E+01   0.247720E+00   0.373530E-03   0.252312E+00   0.500406E+00
 0.852000E+01   0.247908E+00   0.376591E-03   0.252121E+00   0.500406E+00
 0.853000E+01   0.248098E+00   0.379374E-03   0.251929E+00   0.500406E+00
 0.854000E+01   0.248288E+00   0.381876E-03   0.251736E+00   0.500406E+00
 0.855000E+01   0.248478E+00   0.384091E-03   0.251543E+00   0.500406E+00
 0.856000E+01   0.248670E+00   0.386018E-03   0.251350E+00   0.500406E+00
 0.857000E+01   0.248862E+00   0.387652E-03   0.251156E+00   0.500406E+00
 0.858000E+01   0.249055E+00   0.388990E-03   0.250962E+00   0.500406E+00
 0.859000E+01   0.249248E+00   0.390031E-03   0.250768E+00   0.500406E+00
 0.860000E+01   0.249441E+00   0.390774E-03   0.250574E+00   0.500406E+00
 0.861000E+01   0.249635E+00   0.391216E-03   0.250379E+00   0.500406E+00
 0.862000E+01   0.249829E+00   0.391357E-03   0.250185E+00   0.500406E+00
 0.863000E+01   0.250023E+00   0.391197E-03   0.249991E+00   0.500406E+00
 0.864000E+01   0.250218E+00   0.390736E-03   0.249797E+00   0.500406E+00
 0.865000E+01   0.250412E+00   0.389975E-03   0.249604E+00   0.500406E+00
 0.866000E+01   0.250606E+00   0.388914E-03   0.249411E+00   0.500406E+00
 0.867000E+01   0.250800E+00   0.387557E-03   0.249218E+00   0.500406E+00
 0.868000E+01   0.250994E+00   0.385904E-03   0.249026E+00   0.500406E+00
 0.869000E+01   0.251187E+00   0.383959E-03   0.248834E+00   0.500406E+00
 0.870000E+01   0.251380E+00   0.381725E-03   0.248644E+00   0.500406E+00
 0.871000E+01   0.251573E+00   0.379204E-03   0.248453E+00   0.500406E+00
 0.872000E+01   0.251765E+00   0.376402E-03   0.248264E+00   0.500406E+00
 0.873000E+01   0.251957E+00   0.373322E-03   0.248076E+00   0.500406E+00
 0.874000E+01   0.252147E+00   0.369969E-03   0.247889E+00   0.500406E+00
 0.875000E+01   0.252337E+00   0.366349E-03   0.247702E+00   0.500406E+00
 0.876000E+01   0.252526E+00   0.362467E-03   0.247517E+00   0.500406E+00
 0.877000E+01   0.252714E+00   0.358330E-03   0.247333E+00   0.500406E+00
 0.878000E+01   0.252902E+00   0.353943E-03   0.247150E+00   0.500406E+00
 0.879000E+01   0.253088E+00   0.349315E-03   0.246969E+00   0.500406E+00
 0.880000E+01   0.253273E+00   0.344451E-03   0.246789E+00   0.500406E+00
 0.881000E+01   0.253456E+00   0.339360E-03   0.246610E+00   0.500406E+00
 0.882000E+01   0.253639E+00   0.334049E-03   0.246433E+00   0.500406E+00
 0.883000E+01   0.253820E+00   0.328528E-03   0.246258E+00   0.500406E+00
 0.884000E+01   0.253999E+00   0.322803E-03   0.246084E+00   0.500406E+00
 0.885000E+01   0.254177E+00   0.316885E-03   0.245912E+00   0.500406E+00
 0.886000E+01   0.254354E+00   0.310782E-03   0.245741E+00   0.500406E+00
 0.887000E+01   0.254529E+00   0.304504E-03   0.245573E+00   0.500406E+00
 0.888000E+01   0.254702E+00   0.298061E-03   0.245406E+00   0.500406E+00
 0.889000E+01   0.254873E+00   0.291462E-03   0.245241E+00   0.500406E+00
 0.890000E+01   0.255042E+00   0.284718E-03   0.245079E+00   0.500406E+00
 0.891000E+01   0.255210E+00   0.277839E-03   0.244918E+00   0.500406E+00
 0.892000E+01   0.255375E+00   0.270836E-03   0.244760E+00   0.500406E+00
 0.893000E+01   0.255539E+00   0.263720E-03   0.244603E+00   0.500406E+00
 0.894000E+01   0.255700E+00   0.256501E-03   0.244449E+00   0.500406E+00
 0.895000E+01   0.255859E+00   0.249190E-03   0.244298E+00   0.500406E+00
 0.896000E+01   0.256016E+00   0.241799E-03   0.244148E+00   0.500406E+00
 0.897000E+01   0.256170E+00   0.234339E-03   0.244001E+00   0.500406E+00
 0.898000E+01   0.256322E+00   0.226821E-03   0.243857E+00   0.500406E+00
 0.899000E+01   0.256472E+00   0.219258E-03   0.243715E+00   0.500406E+00
 0.900000E+01   0.256619E+00   0.211660E-03   0.243575E+00   0.500406E+00
 0.901000E+01   0.256764E+00   0.204038E-03   0.243438E+00   0.500406E+00
 0.902000E+01   0.256906E+00   0.196406E-03   0.243304E+00   0.500406E+00
 0.903000E+01   0.257045E+00   0.188774E-03   0.243172E+00   0.500406E+00
 0.904000E+01   0.257181E+00   0.181153E-03   0.243043E+00   0.500406E+00
 0.905000E+01   0.257315E+00   0.173556E-03   0.242917E+00   0.500406E+00
 0.906000E+01   0.257446E+00   0.165994E-03   0.242794E+00   0.500406E+00
 0.907000E+01   0.257574E+00   0.158478E-03   0.242673E+00   0.500406E+00
 0.908000E+01   0.257699E+00   0.151020E-03   0.242556E+00   0.500406E+00
 0.909000E+01   0.257821E+00   0.143631E-03   0.242441E+00   0.500406E+00
 0.910000E+01   0.257940E+00   0.136322E-03   0.242329E+00   0.500406E+00
 0.911000E+01   0.258056E+00   0.129105E-03   0.242221E+00   0.500406E+00
 0.912000E+01   0.258169E+00   0.121989E-03   0.242115E+00   0.500406E+00
 0.913000E+01   0.258278E+00   0.114986E-03   0.242013E+00   0.500406E+00
 0.914000E+01   0.258385E+00   0.108107E-03   0.241913E+00   0.500406E+00
 0.915000E+01   0.258488E+00   0.101361E-03   0.241817E+00   0.500406E+00
 0.916000E+01   0.258587E+00   0.947597E-04   0.241724E+00   0.500406E+00
 0.917000E+01   0.258684E+00   0.883117E-04   0.241634E+00   0.500406E+00
 0.918000E+01   0.258777E+00   0.820273E-04   0.241547E+00   0.500406E+00
 0.919000E+01   0.258866E+00   0.759157E-04   0.241463E+00   0.500406E+00
 0.920000E+01   0.258953E+00   0.699862E-04   0.241383E+00   0.500406E+00
 0.921000E+01   0.259035E+00   0.642477E-04   0.241306E+00   0.500406E+00
 0.922000E+01   0.259114E+00   0.587087E-04   0.241233E+00   0.500406E+00
 0.923000E+01   0.259190E+00   0.533775E-04   0.241163E+00   0.500406E+00
 0.924000E+01   0.259262E+00   0.482621E-04   0.241096E+00   0.500406E+00
 0.925000E+01   0.259330E+00   0.433702E-04   0.241032E+00   0.500406E+00
 0.926000E+01   0.259395E+00   0.387091E-04   0.240972E+00   0.500406E+00
 0.927000E+01   0.259456E+00   0.342857E-04   0.240916E+00   0.500406E+00
 0.928000E+01   0.259513E+00   0.301066E-04   0.240863E+00   0.500406E+00
 0.929000E+01   0.259566E+00   0.261782E-04   0.240813E+00   0.500406E+00
 0.930000E+01   0.259616E+00   0.225061E-04   0.240767E+00   0.500406E+00
 0.931000E+01   0.259662E+00   0.190960E-04   0.240724E+00   0.500406E+00
 0.932000E+01   0.259705E+00   0.159528E-04   0.240685E+00   0.500406E+00
 0.933000E+01   0.259743E+00   0.130814E-04   0.240650E+00   0.500406E+00
 0.934000E+01   0.259778E+00   0.104859E-04   0.240618E+00   0.500406E+00
 0.935000E+01   0.259808E+00   0.817020E-05   0.240589E+00   0.500406E+00
 0.936000E+01   0.259835E+00   0.613780E-05   0.240564E+00   0.500406E+00
 0.937000E+01   0.259858E+00   0.439170E-05   0.240543E+00   0.500406E+00
 0.938000E+01   0.259878E+00   0.293451E-05   0.240525E+00   0.500406E+00
 0.939000E+01   0.259893E+00   0.176838E-05   0.240511E+00   0.500406E+00
 0.940000E+01   0.259905E+00   0.895052E-06   0.240500E+00   0.500406E+00
 0.941000E+01   0.259912E+00   0.315831E-06   0.240493E+00   0.500406E+00
 0.942000E+01   0.259916E+00   0.315761E-07   0.240490E+00   0.500406E+00
 0.943000E+01   0.259916E+00   0.427101E-07   0.240490E+00   0.500406E+00
 0.944000E+01   0.259912E+00   0.349216E-06   0.240494E+00   0.500406E+00
 0.945000E+01   0.259904E+00   0.950639E-06   0.240501E+00   0.500406E+00
 0.946000E+01   0.259892E+00   0.184608E-05   0.240512E+00   0.500406E+00
 0.947000E+01   0.259876E+00   0.303421E-05   0.240526E+00   0.500406E+00
 0.948000E+01   0.259857E+00   0.451327E-05   0.240544E+00   0.500406E+00
 0.949000E+01   0.259833E+00   0.628103E-05   0.240566E+00   0.500406E+00
 0.950000E+01   0.259806E+00   0.833489E-05   0.240591E+00   0.500406E+00
 0.951000E+01   0.259775E+00   0.106718E-04   0.240620E+00   0.500406E+00
 0.952000E+01   0.259740E+00   0.132882E-04   0.240652E+00   0.500406E+00
 0.953000E+01   0.259701E+00   0.161803E-04   0.240688E+00   0.500406E+00
 0.954000E+01   0.259659E+00   0.193437E-04   0.240728E+00   0.500406E+00
 0.955000E+01   0.259613E+00   0.227738E-04   0.240770E+00   0.500406E+00
 0.956000E+01   0.259563E+00   0.264653E-04   0.240817E+00   0.500406E+00
 0.957000E+01   0.259509E+00   0.304129E-04   0.240867E+00   0.500406E+00
 0.958000E+01   0.259451E+00   0.346106E-04   0.240920E+00   0.500406E+00
 0.959000E+01   0.259390E+00   0.390521E-04   0.240977E+00   0.500406E+00
 0.960000E+01   0.259325E+00   0.437308E-04   0.241037E+00   0.500406E+00
 0.961000E+01   0.259256E+00   0.486398E-04   0.241101E+00   0.500406E+00
 0.962000E+01   0.259184E+00   0.537717E-04   0.241168E+00   0.500406E+00
 0.963000E+01   0.259108E+00   0.591188E-04   0.241238E+00   0.500406E+00
 0.964000E+01   0.259029E+00   0.646731E-04   0.241312E+00   0.500406E+00
 0.965000E+01   0.258946E+00   0.704263E-04   0.241389E+00   0.500406E+00
 0.966000E+01   0.258860E+00   0.763698E-04   0.241470E+00   0.500406E+00
 0.967000E+01   0.258770E+00   0.824947E-04   0.241553E+00   0.500406E+00
 0.968000E+01   0.258677E+00   0.887917E-04   0.241640E+00   0.500406E+00
 0.969000E+01   0.258580E+00   0.952516E-04   0.241731E+00   0.500406E+00
 0.970000E+01   0.258480E+00   0.101864E-03   0.241824E+00   0.500406E+00
 0.971000E+01   0.258377E+00   0.108620E-03   0.241920E+00   0.500406E+00
 0.972000E+01   0.258270E+00   0.115509E-03   0.242020E+00   0.500406E+00
 0.973000E+01   0.258160E+00   0.122521E-03   0.242123E+00   0.500406E+00
 0.974000E+01   0.258047E+00   0.129644E-03   0.242229E+00   0.500406E+00
 0.975000E+01   0.257931E+00   0.136869E-03   0.242338E+00   0.500406E+00
 0.976000E+01   0.257812E+00   0.144184E-03   0.242450E+00   0.500406E+00
 0.977000E+01   0.257690E+00   0.151579E-03   0.242565E+00   0.500406E+00
 0.978000E+01   0.257564E+00   0.159042E-03   0.242682E+00   0.500406E+00
 0.979000E+01   0.257436E+00   0.166561E-03   0.242803E+00   0.500406E+00
 0.980000E+01   0.257305E+00   0.174126E-03   0.242927E+00   0.500406E+00
 0.981000E+01   0.257171E+00   0.181726E-03   0.243053E+00   0.500406E+00
 0.982000E+01   0.257034E+00   0.189347E-03   0.243182E+00   0.500406E+00
 0.983000E+01   0.256895E+00   0.196980E-03   0.243314E+00   0.500406E+00
 0.984000E+01   0.256753E+00   0.204612E-03   0.243448E+00   0.500406E+00
 0.985000E+01   0.256608E+00   0.212232E-03   0.243586E+00   0.500406E+00
 0.986000E+01   0.256461E+00   0.219827E-03   0.243725E+00   0.500406E+00
 0.987000E+01   0.256311E+00   0.227388E-03   0.243868E+00   0.500406E+00
 0.988000E+01   0.256159E+00   0.234901E-03   0.244012E+00   0.500406E+00
 0.989000E+01   0.256004E+00   0.242356E-03   0.244159E+00   0.500406E+00
 0.990000E+01   0.255847E+00   0.249742E-03   0.244309E+00   0.500406E+00
 0.991000E+01   0.255688E+00   0.257046E-03   0.244461E+00   0.500406E+00
 0.992000E+01   0.255526E+00   0.264257E-03   0.244615E+00   0.500406E+00
 0.993000E+01   0.255363E+00   0.271366E-03   0.244772E+00   0.500406E+00
 0.994000E+01   0.255197E+00   0.278360E-03   0.244930E+00   0.500406E+00
 0.995000E+01   0.255030E+00   0.285228E-03   0.245091E+00   0.500406E+00
 0.996000E+01   0.254860E+00   0.291962E-03   0.245254E+00   0.500406E+00
 0.997000E+01   0.254689E+00   0.298549E-03   0.245419E+00   0.500406E+00
 0.998000E+01   0.254515E+00   0.304980E-03   0.245585E+00   0.500406E+00
 0.999000E+01   0.254340E+00   0.311245E-03   0.245754E+00   0.500406E+00
 0.100000E+02   0.254164E+00   0.317334E-03   0.245925E+00   0.500406E+00
