 0.100000E-01  -0.500406E-02
 0.200000E-01  -0.100081E-01
 0.300000E-01  -0.150121E-01
 0.400000E-01  -0.200161E-01
 0.500000E-01  -0.250201E-01
 0.600000E-01  -0.300241E-01
 0.700000E-01  -0.350280E-01
 0.800000E-01  -0.400319E-01
 0.900000E-01  -0.450357E-01
 0.100000E+00  -0.500395E-01
 0.110000E+00  -0.550432E-01
 0.120000E+00  -0.600468E-01
 0.130000E+00  -0.650504E-01
 0.140000E+00  -0.700539E-01
 0.150000E+00  -0.750573E-01
 0.160000E+00  -0.800606E-01
 0.170000E+00  -0.850638E-01
 0.180000E+00  -0.900670E-01
 0.190000E+00  -0.950700E-01
 0.200000E+00  -0.100073E+00
 0.210000E+00  -0.105076E+00
 0.220000E+00  -0.110078E+00
 0.230000E+00  -0.115081E+00
 0.240000E+00  -0.120084E+00
 0.250000E+00  -0.125086E+00
 0.260000E+00  -0.130088E+00
 0.270000E+00  -0.135090E+00
 0.280000E+00  -0.140092E+00
 0.290000E+00  -0.145094E+00
 0.300000E+00  -0.150096E+00
 0.310000E+00  -0.155097E+00
 0.320000E+00  -0.160099E+00
 0.330000E+00  -0.165100E+00
 0.340000E+00  -0.170101E+00
 0.350000E+00  -0.175102E+00
 0.360000E+00  -0.180103E+00
 0.370000E+00  -0.185103E+00
 0.380000E+00  -0.190104E+00
 0.390000E+00  -0.195104E+00
 0.400000E+00  -0.200104E+00
 0.410000E+00  -0.205105E+00
 0.420000E+00  -0.210104E+00
 0.430000E+00  -0.215104E+00
 0.440000E+00  -0.220104E+00
 0.450000E+00  -0.225103E+00
 0.460000E+00  -0.230102E+00
 0.470000E+00  -0.235102E+00
 0.480000E+00  -0.240101E+00
 0.490000E+00  -0.245099E+00
 0.500000E+00  -0.250098E+00
 0.510000E+00  -0.255097E+00
 0.520000E+00  -0.260095E+00
 0.530000E+00  -0.265093E+00
 0.540000E+00  -0.270092E+00
 0.550000E+00  -0.275090E+00
 0.560000E+00  -0.280088E+00
 0.570000E+00  -0.285085E+00
 0.580000E+00  -0.290083E+00
 0.590000E+00  -0.295080E+00
 0.600000E+00  -0.300078E+00
 0.610000E+00  -0.305075E+00
 0.620000E+00  -0.310072E+00
 0.630000E+00  -0.315070E+00
 0.640000E+00  -0.320067E+00
 0.650000E+00  -0.325064E+00
 0.660000E+00  -0.330060E+00
 0.670000E+00  -0.335057E+00
 0.680000E+00  -0.340054E+00
 0.690000E+00  -0.345050E+00
 0.700000E+00  -0.350047E+00
 0.710000E+00  -0.355044E+00
 0.720000E+00  -0.360040E+00
 0.730000E+00  -0.365036E+00
 0.740000E+00  -0.370033E+00
 0.750000E+00  -0.375029E+00
 0.760000E+00  -0.380025E+00
 0.770000E+00  -0.385022E+00
 0.780000E+00  -0.390018E+00
 0.790000E+00  -0.395014E+00
 0.800000E+00  -0.400010E+00
 0.810000E+00  -0.405007E+00
 0.820000E+00  -0.410003E+00
 0.830000E+00  -0.414999E+00
 0.840000E+00  -0.419995E+00
 0.850000E+00  -0.424992E+00
 0.860000E+00  -0.429988E+00
 0.870000E+00  -0.434984E+00
 0.880000E+00  -0.439981E+00
 0.890000E+00  -0.444977E+00
 0.900000E+00  -0.449974E+00
 0.910000E+00  -0.454970E+00
 0.920000E+00  -0.459967E+00
 0.930000E+00  -0.464963E+00
 0.940000E+00  -0.469960E+00
 0.950000E+00  -0.474957E+00
 0.960000E+00  -0.479954E+00
 0.970000E+00  -0.484951E+00
 0.980000E+00  -0.489948E+00
 0.990000E+00  -0.494945E+00
 0.100000E+01  -0.499943E+00
 0.101000E+01  -0.504940E+00
 0.102000E+01  -0.509938E+00
 0.103000E+01  -0.514935E+00
 0.104000E+01  -0.519933E+00
 0.105000E+01  -0.524931E+00
 0.106000E+01  -0.529929E+00
 0.107000E+01  -0.534927E+00
 0.108000E+01  -0.539925E+00
 0.109000E+01  -0.544924E+00
 0.110000E+01  -0.549922E+00
 0.111000E+01  -0.554921E+00
 0.112000E+01  -0.559920E+00
 0.113000E+01  -0.564919E+00
 0.114000E+01  -0.569918E+00
 0.115000E+01  -0.574917E+00
 0.116000E+01  -0.579917E+00
 0.117000E+01  -0.584916E+00
 0.118000E+01  -0.589916E+00
 0.119000E+01  -0.594916E+00
 0.120000E+01  -0.599916E+00
 0.121000E+01  -0.604916E+00
 0.122000E+01  -0.609916E+00
 0.123000E+01  -0.614917E+00
 0.124000E+01  -0.619917E+00
 0.125000E+01  -0.624918E+00
 0.126000E+01  -0.629919E+00
 0.127000E+01  -0.634920E+00
 0.128000E+01  -0.639921E+00
 0.129000E+01  -0.644923E+00
 0.130000E+01  -0.649924E+00
 0.131000E+01  -0.654926E+00
 0.132000E+01  -0.659927E+00
 0.133000E+01  -0.664929E+00
 0.134000E+01  -0.669931E+00
 0.135000E+01  -0.674933E+00
 0.136000E+01  -0.679935E+00
 0.137000E+01  -0.684938E+00
 0.138000E+01  -0.689940E+00
 0.139000E+01  -0.694943E+00
 0.140000E+01  -0.699945E+00
 0.141000E+01  -0.704948E+00
 0.142000E+01  -0.709951E+00
 0.143000E+01  -0.714953E+00
 0.144000E+01  -0.719956E+00
 0.145000E+01  -0.724959E+00
 0.146000E+01  -0.729963E+00
 0.147000E+01  -0.734966E+00
 0.148000E+01  -0.739969E+00
 0.149000E+01  -0.744972E+00
 0.150000E+01  -0.749976E+00
 0.151000E+01  -0.754979E+00
 0.152000E+01  -0.759982E+00
 0.153000E+01  -0.764986E+00
 0.154000E+01  -0.769989E+00
 0.155000E+01  -0.774993E+00
 0.156000E+01  -0.779996E+00
 0.157000E+01  -0.784999E+00
 0.158000E+01  -0.790003E+00
 0.159000E+01  -0.795006E+00
 0.160000E+01  -0.800010E+00
 0.161000E+01  -0.805013E+00
 0.162000E+01  -0.810017E+00
 0.163000E+01  -0.815020E+00
 0.164000E+01  -0.820023E+00
 0.165000E+01  -0.825027E+00
 0.166000E+01  -0.830030E+00
 0.167000E+01  -0.835033E+00
 0.168000E+01  -0.840036E+00
 0.169000E+01  -0.845039E+00
 0.170000E+01  -0.850042E+00
 0.171000E+01  -0.855045E+00
 0.172000E+01  -0.860048E+00
 0.173000E+01  -0.865050E+00
 0.174000E+01  -0.870053E+00
 0.175000E+01  -0.875056E+00
 0.176000E+01  -0.880058E+00
 0.177000E+01  -0.885060E+00
 0.178000E+01  -0.890063E+00
 0.179000E+01  -0.895065E+00
 0.180000E+01  -0.900067E+00
 0.181000E+01  -0.905068E+00
 0.182000E+01  -0.910070E+00
 0.183000E+01  -0.915072E+00
 0.184000E+01  -0.920073E+00
 0.185000E+01  -0.925075E+00
 0.186000E+01  -0.930076E+00
 0.187000E+01  -0.935077E+00
 0.188000E+01  -0.940078E+00
 0.189000E+01  -0.945078E+00
 0.190000E+01  -0.950079E+00
 0.191000E+01  -0.955080E+00
 0.192000E+01  -0.960080E+00
 0.193000E+01  -0.965080E+00
 0.194000E+01  -0.970080E+00
 0.195000E+01  -0.975080E+00
 0.196000E+01  -0.980080E+00
 0.197000E+01  -0.985079E+00
 0.198000E+01  -0.990079E+00
 0.199000E+01  -0.995078E+00
 0.200000E+01  -0.100008E+01
 0.201000E+01  -0.100508E+01
 0.202000E+01  -0.101008E+01
 0.203000E+01  -0.101507E+01
 0.204000E+01  -0.102007E+01
 0.205000E+01  -0.102507E+01
 0.206000E+01  -0.103007E+01
 0.207000E+01  -0.103507E+01
 0.208000E+01  -0.104007E+01
 0.209000E+01  -0.104506E+01
 0.210000E+01  -0.105006E+01
 0.211000E+01  -0.105506E+01
 0.212000E+01  -0.106006E+01
 0.213000E+01  -0.106505E+01
 0.214000E+01  -0.107005E+01
 0.215000E+01  -0.107505E+01
 0.216000E+01  -0.108005E+01
 0.217000E+01  -0.108504E+01
 0.218000E+01  -0.109004E+01
 0.219000E+01  -0.109504E+01
 0.220000E+01  -0.110003E+01
 0.221000E+01  -0.110503E+01
 0.222000E+01  -0.111003E+01
 0.223000E+01  -0.111502E+01
 0.224000E+01  -0.112002E+01
 0.225000E+01  -0.112502E+01
 0.226000E+01  -0.113001E+01
 0.227000E+01  -0.113501E+01
 0.228000E+01  -0.114000E+01
 0.229000E+01  -0.114500E+01
 0.230000E+01  -0.115000E+01
 0.231000E+01  -0.115499E+01
 0.232000E+01  -0.115999E+01
 0.233000E+01  -0.116499E+01
 0.234000E+01  -0.116998E+01
 0.235000E+01  -0.117498E+01
 0.236000E+01  -0.117997E+01
 0.237000E+01  -0.118497E+01
 0.238000E+01  -0.118997E+01
 0.239000E+01  -0.119496E+01
 0.240000E+01  -0.119996E+01
 0.241000E+01  -0.120496E+01
 0.242000E+01  -0.120995E+01
 0.243000E+01  -0.121495E+01
 0.244000E+01  -0.121995E+01
 0.245000E+01  -0.122494E+01
 0.246000E+01  -0.122994E+01
 0.247000E+01  -0.123494E+01
 0.248000E+01  -0.123993E+01
 0.249000E+01  -0.124493E+01
 0.250000E+01  -0.124993E+01
 0.251000E+01  -0.125492E+01
 0.252000E+01  -0.125992E+01
 0.253000E+01  -0.126492E+01
 0.254000E+01  -0.126992E+01
 0.255000E+01  -0.127491E+01
 0.256000E+01  -0.127991E+01
 0.257000E+01  -0.128491E+01
 0.258000E+01  -0.128991E+01
 0.259000E+01  -0.129490E+01
 0.260000E+01  -0.129990E+01
 0.261000E+01  -0.130490E+01
 0.262000E+01  -0.130990E+01
 0.263000E+01  -0.131490E+01
 0.264000E+01  -0.131990E+01
 0.265000E+01  -0.132490E+01
 0.266000E+01  -0.132989E+01
 0.267000E+01  -0.133489E+01
 0.268000E+01  -0.133989E+01
 0.269000E+01  -0.134489E+01
 0.270000E+01  -0.134989E+01
 0.271000E+01  -0.135489E+01
 0.272000E+01  -0.135989E+01
 0.273000E+01  -0.136489E+01
 0.274000E+01  -0.136989E+01
 0.275000E+01  -0.137489E+01
 0.276000E+01  -0.137989E+01
 0.277000E+01  -0.138489E+01
 0.278000E+01  -0.138989E+01
 0.279000E+01  -0.139489E+01
 0.280000E+01  -0.139990E+01
 0.281000E+01  -0.140490E+01
 0.282000E+01  -0.140990E+01
 0.283000E+01  -0.141490E+01
 0.284000E+01  -0.141990E+01
 0.285000E+01  -0.142490E+01
 0.286000E+01  -0.142991E+01
 0.287000E+01  -0.143491E+01
 0.288000E+01  -0.143991E+01
 0.289000E+01  -0.144491E+01
 0.290000E+01  -0.144991E+01
 0.291000E+01  -0.145492E+01
 0.292000E+01  -0.145992E+01
 0.293000E+01  -0.146492E+01
 0.294000E+01  -0.146993E+01
 0.295000E+01  -0.147493E+01
 0.296000E+01  -0.147993E+01
 0.297000E+01  -0.148493E+01
 0.298000E+01  -0.148994E+01
 0.299000E+01  -0.149494E+01
 0.300000E+01  -0.149995E+01
 0.301000E+01  -0.150495E+01
 0.302000E+01  -0.150995E+01
 0.303000E+01  -0.151496E+01
 0.304000E+01  -0.151996E+01
 0.305000E+01  -0.152496E+01
 0.306000E+01  -0.152997E+01
 0.307000E+01  -0.153497E+01
 0.308000E+01  -0.153998E+01
 0.309000E+01  -0.154498E+01
 0.310000E+01  -0.154998E+01
 0.311000E+01  -0.155499E+01
 0.312000E+01  -0.155999E+01
 0.313000E+01  -0.156500E+01
 0.314000E+01  -0.157000E+01
 0.315000E+01  -0.157500E+01
 0.316000E+01  -0.158001E+01
 0.317000E+01  -0.158501E+01
 0.318000E+01  -0.159002E+01
 0.319000E+01  -0.159502E+01
 0.320000E+01  -0.160002E+01
 0.321000E+01  -0.160503E+01
 0.322000E+01  -0.161003E+01
 0.323000E+01  -0.161504E+01
 0.324000E+01  -0.162004E+01
 0.325000E+01  -0.162504E+01
 0.326000E+01  -0.163005E+01
 0.327000E+01  -0.163505E+01
 0.328000E+01  -0.164005E+01
 0.329000E+01  -0.164506E+01
 0.330000E+01  -0.165006E+01
 0.331000E+01  -0.165506E+01
 0.332000E+01  -0.166007E+01
 0.333000E+01  -0.166507E+01
 0.334000E+01  -0.167007E+01
 0.335000E+01  -0.167508E+01
 0.336000E+01  -0.168008E+01
 0.337000E+01  -0.168508E+01
 0.338000E+01  -0.169008E+01
 0.339000E+01  -0.169509E+01
 0.340000E+01  -0.170009E+01
 0.341000E+01  -0.170509E+01
 0.342000E+01  -0.171009E+01
 0.343000E+01  -0.171509E+01
 0.344000E+01  -0.172010E+01
 0.345000E+01  -0.172510E+01
 0.346000E+01  -0.173010E+01
 0.347000E+01  -0.173510E+01
 0.348000E+01  -0.174010E+01
 0.349000E+01  -0.174510E+01
 0.350000E+01  -0.175010E+01
 0.351000E+01  -0.175510E+01
 0.352000E+01  -0.176010E+01
 0.353000E+01  -0.176510E+01
 0.354000E+01  -0.177010E+01
 0.355000E+01  -0.177510E+01
 0.356000E+01  -0.178010E+01
 0.357000E+01  -0.178510E+01
 0.358000E+01  -0.179010E+01
 0.359000E+01  -0.179510E+01
 0.360000E+01  -0.180010E+01
 0.361000E+01  -0.180510E+01
 0.362000E+01  -0.181010E+01
 0.363000E+01  -0.181510E+01
 0.364000E+01  -0.182010E+01
 0.365000E+01  -0.182510E+01
 0.366000E+01  -0.183010E+01
 0.367000E+01  -0.183509E+01
 0.368000E+01  -0.184009E+01
 0.369000E+01  -0.184509E+01
 0.370000E+01  -0.185009E+01
 0.371000E+01  -0.185509E+01
 0.372000E+01  -0.186008E+01
 0.373000E+01  -0.186508E+01
 0.374000E+01  -0.187008E+01
 0.375000E+01  -0.187508E+01
 0.376000E+01  -0.188007E+01
 0.377000E+01  -0.188507E+01
 0.378000E+01  -0.189007E+01
 0.379000E+01  -0.189506E+01
 0.380000E+01  -0.190006E+01
 0.381000E+01  -0.190506E+01
 0.382000E+01  -0.191005E+01
 0.383000E+01  -0.191505E+01
 0.384000E+01  -0.192005E+01
 0.385000E+01  -0.192504E+01
 0.386000E+01  -0.193004E+01
 0.387000E+01  -0.193504E+01
 0.388000E+01  -0.194003E+01
 0.389000E+01  -0.194503E+01
 0.390000E+01  -0.195003E+01
 0.391000E+01  -0.195502E+01
 0.392000E+01  -0.196002E+01
 0.393000E+01  -0.196501E+01
 0.394000E+01  -0.197001E+01
 0.395000E+01  -0.197501E+01
 0.396000E+01  -0.198000E+01
 0.397000E+01  -0.198500E+01
 0.398000E+01  -0.199000E+01
 0.399000E+01  -0.199499E+01
 0.400000E+01  -0.199999E+01
 0.401000E+01  -0.200498E+01
 0.402000E+01  -0.200998E+01
 0.403000E+01  -0.201498E+01
 0.404000E+01  -0.201997E+01
 0.405000E+01  -0.202497E+01
 0.406000E+01  -0.202997E+01
 0.407000E+01  -0.203496E+01
 0.408000E+01  -0.203996E+01
 0.409000E+01  -0.204496E+01
 0.410000E+01  -0.204995E+01
 0.411000E+01  -0.205495E+01
 0.412000E+01  -0.205995E+01
 0.413000E+01  -0.206495E+01
 0.414000E+01  -0.206994E+01
 0.415000E+01  -0.207494E+01
 0.416000E+01  -0.207994E+01
 0.417000E+01  -0.208494E+01
 0.418000E+01  -0.208993E+01
 0.419000E+01  -0.209493E+01
 0.420000E+01  -0.209993E+01
 0.421000E+01  -0.210493E+01
 0.422000E+01  -0.210993E+01
 0.423000E+01  -0.211492E+01
 0.424000E+01  -0.211992E+01
 0.425000E+01  -0.212492E+01
 0.426000E+01  -0.212992E+01
 0.427000E+01  -0.213492E+01
 0.428000E+01  -0.213992E+01
 0.429000E+01  -0.214492E+01
 0.430000E+01  -0.214992E+01
 0.431000E+01  -0.215492E+01
 0.432000E+01  -0.215992E+01
 0.433000E+01  -0.216492E+01
 0.434000E+01  -0.216992E+01
 0.435000E+01  -0.217492E+01
 0.436000E+01  -0.217992E+01
 0.437000E+01  -0.218492E+01
 0.438000E+01  -0.218992E+01
 0.439000E+01  -0.219492E+01
 0.440000E+01  -0.219992E+01
 0.441000E+01  -0.220492E+01
 0.442000E+01  -0.220992E+01
 0.443000E+01  -0.221492E+01
 0.444000E+01  -0.221992E+01
 0.445000E+01  -0.222493E+01
 0.446000E+01  -0.222993E+01
 0.447000E+01  -0.223493E+01
 0.448000E+01  -0.223993E+01
 0.449000E+01  -0.224493E+01
 0.450000E+01  -0.224994E+01
 0.451000E+01  -0.225494E+01
 0.452000E+01  -0.225994E+01
 0.453000E+01  -0.226494E+01
 0.454000E+01  -0.226994E+01
 0.455000E+01  -0.227495E+01
 0.456000E+01  -0.227995E+01
 0.457000E+01  -0.228495E+01
 0.458000E+01  -0.228996E+01
 0.459000E+01  -0.229496E+01
 0.460000E+01  -0.229996E+01
 0.461000E+01  -0.230497E+01
 0.462000E+01  -0.230997E+01
 0.463000E+01  -0.231497E+01
 0.464000E+01  -0.231998E+01
 0.465000E+01  -0.232498E+01
 0.466000E+01  -0.232998E+01
 0.467000E+01  -0.233499E+01
 0.468000E+01  -0.233999E+01
 0.469000E+01  -0.234499E+01
 0.470000E+01  -0.235000E+01
 0.471000E+01  -0.235500E+01
 0.472000E+01  -0.236000E+01
 0.473000E+01  -0.236501E+01
 0.474000E+01  -0.237001E+01
 0.475000E+01  -0.237501E+01
 0.476000E+01  -0.238002E+01
 0.477000E+01  -0.238502E+01
 0.478000E+01  -0.239002E+01
 0.479000E+01  -0.239503E+01
 0.480000E+01  -0.240003E+01
 0.481000E+01  -0.240503E+01
 0.482000E+01  -0.241004E+01
 0.483000E+01  -0.241504E+01
 0.484000E+01  -0.242004E+01
 0.485000E+01  -0.242504E+01
 0.486000E+01  -0.243005E+01
 0.487000E+01  -0.243505E+01
 0.488000E+01  -0.244005E+01
 0.489000E+01  -0.244506E+01
 0.490000E+01  -0.245006E+01
 0.491000E+01  -0.245506E+01
 0.492000E+01  -0.246006E+01
 0.493000E+01  -0.246506E+01
 0.494000E+01  -0.247007E+01
 0.495000E+01  -0.247507E+01
 0.496000E+01  -0.248007E+01
 0.497000E+01  -0.248507E+01
 0.498000E+01  -0.249007E+01
 0.499000E+01  -0.249507E+01
 0.500000E+01  -0.250008E+01
 0.501000E+01  -0.250508E+01
 0.502000E+01  -0.251008E+01
 0.503000E+01  -0.251508E+01
 0.504000E+01  -0.252008E+01
 0.505000E+01  -0.252508E+01
 0.506000E+01  -0.253008E+01
 0.507000E+01  -0.253508E+01
 0.508000E+01  -0.254008E+01
 0.509000E+01  -0.254508E+01
 0.510000E+01  -0.255008E+01
 0.511000E+01  -0.255508E+01
 0.512000E+01  -0.256008E+01
 0.513000E+01  -0.256508E+01
 0.514000E+01  -0.257008E+01
 0.515000E+01  -0.257508E+01
 0.516000E+01  -0.258008E+01
 0.517000E+01  -0.258507E+01
 0.518000E+01  -0.259007E+01
 0.519000E+01  -0.259507E+01
 0.520000E+01  -0.260007E+01
 0.521000E+01  -0.260507E+01
 0.522000E+01  -0.261007E+01
 0.523000E+01  -0.261506E+01
 0.524000E+01  -0.262006E+01
 0.525000E+01  -0.262506E+01
 0.526000E+01  -0.263006E+01
 0.527000E+01  -0.263505E+01
 0.528000E+01  -0.264005E+01
 0.529000E+01  -0.264505E+01
 0.530000E+01  -0.265005E+01
 0.531000E+01  -0.265504E+01
 0.532000E+01  -0.266004E+01
 0.533000E+01  -0.266504E+01
 0.534000E+01  -0.267003E+01
 0.535000E+01  -0.267503E+01
 0.536000E+01  -0.268003E+01
 0.537000E+01  -0.268502E+01
 0.538000E+01  -0.269002E+01
 0.539000E+01  -0.269502E+01
 0.540000E+01  -0.270001E+01
 0.541000E+01  -0.270501E+01
 0.542000E+01  -0.271001E+01
 0.543000E+01  -0.271500E+01
 0.544000E+01  -0.272000E+01
 0.545000E+01  -0.272499E+01
 0.546000E+01  -0.272999E+01
 0.547000E+01  -0.273499E+01
 0.548000E+01  -0.273998E+01
 0.549000E+01  -0.274498E+01
 0.550000E+01  -0.274998E+01
 0.551000E+01  -0.275497E+01
 0.552000E+01  -0.275997E+01
 0.553000E+01  -0.276496E+01
 0.554000E+01  -0.276996E+01
 0.555000E+01  -0.277496E+01
 0.556000E+01  -0.277995E+01
 0.557000E+01  -0.278495E+01
 0.558000E+01  -0.278995E+01
 0.559000E+01  -0.279494E+01
 0.560000E+01  -0.279994E+01
 0.561000E+01  -0.280494E+01
 0.562000E+01  -0.280993E+01
 0.563000E+01  -0.281493E+01
 0.564000E+01  -0.281993E+01
 0.565000E+01  -0.282492E+01
 0.566000E+01  -0.282992E+01
 0.567000E+01  -0.283492E+01
 0.568000E+01  -0.283992E+01
 0.569000E+01  -0.284491E+01
 0.570000E+01  -0.284991E+01
 0.571000E+01  -0.285491E+01
 0.572000E+01  -0.285991E+01
 0.573000E+01  -0.286491E+01
 0.574000E+01  -0.286990E+01
 0.575000E+01  -0.287490E+01
 0.576000E+01  -0.287990E+01
 0.577000E+01  -0.288490E+01
 0.578000E+01  -0.288990E+01
 0.579000E+01  -0.289490E+01
 0.580000E+01  -0.289989E+01
 0.581000E+01  -0.290489E+01
 0.582000E+01  -0.290989E+01
 0.583000E+01  -0.291489E+01
 0.584000E+01  -0.291989E+01
 0.585000E+01  -0.292489E+01
 0.586000E+01  -0.292989E+01
 0.587000E+01  -0.293489E+01
 0.588000E+01  -0.293989E+01
 0.589000E+01  -0.294489E+01
 0.590000E+01  -0.294989E+01
 0.591000E+01  -0.295489E+01
 0.592000E+01  -0.295989E+01
 0.593000E+01  -0.296489E+01
 0.594000E+01  -0.296990E+01
 0.595000E+01  -0.297490E+01
 0.596000E+01  -0.297990E+01
 0.597000E+01  -0.298490E+01
 0.598000E+01  -0.298990E+01
 0.599000E+01  -0.299490E+01
 0.600000E+01  -0.299991E+01
 0.601000E+01  -0.300491E+01
 0.602000E+01  -0.300991E+01
 0.603000E+01  -0.301491E+01
 0.604000E+01  -0.301991E+01
 0.605000E+01  -0.302492E+01
 0.606000E+01  -0.302992E+01
 0.607000E+01  -0.303492E+01
 0.608000E+01  -0.303993E+01
 0.609000E+01  -0.304493E+01
 0.610000E+01  -0.304993E+01
 0.611000E+01  -0.305493E+01
 0.612000E+01  -0.305994E+01
 0.613000E+01  -0.306494E+01
 0.614000E+01  -0.306994E+01
 0.615000E+01  -0.307495E+01
 0.616000E+01  -0.307995E+01
 0.617000E+01  -0.308496E+01
 0.618000E+01  -0.308996E+01
 0.619000E+01  -0.309496E+01
 0.620000E+01  -0.309997E+01
 0.621000E+01  -0.310497E+01
 0.622000E+01  -0.310997E+01
 0.623000E+01  -0.311498E+01
 0.624000E+01  -0.311998E+01
 0.625000E+01  -0.312499E+01
 0.626000E+01  -0.312999E+01
 0.627000E+01  -0.313499E+01
 0.628000E+01  -0.314000E+01
 0.629000E+01  -0.314500E+01
 0.630000E+01  -0.315001E+01
 0.631000E+01  -0.315501E+01
 0.632000E+01  -0.316002E+01
 0.633000E+01  -0.316502E+01
 0.634000E+01  -0.317002E+01
 0.635000E+01  -0.317503E+01
 0.636000E+01  -0.318003E+01
 0.637000E+01  -0.318503E+01
 0.638000E+01  -0.319004E+01
 0.639000E+01  -0.319504E+01
 0.640000E+01  -0.320005E+01
 0.641000E+01  -0.320505E+01
 0.642000E+01  -0.321005E+01
 0.643000E+01  -0.321506E+01
 0.644000E+01  -0.322006E+01
 0.645000E+01  -0.322506E+01
 0.646000E+01  -0.323007E+01
 0.647000E+01  -0.323507E+01
 0.648000E+01  -0.324007E+01
 0.649000E+01  -0.324508E+01
 0.650000E+01  -0.325008E+01
 0.651000E+01  -0.325508E+01
 0.652000E+01  -0.326008E+01
 0.653000E+01  -0.326509E+01
 0.654000E+01  -0.327009E+01
 0.655000E+01  -0.327509E+01
 0.656000E+01  -0.328009E+01
 0.657000E+01  -0.328509E+01
 0.658000E+01  -0.329010E+01
 0.659000E+01  -0.329510E+01
 0.660000E+01  -0.330010E+01
 0.661000E+01  -0.330510E+01
 0.662000E+01  -0.331010E+01
 0.663000E+01  -0.331510E+01
 0.664000E+01  -0.332010E+01
 0.665000E+01  -0.332510E+01
 0.666000E+01  -0.333010E+01
 0.667000E+01  -0.333510E+01
 0.668000E+01  -0.334010E+01
 0.669000E+01  -0.334510E+01
 0.670000E+01  -0.335010E+01
 0.671000E+01  -0.335510E+01
 0.672000E+01  -0.336010E+01
 0.673000E+01  -0.336510E+01
 0.674000E+01  -0.337010E+01
 0.675000E+01  -0.337510E+01
 0.676000E+01  -0.338010E+01
 0.677000E+01  -0.338510E+01
 0.678000E+01  -0.339010E+01
 0.679000E+01  -0.339510E+01
 0.680000E+01  -0.340010E+01
 0.681000E+01  -0.340509E+01
 0.682000E+01  -0.341009E+01
 0.683000E+01  -0.341509E+01
 0.684000E+01  -0.342009E+01
 0.685000E+01  -0.342509E+01
 0.686000E+01  -0.343008E+01
 0.687000E+01  -0.343508E+01
 0.688000E+01  -0.344008E+01
 0.689000E+01  -0.344508E+01
 0.690000E+01  -0.345007E+01
 0.691000E+01  -0.345507E+01
 0.692000E+01  -0.346007E+01
 0.693000E+01  -0.346506E+01
 0.694000E+01  -0.347006E+01
 0.695000E+01  -0.347506E+01
 0.696000E+01  -0.348005E+01
 0.697000E+01  -0.348505E+01
 0.698000E+01  -0.349005E+01
 0.699000E+01  -0.349504E+01
 0.700000E+01  -0.350004E+01
 0.701000E+01  -0.350504E+01
 0.702000E+01  -0.351003E+01
 0.703000E+01  -0.351503E+01
 0.704000E+01  -0.352003E+01
 0.705000E+01  -0.352502E+01
 0.706000E+01  -0.353002E+01
 0.707000E+01  -0.353502E+01
 0.708000E+01  -0.354001E+01
 0.709000E+01  -0.354501E+01
 0.710000E+01  -0.355000E+01
 0.711000E+01  -0.355500E+01
 0.712000E+01  -0.356000E+01
 0.713000E+01  -0.356499E+01
 0.714000E+01  -0.356999E+01
 0.715000E+01  -0.357499E+01
 0.716000E+01  -0.357998E+01
 0.717000E+01  -0.358498E+01
 0.718000E+01  -0.358997E+01
 0.719000E+01  -0.359497E+01
 0.720000E+01  -0.359997E+01
 0.721000E+01  -0.360496E+01
 0.722000E+01  -0.360996E+01
 0.723000E+01  -0.361496E+01
 0.724000E+01  -0.361996E+01
 0.725000E+01  -0.362495E+01
 0.726000E+01  -0.362995E+01
 0.727000E+01  -0.363495E+01
 0.728000E+01  -0.363994E+01
 0.729000E+01  -0.364494E+01
 0.730000E+01  -0.364994E+01
 0.731000E+01  -0.365494E+01
 0.732000E+01  -0.365993E+01
 0.733000E+01  -0.366493E+01
 0.734000E+01  -0.366993E+01
 0.735000E+01  -0.367493E+01
 0.736000E+01  -0.367993E+01
 0.737000E+01  -0.368492E+01
 0.738000E+01  -0.368992E+01
 0.739000E+01  -0.369492E+01
 0.740000E+01  -0.369992E+01
 0.741000E+01  -0.370492E+01
 0.742000E+01  -0.370992E+01
 0.743000E+01  -0.371492E+01
 0.744000E+01  -0.371992E+01
 0.745000E+01  -0.372492E+01
 0.746000E+01  -0.372992E+01
 0.747000E+01  -0.373492E+01
 0.748000E+01  -0.373992E+01
 0.749000E+01  -0.374492E+01
 0.750000E+01  -0.374992E+01
 0.751000E+01  -0.375492E+01
 0.752000E+01  -0.375992E+01
 0.753000E+01  -0.376492E+01
 0.754000E+01  -0.376992E+01
 0.755000E+01  -0.377492E+01
 0.756000E+01  -0.377992E+01
 0.757000E+01  -0.378492E+01
 0.758000E+01  -0.378992E+01
 0.759000E+01  -0.379493E+01
 0.760000E+01  -0.379993E+01
 0.761000E+01  -0.380493E+01
 0.762000E+01  -0.380993E+01
 0.763000E+01  -0.381493E+01
 0.764000E+01  -0.381993E+01
 0.765000E+01  -0.382494E+01
 0.766000E+01  -0.382994E+01
 0.767000E+01  -0.383494E+01
 0.768000E+01  -0.383994E+01
 0.769000E+01  -0.384495E+01
 0.770000E+01  -0.384995E+01
 0.771000E+01  -0.385495E+01
 0.772000E+01  -0.385996E+01
 0.773000E+01  -0.386496E+01
 0.774000E+01  -0.386996E+01
 0.775000E+01  -0.387496E+01
 0.776000E+01  -0.387997E+01
 0.777000E+01  -0.388497E+01
 0.778000E+01  -0.388997E+01
 0.779000E+01  -0.389498E+01
 0.780000E+01  -0.389998E+01
 0.781000E+01  -0.390498E+01
 0.782000E+01  -0.390999E+01
 0.783000E+01  -0.391499E+01
 0.784000E+01  -0.392000E+01
 0.785000E+01  -0.392500E+01
 0.786000E+01  -0.393000E+01
 0.787000E+01  -0.393501E+01
 0.788000E+01  -0.394001E+01
 0.789000E+01  -0.394501E+01
 0.790000E+01  -0.395002E+01
 0.791000E+01  -0.395502E+01
 0.792000E+01  -0.396002E+01
 0.793000E+01  -0.396503E+01
 0.794000E+01  -0.397003E+01
 0.795000E+01  -0.397503E+01
 0.796000E+01  -0.398004E+01
 0.797000E+01  -0.398504E+01
 0.798000E+01  -0.399004E+01
 0.799000E+01  -0.399504E+01
 0.800000E+01  -0.400005E+01
 0.801000E+01  -0.400505E+01
 0.802000E+01  -0.401005E+01
 0.803000E+01  -0.401505E+01
 0.804000E+01  -0.402006E+01
 0.805000E+01  -0.402506E+01
 0.806000E+01  -0.403006E+01
 0.807000E+01  -0.403506E+01
 0.808000E+01  -0.404007E+01
 0.809000E+01  -0.404507E+01
 0.810000E+01  -0.405007E+01
 0.811000E+01  -0.405507E+01
 0.812000E+01  -0.406007E+01
 0.813000E+01  -0.406507E+01
 0.814000E+01  -0.407008E+01
 0.815000E+01  -0.407508E+01
 0.816000E+01  -0.408008E+01
 0.817000E+01  -0.408508E+01
 0.818000E+01  -0.409008E+01
 0.819000E+01  -0.409508E+01
 0.820000E+01  -0.410008E+01
 0.821000E+01  -0.410508E+01
 0.822000E+01  -0.411008E+01
 0.823000E+01  -0.411508E+01
 0.824000E+01  -0.412008E+01
 0.825000E+01  -0.412508E+01
 0.826000E+01  -0.413008E+01
 0.827000E+01  -0.413508E+01
 0.828000E+01  -0.414008E+01
 0.829000E+01  -0.414508E+01
 0.830000E+01  -0.415008E+01
 0.831000E+01  -0.415507E+01
 0.832000E+01  -0.416007E+01
 0.833000E+01  -0.416507E+01
 0.834000E+01  -0.417007E+01
 0.835000E+01  -0.417507E+01
 0.836000E+01  -0.418007E+01
 0.837000E+01  -0.418506E+01
 0.838000E+01  -0.419006E+01
 0.839000E+01  -0.419506E+01
 0.840000E+01  -0.420006E+01
 0.841000E+01  -0.420505E+01
 0.842000E+01  -0.421005E+01
 0.843000E+01  -0.421505E+01
 0.844000E+01  -0.422005E+01
 0.845000E+01  -0.422504E+01
 0.846000E+01  -0.423004E+01
 0.847000E+01  -0.423504E+01
 0.848000E+01  -0.424003E+01
 0.849000E+01  -0.424503E+01
 0.850000E+01  -0.425003E+01
 0.851000E+01  -0.425502E+01
 0.852000E+01  -0.426002E+01
 0.853000E+01  -0.426502E+01
 0.854000E+01  -0.427001E+01
 0.855000E+01  -0.427501E+01
 0.856000E+01  -0.428001E+01
 0.857000E+01  -0.428500E+01
 0.858000E+01  -0.429000E+01
 0.859000E+01  -0.429500E+01
 0.860000E+01  -0.429999E+01
 0.861000E+01  -0.430499E+01
 0.862000E+01  -0.430998E+01
 0.863000E+01  -0.431498E+01
 0.864000E+01  -0.431998E+01
 0.865000E+01  -0.432497E+01
 0.866000E+01  -0.432997E+01
 0.867000E+01  -0.433497E+01
 0.868000E+01  -0.433996E+01
 0.869000E+01  -0.434496E+01
 0.870000E+01  -0.434995E+01
 0.871000E+01  -0.435495E+01
 0.872000E+01  -0.435995E+01
 0.873000E+01  -0.436494E+01
 0.874000E+01  -0.436994E+01
 0.875000E+01  -0.437494E+01
 0.876000E+01  -0.437993E+01
 0.877000E+01  -0.438493E+01
 0.878000E+01  -0.438993E+01
 0.879000E+01  -0.439492E+01
 0.880000E+01  -0.439992E+01
 0.881000E+01  -0.440492E+01
 0.882000E+01  -0.440992E+01
 0.883000E+01  -0.441491E+01
 0.884000E+01  -0.441991E+01
 0.885000E+01  -0.442491E+01
 0.886000E+01  -0.442991E+01
 0.887000E+01  -0.443491E+01
 0.888000E+01  -0.443990E+01
 0.889000E+01  -0.444490E+01
 0.890000E+01  -0.444990E+01
 0.891000E+01  -0.445490E+01
 0.892000E+01  -0.445990E+01
 0.893000E+01  -0.446490E+01
 0.894000E+01  -0.446989E+01
 0.895000E+01  -0.447489E+01
 0.896000E+01  -0.447989E+01
 0.897000E+01  -0.448489E+01
 0.898000E+01  -0.448989E+01
 0.899000E+01  -0.449489E+01
 0.900000E+01  -0.449989E+01
 0.901000E+01  -0.450489E+01
 0.902000E+01  -0.450989E+01
 0.903000E+01  -0.451489E+01
 0.904000E+01  -0.451989E+01
 0.905000E+01  -0.452489E+01
 0.906000E+01  -0.452989E+01
 0.907000E+01  -0.453489E+01
 0.908000E+01  -0.453990E+01
 0.909000E+01  -0.454490E+01
 0.910000E+01  -0.454990E+01
 0.911000E+01  -0.455490E+01
 0.912000E+01  -0.455990E+01
 0.913000E+01  -0.456490E+01
 0.914000E+01  -0.456990E+01
 0.915000E+01  -0.457491E+01
 0.916000E+01  -0.457991E+01
 0.917000E+01  -0.458491E+01
 0.918000E+01  -0.458991E+01
 0.919000E+01  -0.459492E+01
 0.920000E+01  -0.459992E+01
 0.921000E+01  -0.460492E+01
 0.922000E+01  -0.460992E+01
 0.923000E+01  -0.461493E+01
 0.924000E+01  -0.461993E+01
 0.925000E+01  -0.462493E+01
 0.926000E+01  -0.462994E+01
 0.927000E+01  -0.463494E+01
 0.928000E+01  -0.463994E+01
 0.929000E+01  -0.464495E+01
 0.930000E+01  -0.464995E+01
 0.931000E+01  -0.465495E+01
 0.932000E+01  -0.465996E+01
 0.933000E+01  -0.466496E+01
 0.934000E+01  -0.466997E+01
 0.935000E+01  -0.467497E+01
 0.936000E+01  -0.467997E+01
 0.937000E+01  -0.468498E+01
 0.938000E+01  -0.468998E+01
 0.939000E+01  -0.469499E+01
 0.940000E+01  -0.469999E+01
 0.941000E+01  -0.470499E+01
 0.942000E+01  -0.471000E+01
 0.943000E+01  -0.471500E+01
 0.944000E+01  -0.472001E+01
 0.945000E+01  -0.472501E+01
 0.946000E+01  -0.473001E+01
 0.947000E+01  -0.473502E+01
 0.948000E+01  -0.474002E+01
 0.949000E+01  -0.474503E+01
 0.950000E+01  -0.475003E+01
 0.951000E+01  -0.475503E+01
 0.952000E+01  -0.476004E+01
 0.953000E+01  -0.476504E+01
 0.954000E+01  -0.477005E+01
 0.955000E+01  -0.477505E+01
 0.956000E+01  -0.478005E+01
 0.957000E+01  -0.478506E+01
 0.958000E+01  -0.479006E+01
 0.959000E+01  -0.479506E+01
 0.960000E+01  -0.480007E+01
 0.961000E+01  -0.480507E+01
 0.962000E+01  -0.481007E+01
 0.963000E+01  -0.481507E+01
 0.964000E+01  -0.482008E+01
 0.965000E+01  -0.482508E+01
 0.966000E+01  -0.483008E+01
 0.967000E+01  -0.483509E+01
 0.968000E+01  -0.484009E+01
 0.969000E+01  -0.484509E+01
 0.970000E+01  -0.485009E+01
 0.971000E+01  -0.485509E+01
 0.972000E+01  -0.486010E+01
 0.973000E+01  -0.486510E+01
 0.974000E+01  -0.487010E+01
 0.975000E+01  -0.487510E+01
 0.976000E+01  -0.488010E+01
 0.977000E+01  -0.488510E+01
 0.978000E+01  -0.489010E+01
 0.979000E+01  -0.489510E+01
 0.980000E+01  -0.490010E+01
 0.981000E+01  -0.490510E+01
 0.982000E+01  -0.491010E+01
 0.983000E+01  -0.491510E+01
 0.984000E+01  -0.492010E+01
 0.985000E+01  -0.492510E+01
 0.986000E+01  -0.493010E+01
 0.987000E+01  -0.493510E+01
 0.988000E+01  -0.494010E+01
 0.989000E+01  -0.494510E+01
 0.990000E+01  -0.495010E+01
 0.991000E+01  -0.495510E+01
 0.992000E+01  -0.496010E+01
 0.993000E+01  -0.496510E+01
 0.994000E+01  -0.497010E+01
 0.995000E+01  -0.497509E+01
 0.996000E+01  -0.498009E+01
 0.997000E+01  -0.498509E+01
 0.998000E+01  -0.499009E+01
 0.999000E+01  -0.499509E+01
 0.100000E+02  -0.500008E+01
