 0.100000E-01  -0.770500E-02   0.519829E+00
 0.200000E-01  -0.770384E-02   0.519817E+00
 0.300000E-01  -0.770192E-02   0.519798E+00
 0.400000E-01  -0.769922E-02   0.519771E+00
 0.500000E-01  -0.769575E-02   0.519736E+00
 0.600000E-01  -0.769152E-02   0.519693E+00
 0.700000E-01  -0.768651E-02   0.519643E+00
 0.800000E-01  -0.768074E-02   0.519585E+00
 0.900000E-01  -0.767420E-02   0.519519E+00
 0.100000E+00  -0.766689E-02   0.519446E+00
 0.110000E+00  -0.765881E-02   0.519365E+00
 0.120000E+00  -0.764997E-02   0.519276E+00
 0.130000E+00  -0.764036E-02   0.519180E+00
 0.140000E+00  -0.762999E-02   0.519076E+00
 0.150000E+00  -0.761886E-02   0.518965E+00
 0.160000E+00  -0.760696E-02   0.518847E+00
 0.170000E+00  -0.759431E-02   0.518721E+00
 0.180000E+00  -0.758089E-02   0.518587E+00
 0.190000E+00  -0.756672E-02   0.518447E+00
 0.200000E+00  -0.755179E-02   0.518299E+00
 0.210000E+00  -0.753610E-02   0.518144E+00
 0.220000E+00  -0.751966E-02   0.517982E+00
 0.230000E+00  -0.750247E-02   0.517813E+00
 0.240000E+00  -0.748453E-02   0.517637E+00
 0.250000E+00  -0.746584E-02   0.517455E+00
 0.260000E+00  -0.744640E-02   0.517265E+00
 0.270000E+00  -0.742622E-02   0.517068E+00
 0.280000E+00  -0.740530E-02   0.516865E+00
 0.290000E+00  -0.738363E-02   0.516656E+00
 0.300000E+00  -0.736123E-02   0.516439E+00
 0.310000E+00  -0.733809E-02   0.516217E+00
 0.320000E+00  -0.731422E-02   0.515988E+00
 0.330000E+00  -0.728962E-02   0.515753E+00
 0.340000E+00  -0.726428E-02   0.515512E+00
 0.350000E+00  -0.723822E-02   0.515264E+00
 0.360000E+00  -0.721144E-02   0.515011E+00
 0.370000E+00  -0.718394E-02   0.514752E+00
 0.380000E+00  -0.715571E-02   0.514487E+00
 0.390000E+00  -0.712677E-02   0.514217E+00
 0.400000E+00  -0.709712E-02   0.513941E+00
 0.410000E+00  -0.706676E-02   0.513659E+00
 0.420000E+00  -0.703570E-02   0.513372E+00
 0.430000E+00  -0.700392E-02   0.513080E+00
 0.440000E+00  -0.697145E-02   0.512784E+00
 0.450000E+00  -0.693828E-02   0.512482E+00
 0.460000E+00  -0.690442E-02   0.512175E+00
 0.470000E+00  -0.686987E-02   0.511863E+00
 0.480000E+00  -0.683463E-02   0.511547E+00
 0.490000E+00  -0.679871E-02   0.511227E+00
 0.500000E+00  -0.676210E-02   0.510902E+00
 0.510000E+00  -0.672482E-02   0.510573E+00
 0.520000E+00  -0.668687E-02   0.510240E+00
 0.530000E+00  -0.664825E-02   0.509903E+00
 0.540000E+00  -0.660897E-02   0.509562E+00
 0.550000E+00  -0.656902E-02   0.509218E+00
 0.560000E+00  -0.652842E-02   0.508869E+00
 0.570000E+00  -0.648716E-02   0.508518E+00
 0.580000E+00  -0.644526E-02   0.508163E+00
 0.590000E+00  -0.640271E-02   0.507806E+00
 0.600000E+00  -0.635952E-02   0.507445E+00
 0.610000E+00  -0.631569E-02   0.507081E+00
 0.620000E+00  -0.627123E-02   0.506715E+00
 0.630000E+00  -0.622615E-02   0.506347E+00
 0.640000E+00  -0.618044E-02   0.505975E+00
 0.650000E+00  -0.613412E-02   0.505602E+00
 0.660000E+00  -0.608718E-02   0.505227E+00
 0.670000E+00  -0.603963E-02   0.504849E+00
 0.680000E+00  -0.599148E-02   0.504470E+00
 0.690000E+00  -0.594273E-02   0.504090E+00
 0.700000E+00  -0.589339E-02   0.503707E+00
 0.710000E+00  -0.584345E-02   0.503324E+00
 0.720000E+00  -0.579294E-02   0.502939E+00
 0.730000E+00  -0.574184E-02   0.502553E+00
 0.740000E+00  -0.569017E-02   0.502167E+00
 0.750000E+00  -0.563793E-02   0.501780E+00
 0.760000E+00  -0.558512E-02   0.501392E+00
 0.770000E+00  -0.553176E-02   0.501004E+00
 0.780000E+00  -0.547784E-02   0.500615E+00
 0.790000E+00  -0.542338E-02   0.500227E+00
 0.800000E+00  -0.536837E-02   0.499838E+00
 0.810000E+00  -0.531283E-02   0.499450E+00
 0.820000E+00  -0.525676E-02   0.499062E+00
 0.830000E+00  -0.520016E-02   0.498675E+00
 0.840000E+00  -0.514304E-02   0.498288E+00
 0.850000E+00  -0.508540E-02   0.497902E+00
 0.860000E+00  -0.502726E-02   0.497517E+00
 0.870000E+00  -0.496861E-02   0.497134E+00
 0.880000E+00  -0.490947E-02   0.496751E+00
 0.890000E+00  -0.484984E-02   0.496371E+00
 0.900000E+00  -0.478972E-02   0.495991E+00
 0.910000E+00  -0.472912E-02   0.495614E+00
 0.920000E+00  -0.466805E-02   0.495238E+00
 0.930000E+00  -0.460652E-02   0.494865E+00
 0.940000E+00  -0.454452E-02   0.494494E+00
 0.950000E+00  -0.448207E-02   0.494125E+00
 0.960000E+00  -0.441917E-02   0.493758E+00
 0.970000E+00  -0.435582E-02   0.493395E+00
 0.980000E+00  -0.429205E-02   0.493034E+00
 0.990000E+00  -0.422784E-02   0.492676E+00
 0.100000E+01  -0.416321E-02   0.492321E+00
 0.101000E+01  -0.409816E-02   0.491969E+00
 0.102000E+01  -0.403271E-02   0.491621E+00
 0.103000E+01  -0.396685E-02   0.491276E+00
 0.104000E+01  -0.390059E-02   0.490935E+00
 0.105000E+01  -0.383395E-02   0.490598E+00
 0.106000E+01  -0.376692E-02   0.490264E+00
 0.107000E+01  -0.369951E-02   0.489935E+00
 0.108000E+01  -0.363174E-02   0.489610E+00
 0.109000E+01  -0.356360E-02   0.489289E+00
 0.110000E+01  -0.349510E-02   0.488972E+00
 0.111000E+01  -0.342626E-02   0.488661E+00
 0.112000E+01  -0.335707E-02   0.488353E+00
 0.113000E+01  -0.328754E-02   0.488051E+00
 0.114000E+01  -0.321769E-02   0.487754E+00
 0.115000E+01  -0.314752E-02   0.487461E+00
 0.116000E+01  -0.307703E-02   0.487174E+00
 0.117000E+01  -0.300623E-02   0.486893E+00
 0.118000E+01  -0.293514E-02   0.486616E+00
 0.119000E+01  -0.286375E-02   0.486345E+00
 0.120000E+01  -0.279207E-02   0.486080E+00
 0.121000E+01  -0.272011E-02   0.485820E+00
 0.122000E+01  -0.264789E-02   0.485567E+00
 0.123000E+01  -0.257539E-02   0.485319E+00
 0.124000E+01  -0.250264E-02   0.485077E+00
 0.125000E+01  -0.242964E-02   0.484841E+00
 0.126000E+01  -0.235640E-02   0.484612E+00
 0.127000E+01  -0.228292E-02   0.484389E+00
 0.128000E+01  -0.220921E-02   0.484172E+00
 0.129000E+01  -0.213528E-02   0.483962E+00
 0.130000E+01  -0.206114E-02   0.483759E+00
 0.131000E+01  -0.198679E-02   0.483562E+00
 0.132000E+01  -0.191225E-02   0.483371E+00
 0.133000E+01  -0.183751E-02   0.483188E+00
 0.134000E+01  -0.176259E-02   0.483012E+00
 0.135000E+01  -0.168749E-02   0.482842E+00
 0.136000E+01  -0.161222E-02   0.482679E+00
 0.137000E+01  -0.153679E-02   0.482524E+00
 0.138000E+01  -0.146121E-02   0.482376E+00
 0.139000E+01  -0.138548E-02   0.482235E+00
 0.140000E+01  -0.130962E-02   0.482101E+00
 0.141000E+01  -0.123362E-02   0.481974E+00
 0.142000E+01  -0.115750E-02   0.481855E+00
 0.143000E+01  -0.108126E-02   0.481744E+00
 0.144000E+01  -0.100492E-02   0.481639E+00
 0.145000E+01  -0.928474E-03   0.481543E+00
 0.146000E+01  -0.851936E-03   0.481454E+00
 0.147000E+01  -0.775313E-03   0.481372E+00
 0.148000E+01  -0.698612E-03   0.481298E+00
 0.149000E+01  -0.621842E-03   0.481232E+00
 0.150000E+01  -0.545009E-03   0.481173E+00
 0.151000E+01  -0.468122E-03   0.481122E+00
 0.152000E+01  -0.391188E-03   0.481079E+00
 0.153000E+01  -0.314215E-03   0.481043E+00
 0.154000E+01  -0.237211E-03   0.481016E+00
 0.155000E+01  -0.160182E-03   0.480996E+00
 0.156000E+01  -0.831381E-04   0.480983E+00
 0.157000E+01  -0.608560E-05   0.480979E+00
 0.158000E+01   0.709676E-04   0.480982E+00
 0.159000E+01   0.148014E-03   0.480993E+00
 0.160000E+01   0.225045E-03   0.481012E+00
 0.161000E+01   0.302054E-03   0.481039E+00
 0.162000E+01   0.379032E-03   0.481073E+00
 0.163000E+01   0.455973E-03   0.481115E+00
 0.164000E+01   0.532868E-03   0.481165E+00
 0.165000E+01   0.609710E-03   0.481222E+00
 0.166000E+01   0.686490E-03   0.481287E+00
 0.167000E+01   0.763203E-03   0.481360E+00
 0.168000E+01   0.839838E-03   0.481441E+00
 0.169000E+01   0.916390E-03   0.481529E+00
 0.170000E+01   0.992850E-03   0.481624E+00
 0.171000E+01   0.106921E-02   0.481727E+00
 0.172000E+01   0.114547E-02   0.481838E+00
 0.173000E+01   0.122160E-02   0.481956E+00
 0.174000E+01   0.129762E-02   0.482081E+00
 0.175000E+01   0.137351E-02   0.482214E+00
 0.176000E+01   0.144926E-02   0.482354E+00
 0.177000E+01   0.152486E-02   0.482501E+00
 0.178000E+01   0.160032E-02   0.482655E+00
 0.179000E+01   0.167561E-02   0.482817E+00
 0.180000E+01   0.175074E-02   0.482985E+00
 0.181000E+01   0.182569E-02   0.483160E+00
 0.182000E+01   0.190045E-02   0.483343E+00
 0.183000E+01   0.197503E-02   0.483532E+00
 0.184000E+01   0.204941E-02   0.483728E+00
 0.185000E+01   0.212359E-02   0.483930E+00
 0.186000E+01   0.219755E-02   0.484140E+00
 0.187000E+01   0.227129E-02   0.484355E+00
 0.188000E+01   0.234481E-02   0.484577E+00
 0.189000E+01   0.241809E-02   0.484806E+00
 0.190000E+01   0.249113E-02   0.485040E+00
 0.191000E+01   0.256392E-02   0.485281E+00
 0.192000E+01   0.263645E-02   0.485528E+00
 0.193000E+01   0.270872E-02   0.485781E+00
 0.194000E+01   0.278072E-02   0.486040E+00
 0.195000E+01   0.285244E-02   0.486304E+00
 0.196000E+01   0.292388E-02   0.486574E+00
 0.197000E+01   0.299502E-02   0.486850E+00
 0.198000E+01   0.306587E-02   0.487131E+00
 0.199000E+01   0.313641E-02   0.487417E+00
 0.200000E+01   0.320663E-02   0.487708E+00
 0.201000E+01   0.327653E-02   0.488005E+00
 0.202000E+01   0.334611E-02   0.488307E+00
 0.203000E+01   0.341535E-02   0.488613E+00
 0.204000E+01   0.348425E-02   0.488924E+00
 0.205000E+01   0.355280E-02   0.489240E+00
 0.206000E+01   0.362100E-02   0.489560E+00
 0.207000E+01   0.368883E-02   0.489884E+00
 0.208000E+01   0.375629E-02   0.490213E+00
 0.209000E+01   0.382338E-02   0.490546E+00
 0.210000E+01   0.389009E-02   0.490883E+00
 0.211000E+01   0.395641E-02   0.491223E+00
 0.212000E+01   0.402233E-02   0.491567E+00
 0.213000E+01   0.408785E-02   0.491915E+00
 0.214000E+01   0.415296E-02   0.492266E+00
 0.215000E+01   0.421766E-02   0.492621E+00
 0.216000E+01   0.428193E-02   0.492978E+00
 0.217000E+01   0.434578E-02   0.493339E+00
 0.218000E+01   0.440919E-02   0.493702E+00
 0.219000E+01   0.447216E-02   0.494068E+00
 0.220000E+01   0.453468E-02   0.494437E+00
 0.221000E+01   0.459675E-02   0.494808E+00
 0.222000E+01   0.465836E-02   0.495181E+00
 0.223000E+01   0.471951E-02   0.495556E+00
 0.224000E+01   0.478018E-02   0.495933E+00
 0.225000E+01   0.484038E-02   0.496312E+00
 0.226000E+01   0.490009E-02   0.496693E+00
 0.227000E+01   0.495931E-02   0.497075E+00
 0.228000E+01   0.501803E-02   0.497458E+00
 0.229000E+01   0.507625E-02   0.497843E+00
 0.230000E+01   0.513397E-02   0.498229E+00
 0.231000E+01   0.519117E-02   0.498615E+00
 0.232000E+01   0.524785E-02   0.499002E+00
 0.233000E+01   0.530401E-02   0.499390E+00
 0.234000E+01   0.535964E-02   0.499778E+00
 0.235000E+01   0.541473E-02   0.500167E+00
 0.236000E+01   0.546928E-02   0.500555E+00
 0.237000E+01   0.552328E-02   0.500944E+00
 0.238000E+01   0.557673E-02   0.501332E+00
 0.239000E+01   0.562962E-02   0.501720E+00
 0.240000E+01   0.568195E-02   0.502107E+00
 0.241000E+01   0.573372E-02   0.502494E+00
 0.242000E+01   0.578490E-02   0.502880E+00
 0.243000E+01   0.583551E-02   0.503265E+00
 0.244000E+01   0.588554E-02   0.503648E+00
 0.245000E+01   0.593498E-02   0.504031E+00
 0.246000E+01   0.598382E-02   0.504412E+00
 0.247000E+01   0.603207E-02   0.504791E+00
 0.248000E+01   0.607971E-02   0.505169E+00
 0.249000E+01   0.612675E-02   0.505544E+00
 0.250000E+01   0.617317E-02   0.505918E+00
 0.251000E+01   0.621897E-02   0.506290E+00
 0.252000E+01   0.626415E-02   0.506659E+00
 0.253000E+01   0.630871E-02   0.507025E+00
 0.254000E+01   0.635264E-02   0.507389E+00
 0.255000E+01   0.639593E-02   0.507750E+00
 0.256000E+01   0.643858E-02   0.508109E+00
 0.257000E+01   0.648058E-02   0.508464E+00
 0.258000E+01   0.652194E-02   0.508816E+00
 0.259000E+01   0.656265E-02   0.509164E+00
 0.260000E+01   0.660270E-02   0.509509E+00
 0.261000E+01   0.664209E-02   0.509851E+00
 0.262000E+01   0.668082E-02   0.510188E+00
 0.263000E+01   0.671887E-02   0.510522E+00
 0.264000E+01   0.675626E-02   0.510852E+00
 0.265000E+01   0.679297E-02   0.511177E+00
 0.266000E+01   0.682900E-02   0.511498E+00
 0.267000E+01   0.686435E-02   0.511815E+00
 0.268000E+01   0.689901E-02   0.512127E+00
 0.269000E+01   0.693298E-02   0.512435E+00
 0.270000E+01   0.696626E-02   0.512737E+00
 0.271000E+01   0.699884E-02   0.513035E+00
 0.272000E+01   0.703072E-02   0.513328E+00
 0.273000E+01   0.706190E-02   0.513615E+00
 0.274000E+01   0.709237E-02   0.513898E+00
 0.275000E+01   0.712214E-02   0.514174E+00
 0.276000E+01   0.715119E-02   0.514446E+00
 0.277000E+01   0.717953E-02   0.514711E+00
 0.278000E+01   0.720714E-02   0.514971E+00
 0.279000E+01   0.723404E-02   0.515226E+00
 0.280000E+01   0.726021E-02   0.515474E+00
 0.281000E+01   0.728566E-02   0.515716E+00
 0.282000E+01   0.731038E-02   0.515952E+00
 0.283000E+01   0.733437E-02   0.516182E+00
 0.284000E+01   0.735763E-02   0.516406E+00
 0.285000E+01   0.738014E-02   0.516623E+00
 0.286000E+01   0.740193E-02   0.516833E+00
 0.287000E+01   0.742297E-02   0.517038E+00
 0.288000E+01   0.744327E-02   0.517235E+00
 0.289000E+01   0.746282E-02   0.517426E+00
 0.290000E+01   0.748163E-02   0.517610E+00
 0.291000E+01   0.749969E-02   0.517787E+00
 0.292000E+01   0.751700E-02   0.517957E+00
 0.293000E+01   0.753356E-02   0.518120E+00
 0.294000E+01   0.754936E-02   0.518276E+00
 0.295000E+01   0.756441E-02   0.518425E+00
 0.296000E+01   0.757870E-02   0.518566E+00
 0.297000E+01   0.759224E-02   0.518701E+00
 0.298000E+01   0.760502E-02   0.518828E+00
 0.299000E+01   0.761703E-02   0.518947E+00
 0.300000E+01   0.762829E-02   0.519060E+00
 0.301000E+01   0.763878E-02   0.519164E+00
 0.302000E+01   0.764850E-02   0.519262E+00
 0.303000E+01   0.765747E-02   0.519351E+00
 0.304000E+01   0.766566E-02   0.519434E+00
 0.305000E+01   0.767309E-02   0.519508E+00
 0.306000E+01   0.767976E-02   0.519575E+00
 0.307000E+01   0.768565E-02   0.519634E+00
 0.308000E+01   0.769078E-02   0.519686E+00
 0.309000E+01   0.769514E-02   0.519730E+00
 0.310000E+01   0.769872E-02   0.519766E+00
 0.311000E+01   0.770154E-02   0.519794E+00
 0.312000E+01   0.770359E-02   0.519815E+00
 0.313000E+01   0.770487E-02   0.519828E+00
 0.314000E+01   0.770537E-02   0.519833E+00
 0.315000E+01   0.770511E-02   0.519830E+00
 0.316000E+01   0.770408E-02   0.519820E+00
 0.317000E+01   0.770227E-02   0.519801E+00
 0.318000E+01   0.769970E-02   0.519775E+00
 0.319000E+01   0.769635E-02   0.519742E+00
 0.320000E+01   0.769224E-02   0.519700E+00
 0.321000E+01   0.768735E-02   0.519651E+00
 0.322000E+01   0.768170E-02   0.519594E+00
 0.323000E+01   0.767528E-02   0.519530E+00
 0.324000E+01   0.766809E-02   0.519457E+00
 0.325000E+01   0.766014E-02   0.519378E+00
 0.326000E+01   0.765142E-02   0.519290E+00
 0.327000E+01   0.764193E-02   0.519195E+00
 0.328000E+01   0.763168E-02   0.519093E+00
 0.329000E+01   0.762067E-02   0.518983E+00
 0.330000E+01   0.760889E-02   0.518865E+00
 0.331000E+01   0.759636E-02   0.518741E+00
 0.332000E+01   0.758306E-02   0.518608E+00
 0.333000E+01   0.756901E-02   0.518469E+00
 0.334000E+01   0.755420E-02   0.518322E+00
 0.335000E+01   0.753863E-02   0.518169E+00
 0.336000E+01   0.752231E-02   0.518008E+00
 0.337000E+01   0.750524E-02   0.517840E+00
 0.338000E+01   0.748741E-02   0.517665E+00
 0.339000E+01   0.746884E-02   0.517483E+00
 0.340000E+01   0.744952E-02   0.517294E+00
 0.341000E+01   0.742946E-02   0.517099E+00
 0.342000E+01   0.740865E-02   0.516897E+00
 0.343000E+01   0.738711E-02   0.516688E+00
 0.344000E+01   0.736482E-02   0.516473E+00
 0.345000E+01   0.734180E-02   0.516252E+00
 0.346000E+01   0.731804E-02   0.516024E+00
 0.347000E+01   0.729355E-02   0.515789E+00
 0.348000E+01   0.726833E-02   0.515549E+00
 0.349000E+01   0.724239E-02   0.515303E+00
 0.350000E+01   0.721572E-02   0.515050E+00
 0.351000E+01   0.718833E-02   0.514792E+00
 0.352000E+01   0.716022E-02   0.514528E+00
 0.353000E+01   0.713139E-02   0.514259E+00
 0.354000E+01   0.710185E-02   0.513983E+00
 0.355000E+01   0.707161E-02   0.513703E+00
 0.356000E+01   0.704065E-02   0.513417E+00
 0.357000E+01   0.700899E-02   0.513126E+00
 0.358000E+01   0.697663E-02   0.512830E+00
 0.359000E+01   0.694357E-02   0.512528E+00
 0.360000E+01   0.690982E-02   0.512222E+00
 0.361000E+01   0.687537E-02   0.511912E+00
 0.362000E+01   0.684024E-02   0.511596E+00
 0.363000E+01   0.680443E-02   0.511276E+00
 0.364000E+01   0.676793E-02   0.510952E+00
 0.365000E+01   0.673076E-02   0.510624E+00
 0.366000E+01   0.669291E-02   0.510291E+00
 0.367000E+01   0.665440E-02   0.509955E+00
 0.368000E+01   0.661522E-02   0.509615E+00
 0.369000E+01   0.657537E-02   0.509271E+00
 0.370000E+01   0.653487E-02   0.508923E+00
 0.371000E+01   0.649372E-02   0.508572E+00
 0.372000E+01   0.645192E-02   0.508218E+00
 0.373000E+01   0.640947E-02   0.507861E+00
 0.374000E+01   0.636638E-02   0.507501E+00
 0.375000E+01   0.632266E-02   0.507138E+00
 0.376000E+01   0.627830E-02   0.506772E+00
 0.377000E+01   0.623331E-02   0.506403E+00
 0.378000E+01   0.618770E-02   0.506033E+00
 0.379000E+01   0.614148E-02   0.505660E+00
 0.380000E+01   0.609464E-02   0.505285E+00
 0.381000E+01   0.604718E-02   0.504908E+00
 0.382000E+01   0.599913E-02   0.504529E+00
 0.383000E+01   0.595047E-02   0.504148E+00
 0.384000E+01   0.590122E-02   0.503766E+00
 0.385000E+01   0.585138E-02   0.503383E+00
 0.386000E+01   0.580095E-02   0.502998E+00
 0.387000E+01   0.574995E-02   0.502613E+00
 0.388000E+01   0.569837E-02   0.502226E+00
 0.389000E+01   0.564622E-02   0.501839E+00
 0.390000E+01   0.559350E-02   0.501451E+00
 0.391000E+01   0.554023E-02   0.501063E+00
 0.392000E+01   0.548640E-02   0.500675E+00
 0.393000E+01   0.543202E-02   0.500286E+00
 0.394000E+01   0.537710E-02   0.499898E+00
 0.395000E+01   0.532164E-02   0.499510E+00
 0.396000E+01   0.526565E-02   0.499122E+00
 0.397000E+01   0.520913E-02   0.498734E+00
 0.398000E+01   0.515209E-02   0.498347E+00
 0.399000E+01   0.509454E-02   0.497962E+00
 0.400000E+01   0.503648E-02   0.497577E+00
 0.401000E+01   0.497791E-02   0.497193E+00
 0.402000E+01   0.491885E-02   0.496810E+00
 0.403000E+01   0.485929E-02   0.496429E+00
 0.404000E+01   0.479925E-02   0.496050E+00
 0.405000E+01   0.473873E-02   0.495672E+00
 0.406000E+01   0.467773E-02   0.495296E+00
 0.407000E+01   0.461627E-02   0.494922E+00
 0.408000E+01   0.455434E-02   0.494551E+00
 0.409000E+01   0.449196E-02   0.494181E+00
 0.410000E+01   0.442913E-02   0.493815E+00
 0.411000E+01   0.436586E-02   0.493450E+00
 0.412000E+01   0.430215E-02   0.493089E+00
 0.413000E+01   0.423801E-02   0.492731E+00
 0.414000E+01   0.417345E-02   0.492375E+00
 0.415000E+01   0.410847E-02   0.492023E+00
 0.416000E+01   0.404307E-02   0.491674E+00
 0.417000E+01   0.397728E-02   0.491329E+00
 0.418000E+01   0.391108E-02   0.490987E+00
 0.419000E+01   0.384450E-02   0.490649E+00
 0.420000E+01   0.377753E-02   0.490315E+00
 0.421000E+01   0.371018E-02   0.489985E+00
 0.422000E+01   0.364247E-02   0.489659E+00
 0.423000E+01   0.357438E-02   0.489338E+00
 0.424000E+01   0.350594E-02   0.489021E+00
 0.425000E+01   0.343715E-02   0.488708E+00
 0.426000E+01   0.336802E-02   0.488400E+00
 0.427000E+01   0.329855E-02   0.488097E+00
 0.428000E+01   0.322875E-02   0.487799E+00
 0.429000E+01   0.315862E-02   0.487506E+00
 0.430000E+01   0.308818E-02   0.487218E+00
 0.431000E+01   0.301744E-02   0.486936E+00
 0.432000E+01   0.294639E-02   0.486658E+00
 0.433000E+01   0.287504E-02   0.486387E+00
 0.434000E+01   0.280341E-02   0.486120E+00
 0.435000E+01   0.273150E-02   0.485860E+00
 0.436000E+01   0.265931E-02   0.485605E+00
 0.437000E+01   0.258686E-02   0.485357E+00
 0.438000E+01   0.251415E-02   0.485114E+00
 0.439000E+01   0.244119E-02   0.484877E+00
 0.440000E+01   0.236798E-02   0.484647E+00
 0.441000E+01   0.229454E-02   0.484423E+00
 0.442000E+01   0.222087E-02   0.484205E+00
 0.443000E+01   0.214697E-02   0.483994E+00
 0.444000E+01   0.207287E-02   0.483790E+00
 0.445000E+01   0.199855E-02   0.483592E+00
 0.446000E+01   0.192403E-02   0.483400E+00
 0.447000E+01   0.184933E-02   0.483216E+00
 0.448000E+01   0.177443E-02   0.483038E+00
 0.449000E+01   0.169936E-02   0.482868E+00
 0.450000E+01   0.162412E-02   0.482704E+00
 0.451000E+01   0.154872E-02   0.482548E+00
 0.452000E+01   0.147316E-02   0.482398E+00
 0.453000E+01   0.139746E-02   0.482256E+00
 0.454000E+01   0.132161E-02   0.482121E+00
 0.455000E+01   0.124563E-02   0.481993E+00
 0.456000E+01   0.116953E-02   0.481873E+00
 0.457000E+01   0.109331E-02   0.481760E+00
 0.458000E+01   0.101698E-02   0.481655E+00
 0.459000E+01   0.940555E-03   0.481557E+00
 0.460000E+01   0.864032E-03   0.481467E+00
 0.461000E+01   0.787421E-03   0.481384E+00
 0.462000E+01   0.710733E-03   0.481309E+00
 0.463000E+01   0.633973E-03   0.481241E+00
 0.464000E+01   0.557149E-03   0.481182E+00
 0.465000E+01   0.480270E-03   0.481129E+00
 0.466000E+01   0.403343E-03   0.481085E+00
 0.467000E+01   0.326376E-03   0.481048E+00
 0.468000E+01   0.249376E-03   0.481019E+00
 0.469000E+01   0.172351E-03   0.480998E+00
 0.470000E+01   0.953085E-04   0.480985E+00
 0.471000E+01   0.182568E-04   0.480979E+00
 0.472000E+01  -0.587968E-04   0.480981E+00
 0.473000E+01  -0.135844E-03   0.480991E+00
 0.474000E+01  -0.212879E-03   0.481009E+00
 0.475000E+01  -0.289891E-03   0.481034E+00
 0.476000E+01  -0.366875E-03   0.481067E+00
 0.477000E+01  -0.443822E-03   0.481108E+00
 0.478000E+01  -0.520725E-03   0.481157E+00
 0.479000E+01  -0.597576E-03   0.481213E+00
 0.480000E+01  -0.674367E-03   0.481277E+00
 0.481000E+01  -0.751090E-03   0.481348E+00
 0.482000E+01  -0.827739E-03   0.481428E+00
 0.483000E+01  -0.904304E-03   0.481514E+00
 0.484000E+01  -0.980779E-03   0.481609E+00
 0.485000E+01  -0.105716E-02   0.481711E+00
 0.486000E+01  -0.113343E-02   0.481820E+00
 0.487000E+01  -0.120959E-02   0.481937E+00
 0.488000E+01  -0.128562E-02   0.482061E+00
 0.489000E+01  -0.136153E-02   0.482193E+00
 0.490000E+01  -0.143730E-02   0.482332E+00
 0.491000E+01  -0.151293E-02   0.482478E+00
 0.492000E+01  -0.158841E-02   0.482631E+00
 0.493000E+01  -0.166373E-02   0.482791E+00
 0.494000E+01  -0.173888E-02   0.482959E+00
 0.495000E+01  -0.181386E-02   0.483133E+00
 0.496000E+01  -0.188866E-02   0.483314E+00
 0.497000E+01  -0.196326E-02   0.483502E+00
 0.498000E+01  -0.203768E-02   0.483697E+00
 0.499000E+01  -0.211188E-02   0.483899E+00
 0.500000E+01  -0.218588E-02   0.484107E+00
 0.501000E+01  -0.225966E-02   0.484322E+00
 0.502000E+01  -0.233321E-02   0.484543E+00
 0.503000E+01  -0.240653E-02   0.484770E+00
 0.504000E+01  -0.247961E-02   0.485004E+00
 0.505000E+01  -0.255244E-02   0.485244E+00
 0.506000E+01  -0.262501E-02   0.485490E+00
 0.507000E+01  -0.269732E-02   0.485742E+00
 0.508000E+01  -0.276937E-02   0.485999E+00
 0.509000E+01  -0.284113E-02   0.486263E+00
 0.510000E+01  -0.291262E-02   0.486532E+00
 0.511000E+01  -0.298381E-02   0.486807E+00
 0.512000E+01  -0.305470E-02   0.487087E+00
 0.513000E+01  -0.312528E-02   0.487372E+00
 0.514000E+01  -0.319556E-02   0.487663E+00
 0.515000E+01  -0.326551E-02   0.487959E+00
 0.516000E+01  -0.333514E-02   0.488260E+00
 0.517000E+01  -0.340444E-02   0.488565E+00
 0.518000E+01  -0.347339E-02   0.488876E+00
 0.519000E+01  -0.354200E-02   0.489191E+00
 0.520000E+01  -0.361025E-02   0.489510E+00
 0.521000E+01  -0.367814E-02   0.489834E+00
 0.522000E+01  -0.374566E-02   0.490162E+00
 0.523000E+01  -0.381281E-02   0.490494E+00
 0.524000E+01  -0.387958E-02   0.490831E+00
 0.525000E+01  -0.394596E-02   0.491171E+00
 0.526000E+01  -0.401195E-02   0.491514E+00
 0.527000E+01  -0.407753E-02   0.491861E+00
 0.528000E+01  -0.414271E-02   0.492212E+00
 0.529000E+01  -0.420747E-02   0.492566E+00
 0.530000E+01  -0.427181E-02   0.492923E+00
 0.531000E+01  -0.433572E-02   0.493283E+00
 0.532000E+01  -0.439920E-02   0.493646E+00
 0.533000E+01  -0.446224E-02   0.494012E+00
 0.534000E+01  -0.452484E-02   0.494380E+00
 0.535000E+01  -0.458698E-02   0.494750E+00
 0.536000E+01  -0.464866E-02   0.495123E+00
 0.537000E+01  -0.470988E-02   0.495498E+00
 0.538000E+01  -0.477063E-02   0.495875E+00
 0.539000E+01  -0.483090E-02   0.496254E+00
 0.540000E+01  -0.489069E-02   0.496634E+00
 0.541000E+01  -0.494998E-02   0.497016E+00
 0.542000E+01  -0.500879E-02   0.497399E+00
 0.543000E+01  -0.506709E-02   0.497784E+00
 0.544000E+01  -0.512489E-02   0.498169E+00
 0.545000E+01  -0.518217E-02   0.498555E+00
 0.546000E+01  -0.523893E-02   0.498943E+00
 0.547000E+01  -0.529517E-02   0.499330E+00
 0.548000E+01  -0.535089E-02   0.499718E+00
 0.549000E+01  -0.540606E-02   0.500107E+00
 0.550000E+01  -0.546070E-02   0.500495E+00
 0.551000E+01  -0.551479E-02   0.500884E+00
 0.552000E+01  -0.556832E-02   0.501272E+00
 0.553000E+01  -0.562131E-02   0.501660E+00
 0.554000E+01  -0.567373E-02   0.502048E+00
 0.555000E+01  -0.572558E-02   0.502434E+00
 0.556000E+01  -0.577686E-02   0.502820E+00
 0.557000E+01  -0.582756E-02   0.503205E+00
 0.558000E+01  -0.587768E-02   0.503589E+00
 0.559000E+01  -0.592721E-02   0.503972E+00
 0.560000E+01  -0.597615E-02   0.504353E+00
 0.561000E+01  -0.602449E-02   0.504733E+00
 0.562000E+01  -0.607223E-02   0.505111E+00
 0.563000E+01  -0.611936E-02   0.505487E+00
 0.564000E+01  -0.616588E-02   0.505861E+00
 0.565000E+01  -0.621178E-02   0.506232E+00
 0.566000E+01  -0.625706E-02   0.506602E+00
 0.567000E+01  -0.630171E-02   0.506969E+00
 0.568000E+01  -0.634574E-02   0.507333E+00
 0.569000E+01  -0.638913E-02   0.507695E+00
 0.570000E+01  -0.643188E-02   0.508054E+00
 0.571000E+01  -0.647399E-02   0.508409E+00
 0.572000E+01  -0.651545E-02   0.508762E+00
 0.573000E+01  -0.655626E-02   0.509111E+00
 0.574000E+01  -0.659642E-02   0.509456E+00
 0.575000E+01  -0.663591E-02   0.509798E+00
 0.576000E+01  -0.667474E-02   0.510136E+00
 0.577000E+01  -0.671291E-02   0.510471E+00
 0.578000E+01  -0.675040E-02   0.510801E+00
 0.579000E+01  -0.678722E-02   0.511127E+00
 0.580000E+01  -0.682335E-02   0.511449E+00
 0.581000E+01  -0.685881E-02   0.511766E+00
 0.582000E+01  -0.689358E-02   0.512079E+00
 0.583000E+01  -0.692766E-02   0.512388E+00
 0.584000E+01  -0.696105E-02   0.512691E+00
 0.585000E+01  -0.699374E-02   0.512990E+00
 0.586000E+01  -0.702573E-02   0.513283E+00
 0.587000E+01  -0.705702E-02   0.513571E+00
 0.588000E+01  -0.708761E-02   0.513854E+00
 0.589000E+01  -0.711748E-02   0.514132E+00
 0.590000E+01  -0.714665E-02   0.514404E+00
 0.591000E+01  -0.717510E-02   0.514671E+00
 0.592000E+01  -0.720283E-02   0.514932E+00
 0.593000E+01  -0.722984E-02   0.515187E+00
 0.594000E+01  -0.725613E-02   0.515436E+00
 0.595000E+01  -0.728169E-02   0.515679E+00
 0.596000E+01  -0.730653E-02   0.515916E+00
 0.597000E+01  -0.733063E-02   0.516147E+00
 0.598000E+01  -0.735400E-02   0.516372E+00
 0.599000E+01  -0.737664E-02   0.516590E+00
 0.600000E+01  -0.739853E-02   0.516801E+00
 0.601000E+01  -0.741969E-02   0.517007E+00
 0.602000E+01  -0.744011E-02   0.517205E+00
 0.603000E+01  -0.745978E-02   0.517397E+00
 0.604000E+01  -0.747871E-02   0.517582E+00
 0.605000E+01  -0.749688E-02   0.517760E+00
 0.606000E+01  -0.751431E-02   0.517931E+00
 0.607000E+01  -0.753099E-02   0.518095E+00
 0.608000E+01  -0.754691E-02   0.518252E+00
 0.609000E+01  -0.756208E-02   0.518402E+00
 0.610000E+01  -0.757650E-02   0.518545E+00
 0.611000E+01  -0.759015E-02   0.518680E+00
 0.612000E+01  -0.760305E-02   0.518809E+00
 0.613000E+01  -0.761518E-02   0.518929E+00
 0.614000E+01  -0.762656E-02   0.519043E+00
 0.615000E+01  -0.763717E-02   0.519149E+00
 0.616000E+01  -0.764702E-02   0.519247E+00
 0.617000E+01  -0.765610E-02   0.519338E+00
 0.618000E+01  -0.766442E-02   0.519421E+00
 0.619000E+01  -0.767197E-02   0.519497E+00
 0.620000E+01  -0.767876E-02   0.519565E+00
 0.621000E+01  -0.768477E-02   0.519626E+00
 0.622000E+01  -0.769002E-02   0.519678E+00
 0.623000E+01  -0.769450E-02   0.519723E+00
 0.624000E+01  -0.769821E-02   0.519761E+00
 0.625000E+01  -0.770115E-02   0.519790E+00
 0.626000E+01  -0.770332E-02   0.519812E+00
 0.627000E+01  -0.770472E-02   0.519826E+00
 0.628000E+01  -0.770535E-02   0.519832E+00
 0.629000E+01  -0.770520E-02   0.519831E+00
 0.630000E+01  -0.770429E-02   0.519822E+00
 0.631000E+01  -0.770261E-02   0.519805E+00
 0.632000E+01  -0.770016E-02   0.519780E+00
 0.633000E+01  -0.769693E-02   0.519747E+00
 0.634000E+01  -0.769294E-02   0.519707E+00
 0.635000E+01  -0.768818E-02   0.519659E+00
 0.636000E+01  -0.768265E-02   0.519603E+00
 0.637000E+01  -0.767635E-02   0.519540E+00
 0.638000E+01  -0.766928E-02   0.519469E+00
 0.639000E+01  -0.766145E-02   0.519390E+00
 0.640000E+01  -0.765285E-02   0.519304E+00
 0.641000E+01  -0.764348E-02   0.519210E+00
 0.642000E+01  -0.763335E-02   0.519109E+00
 0.643000E+01  -0.762246E-02   0.519000E+00
 0.644000E+01  -0.761080E-02   0.518884E+00
 0.645000E+01  -0.759839E-02   0.518760E+00
 0.646000E+01  -0.758521E-02   0.518629E+00
 0.647000E+01  -0.757128E-02   0.518491E+00
 0.648000E+01  -0.755659E-02   0.518345E+00
 0.649000E+01  -0.754114E-02   0.518193E+00
 0.650000E+01  -0.752494E-02   0.518033E+00
 0.651000E+01  -0.750798E-02   0.517866E+00
 0.652000E+01  -0.749028E-02   0.517692E+00
 0.653000E+01  -0.747183E-02   0.517512E+00
 0.654000E+01  -0.745262E-02   0.517324E+00
 0.655000E+01  -0.743268E-02   0.517130E+00
 0.656000E+01  -0.741199E-02   0.516929E+00
 0.657000E+01  -0.739056E-02   0.516721E+00
 0.658000E+01  -0.736839E-02   0.516507E+00
 0.659000E+01  -0.734548E-02   0.516286E+00
 0.660000E+01  -0.732184E-02   0.516059E+00
 0.661000E+01  -0.729747E-02   0.515826E+00
 0.662000E+01  -0.727236E-02   0.515587E+00
 0.663000E+01  -0.724653E-02   0.515341E+00
 0.664000E+01  -0.721998E-02   0.515090E+00
 0.665000E+01  -0.719270E-02   0.514832E+00
 0.666000E+01  -0.716471E-02   0.514569E+00
 0.667000E+01  -0.713599E-02   0.514300E+00
 0.668000E+01  -0.710657E-02   0.514026E+00
 0.669000E+01  -0.707643E-02   0.513746E+00
 0.670000E+01  -0.704559E-02   0.513461E+00
 0.671000E+01  -0.701404E-02   0.513171E+00
 0.672000E+01  -0.698179E-02   0.512876E+00
 0.673000E+01  -0.694884E-02   0.512575E+00
 0.674000E+01  -0.691519E-02   0.512270E+00
 0.675000E+01  -0.688086E-02   0.511960E+00
 0.676000E+01  -0.684584E-02   0.511645E+00
 0.677000E+01  -0.681013E-02   0.511326E+00
 0.678000E+01  -0.677374E-02   0.511003E+00
 0.679000E+01  -0.673667E-02   0.510675E+00
 0.680000E+01  -0.669893E-02   0.510343E+00
 0.681000E+01  -0.666052E-02   0.510007E+00
 0.682000E+01  -0.662145E-02   0.509667E+00
 0.683000E+01  -0.658171E-02   0.509324E+00
 0.684000E+01  -0.654131E-02   0.508977E+00
 0.685000E+01  -0.650026E-02   0.508627E+00
 0.686000E+01  -0.645856E-02   0.508273E+00
 0.687000E+01  -0.641622E-02   0.507916E+00
 0.688000E+01  -0.637323E-02   0.507556E+00
 0.689000E+01  -0.632960E-02   0.507194E+00
 0.690000E+01  -0.628535E-02   0.506828E+00
 0.691000E+01  -0.624046E-02   0.506460E+00
 0.692000E+01  -0.619495E-02   0.506090E+00
 0.693000E+01  -0.614882E-02   0.505717E+00
 0.694000E+01  -0.610207E-02   0.505343E+00
 0.695000E+01  -0.605472E-02   0.504966E+00
 0.696000E+01  -0.600676E-02   0.504587E+00
 0.697000E+01  -0.595820E-02   0.504207E+00
 0.698000E+01  -0.590904E-02   0.503825E+00
 0.699000E+01  -0.585929E-02   0.503442E+00
 0.700000E+01  -0.580896E-02   0.503058E+00
 0.701000E+01  -0.575804E-02   0.502672E+00
 0.702000E+01  -0.570655E-02   0.502286E+00
 0.703000E+01  -0.565449E-02   0.501899E+00
 0.704000E+01  -0.560186E-02   0.501511E+00
 0.705000E+01  -0.554868E-02   0.501123E+00
 0.706000E+01  -0.549494E-02   0.500735E+00
 0.707000E+01  -0.544064E-02   0.500346E+00
 0.708000E+01  -0.538581E-02   0.499958E+00
 0.709000E+01  -0.533044E-02   0.499569E+00
 0.710000E+01  -0.527453E-02   0.499181E+00
 0.711000E+01  -0.521809E-02   0.498794E+00
 0.712000E+01  -0.516114E-02   0.498407E+00
 0.713000E+01  -0.510367E-02   0.498021E+00
 0.714000E+01  -0.504568E-02   0.497636E+00
 0.715000E+01  -0.498720E-02   0.497252E+00
 0.716000E+01  -0.492821E-02   0.496869E+00
 0.717000E+01  -0.486873E-02   0.496488E+00
 0.718000E+01  -0.480876E-02   0.496108E+00
 0.719000E+01  -0.474832E-02   0.495730E+00
 0.720000E+01  -0.468740E-02   0.495354E+00
 0.721000E+01  -0.462601E-02   0.494980E+00
 0.722000E+01  -0.456415E-02   0.494608E+00
 0.723000E+01  -0.450184E-02   0.494238E+00
 0.724000E+01  -0.443909E-02   0.493871E+00
 0.725000E+01  -0.437588E-02   0.493506E+00
 0.726000E+01  -0.431224E-02   0.493144E+00
 0.727000E+01  -0.424817E-02   0.492786E+00
 0.728000E+01  -0.418367E-02   0.492430E+00
 0.729000E+01  -0.411876E-02   0.492077E+00
 0.730000E+01  -0.405343E-02   0.491728E+00
 0.731000E+01  -0.398770E-02   0.491382E+00
 0.732000E+01  -0.392157E-02   0.491040E+00
 0.733000E+01  -0.385504E-02   0.490701E+00
 0.734000E+01  -0.378813E-02   0.490366E+00
 0.735000E+01  -0.372085E-02   0.490036E+00
 0.736000E+01  -0.365319E-02   0.489709E+00
 0.737000E+01  -0.358516E-02   0.489387E+00
 0.738000E+01  -0.351678E-02   0.489069E+00
 0.739000E+01  -0.344804E-02   0.488756E+00
 0.740000E+01  -0.337896E-02   0.488448E+00
 0.741000E+01  -0.330954E-02   0.488144E+00
 0.742000E+01  -0.323979E-02   0.487845E+00
 0.743000E+01  -0.316972E-02   0.487551E+00
 0.744000E+01  -0.309933E-02   0.487262E+00
 0.745000E+01  -0.302863E-02   0.486979E+00
 0.746000E+01  -0.295763E-02   0.486701E+00
 0.747000E+01  -0.288633E-02   0.486428E+00
 0.748000E+01  -0.281474E-02   0.486161E+00
 0.749000E+01  -0.274288E-02   0.485900E+00
 0.750000E+01  -0.267073E-02   0.485644E+00
 0.751000E+01  -0.259832E-02   0.485395E+00
 0.752000E+01  -0.252565E-02   0.485151E+00
 0.753000E+01  -0.245273E-02   0.484913E+00
 0.754000E+01  -0.237956E-02   0.484682E+00
 0.755000E+01  -0.230616E-02   0.484457E+00
 0.756000E+01  -0.223252E-02   0.484238E+00
 0.757000E+01  -0.215866E-02   0.484026E+00
 0.758000E+01  -0.208459E-02   0.483821E+00
 0.759000E+01  -0.201030E-02   0.483622E+00
 0.760000E+01  -0.193582E-02   0.483429E+00
 0.761000E+01  -0.186114E-02   0.483244E+00
 0.762000E+01  -0.178627E-02   0.483065E+00
 0.763000E+01  -0.171123E-02   0.482893E+00
 0.764000E+01  -0.163602E-02   0.482729E+00
 0.765000E+01  -0.156064E-02   0.482571E+00
 0.766000E+01  -0.148511E-02   0.482421E+00
 0.767000E+01  -0.140942E-02   0.482277E+00
 0.768000E+01  -0.133360E-02   0.482141E+00
 0.769000E+01  -0.125764E-02   0.482013E+00
 0.770000E+01  -0.118156E-02   0.481891E+00
 0.771000E+01  -0.110536E-02   0.481777E+00
 0.772000E+01  -0.102905E-02   0.481671E+00
 0.773000E+01  -0.952634E-03   0.481572E+00
 0.774000E+01  -0.876125E-03   0.481480E+00
 0.775000E+01  -0.799528E-03   0.481396E+00
 0.776000E+01  -0.722851E-03   0.481320E+00
 0.777000E+01  -0.646102E-03   0.481251E+00
 0.778000E+01  -0.569288E-03   0.481190E+00
 0.779000E+01  -0.492417E-03   0.481137E+00
 0.780000E+01  -0.415497E-03   0.481091E+00
 0.781000E+01  -0.338536E-03   0.481053E+00
 0.782000E+01  -0.261540E-03   0.481023E+00
 0.783000E+01  -0.184519E-03   0.481001E+00
 0.784000E+01  -0.107479E-03   0.480986E+00
 0.785000E+01  -0.304279E-04   0.480979E+00
 0.786000E+01   0.466259E-04   0.480980E+00
 0.787000E+01   0.123675E-03   0.480989E+00
 0.788000E+01   0.200712E-03   0.481005E+00
 0.789000E+01   0.277728E-03   0.481030E+00
 0.790000E+01   0.354717E-03   0.481061E+00
 0.791000E+01   0.431671E-03   0.481101E+00
 0.792000E+01   0.508581E-03   0.481149E+00
 0.793000E+01   0.585441E-03   0.481204E+00
 0.794000E+01   0.662241E-03   0.481266E+00
 0.795000E+01   0.738976E-03   0.481337E+00
 0.796000E+01   0.815637E-03   0.481415E+00
 0.797000E+01   0.892216E-03   0.481501E+00
 0.798000E+01   0.968706E-03   0.481594E+00
 0.799000E+01   0.104510E-02   0.481695E+00
 0.800000E+01   0.112139E-02   0.481803E+00
 0.801000E+01   0.119756E-02   0.481919E+00
 0.802000E+01   0.127362E-02   0.482042E+00
 0.803000E+01   0.134955E-02   0.482172E+00
 0.804000E+01   0.142534E-02   0.482310E+00
 0.805000E+01   0.150100E-02   0.482455E+00
 0.806000E+01   0.157650E-02   0.482607E+00
 0.807000E+01   0.165184E-02   0.482766E+00
 0.808000E+01   0.172702E-02   0.482932E+00
 0.809000E+01   0.180203E-02   0.483106E+00
 0.810000E+01   0.187685E-02   0.483286E+00
 0.811000E+01   0.195149E-02   0.483473E+00
 0.812000E+01   0.202593E-02   0.483667E+00
 0.813000E+01   0.210018E-02   0.483867E+00
 0.814000E+01   0.217421E-02   0.484074E+00
 0.815000E+01   0.224802E-02   0.484288E+00
 0.816000E+01   0.232161E-02   0.484508E+00
 0.817000E+01   0.239496E-02   0.484735E+00
 0.818000E+01   0.246808E-02   0.484967E+00
 0.819000E+01   0.254095E-02   0.485206E+00
 0.820000E+01   0.261357E-02   0.485451E+00
 0.821000E+01   0.268592E-02   0.485702E+00
 0.822000E+01   0.275801E-02   0.485959E+00
 0.823000E+01   0.282982E-02   0.486222E+00
 0.824000E+01   0.290134E-02   0.486490E+00
 0.825000E+01   0.297258E-02   0.486764E+00
 0.826000E+01   0.304352E-02   0.487043E+00
 0.827000E+01   0.311416E-02   0.487328E+00
 0.828000E+01   0.318448E-02   0.487618E+00
 0.829000E+01   0.325448E-02   0.487913E+00
 0.830000E+01   0.332416E-02   0.488213E+00
 0.831000E+01   0.339351E-02   0.488518E+00
 0.832000E+01   0.346252E-02   0.488828E+00
 0.833000E+01   0.353118E-02   0.489142E+00
 0.834000E+01   0.359949E-02   0.489461E+00
 0.835000E+01   0.366744E-02   0.489784E+00
 0.836000E+01   0.373502E-02   0.490111E+00
 0.837000E+01   0.380223E-02   0.490443E+00
 0.838000E+01   0.386906E-02   0.490779E+00
 0.839000E+01   0.393550E-02   0.491118E+00
 0.840000E+01   0.400155E-02   0.491461E+00
 0.841000E+01   0.406720E-02   0.491808E+00
 0.842000E+01   0.413244E-02   0.492158E+00
 0.843000E+01   0.419727E-02   0.492511E+00
 0.844000E+01   0.426167E-02   0.492868E+00
 0.845000E+01   0.432566E-02   0.493227E+00
 0.846000E+01   0.438921E-02   0.493590E+00
 0.847000E+01   0.445232E-02   0.493955E+00
 0.848000E+01   0.451498E-02   0.494323E+00
 0.849000E+01   0.457719E-02   0.494693E+00
 0.850000E+01   0.463895E-02   0.495066E+00
 0.851000E+01   0.470024E-02   0.495440E+00
 0.852000E+01   0.476106E-02   0.495817E+00
 0.853000E+01   0.482141E-02   0.496195E+00
 0.854000E+01   0.488127E-02   0.496575E+00
 0.855000E+01   0.494065E-02   0.496957E+00
 0.856000E+01   0.499953E-02   0.497340E+00
 0.857000E+01   0.505791E-02   0.497724E+00
 0.858000E+01   0.511579E-02   0.498110E+00
 0.859000E+01   0.517315E-02   0.498496E+00
 0.860000E+01   0.523000E-02   0.498883E+00
 0.861000E+01   0.528633E-02   0.499271E+00
 0.862000E+01   0.534212E-02   0.499659E+00
 0.863000E+01   0.539738E-02   0.500047E+00
 0.864000E+01   0.545210E-02   0.500436E+00
 0.865000E+01   0.550628E-02   0.500824E+00
 0.866000E+01   0.555991E-02   0.501212E+00
 0.867000E+01   0.561297E-02   0.501600E+00
 0.868000E+01   0.566548E-02   0.501988E+00
 0.869000E+01   0.571742E-02   0.502375E+00
 0.870000E+01   0.576879E-02   0.502761E+00
 0.871000E+01   0.581959E-02   0.503146E+00
 0.872000E+01   0.586980E-02   0.503530E+00
 0.873000E+01   0.591942E-02   0.503913E+00
 0.874000E+01   0.596846E-02   0.504295E+00
 0.875000E+01   0.601689E-02   0.504674E+00
 0.876000E+01   0.606472E-02   0.505053E+00
 0.877000E+01   0.611195E-02   0.505429E+00
 0.878000E+01   0.615857E-02   0.505803E+00
 0.879000E+01   0.620457E-02   0.506175E+00
 0.880000E+01   0.624995E-02   0.506545E+00
 0.881000E+01   0.629470E-02   0.506913E+00
 0.882000E+01   0.633883E-02   0.507277E+00
 0.883000E+01   0.638232E-02   0.507639E+00
 0.884000E+01   0.642517E-02   0.507998E+00
 0.885000E+01   0.646738E-02   0.508355E+00
 0.886000E+01   0.650895E-02   0.508708E+00
 0.887000E+01   0.654986E-02   0.509057E+00
 0.888000E+01   0.659012E-02   0.509403E+00
 0.889000E+01   0.662972E-02   0.509746E+00
 0.890000E+01   0.666865E-02   0.510085E+00
 0.891000E+01   0.670692E-02   0.510420E+00
 0.892000E+01   0.674452E-02   0.510750E+00
 0.893000E+01   0.678145E-02   0.511077E+00
 0.894000E+01   0.681769E-02   0.511400E+00
 0.895000E+01   0.685326E-02   0.511718E+00
 0.896000E+01   0.688813E-02   0.512031E+00
 0.897000E+01   0.692232E-02   0.512340E+00
 0.898000E+01   0.695582E-02   0.512645E+00
 0.899000E+01   0.698862E-02   0.512944E+00
 0.900000E+01   0.702073E-02   0.513238E+00
 0.901000E+01   0.705213E-02   0.513527E+00
 0.902000E+01   0.708282E-02   0.513811E+00
 0.903000E+01   0.711281E-02   0.514090E+00
 0.904000E+01   0.714209E-02   0.514363E+00
 0.905000E+01   0.717065E-02   0.514630E+00
 0.906000E+01   0.719850E-02   0.514892E+00
 0.907000E+01   0.722562E-02   0.515148E+00
 0.908000E+01   0.725202E-02   0.515398E+00
 0.909000E+01   0.727770E-02   0.515642E+00
 0.910000E+01   0.730265E-02   0.515880E+00
 0.911000E+01   0.732687E-02   0.516112E+00
 0.912000E+01   0.735036E-02   0.516337E+00
 0.913000E+01   0.737311E-02   0.516557E+00
 0.914000E+01   0.739512E-02   0.516769E+00
 0.915000E+01   0.741640E-02   0.516975E+00
 0.916000E+01   0.743693E-02   0.517175E+00
 0.917000E+01   0.745672E-02   0.517368E+00
 0.918000E+01   0.747577E-02   0.517554E+00
 0.919000E+01   0.749406E-02   0.517733E+00
 0.920000E+01   0.751161E-02   0.517905E+00
 0.921000E+01   0.752841E-02   0.518070E+00
 0.922000E+01   0.754445E-02   0.518229E+00
 0.923000E+01   0.755974E-02   0.518380E+00
 0.924000E+01   0.757427E-02   0.518523E+00
 0.925000E+01   0.758805E-02   0.518660E+00
 0.926000E+01   0.760106E-02   0.518789E+00
 0.927000E+01   0.761332E-02   0.518911E+00
 0.928000E+01   0.762481E-02   0.519026E+00
 0.929000E+01   0.763555E-02   0.519133E+00
 0.930000E+01   0.764551E-02   0.519232E+00
 0.931000E+01   0.765472E-02   0.519325E+00
 0.932000E+01   0.766316E-02   0.519409E+00
 0.933000E+01   0.767083E-02   0.519486E+00
 0.934000E+01   0.767774E-02   0.519555E+00
 0.935000E+01   0.768387E-02   0.519617E+00
 0.936000E+01   0.768924E-02   0.519671E+00
 0.937000E+01   0.769384E-02   0.519717E+00
 0.938000E+01   0.769767E-02   0.519755E+00
 0.939000E+01   0.770073E-02   0.519786E+00
 0.940000E+01   0.770303E-02   0.519809E+00
 0.941000E+01   0.770455E-02   0.519824E+00
 0.942000E+01   0.770530E-02   0.519832E+00
 0.943000E+01   0.770528E-02   0.519832E+00
 0.944000E+01   0.770449E-02   0.519824E+00
 0.945000E+01   0.770293E-02   0.519808E+00
 0.946000E+01   0.770059E-02   0.519784E+00
 0.947000E+01   0.769749E-02   0.519753E+00
 0.948000E+01   0.769362E-02   0.519714E+00
 0.949000E+01   0.768898E-02   0.519667E+00
 0.950000E+01   0.768357E-02   0.519612E+00
 0.951000E+01   0.767739E-02   0.519550E+00
 0.952000E+01   0.767045E-02   0.519480E+00
 0.953000E+01   0.766274E-02   0.519403E+00
 0.954000E+01   0.765426E-02   0.519318E+00
 0.955000E+01   0.764501E-02   0.519225E+00
 0.956000E+01   0.763500E-02   0.519125E+00
 0.957000E+01   0.762423E-02   0.519017E+00
 0.958000E+01   0.761270E-02   0.518902E+00
 0.959000E+01   0.760040E-02   0.518780E+00
 0.960000E+01   0.758734E-02   0.518650E+00
 0.961000E+01   0.757353E-02   0.518513E+00
 0.962000E+01   0.755896E-02   0.518368E+00
 0.963000E+01   0.754363E-02   0.518217E+00
 0.964000E+01   0.752755E-02   0.518058E+00
 0.965000E+01   0.751071E-02   0.517892E+00
 0.966000E+01   0.749313E-02   0.517720E+00
 0.967000E+01   0.747479E-02   0.517540E+00
 0.968000E+01   0.745571E-02   0.517353E+00
 0.969000E+01   0.743588E-02   0.517160E+00
 0.970000E+01   0.741531E-02   0.516960E+00
 0.971000E+01   0.739399E-02   0.516753E+00
 0.972000E+01   0.737194E-02   0.516540E+00
 0.973000E+01   0.734915E-02   0.516321E+00
 0.974000E+01   0.732562E-02   0.516095E+00
 0.975000E+01   0.730137E-02   0.515862E+00
 0.976000E+01   0.727638E-02   0.515624E+00
 0.977000E+01   0.725066E-02   0.515379E+00
 0.978000E+01   0.722422E-02   0.515129E+00
 0.979000E+01   0.719706E-02   0.514872E+00
 0.980000E+01   0.716918E-02   0.514610E+00
 0.981000E+01   0.714058E-02   0.514342E+00
 0.982000E+01   0.711126E-02   0.514069E+00
 0.983000E+01   0.708124E-02   0.513790E+00
 0.984000E+01   0.705050E-02   0.513506E+00
 0.985000E+01   0.701907E-02   0.513216E+00
 0.986000E+01   0.698693E-02   0.512921E+00
 0.987000E+01   0.695409E-02   0.512622E+00
 0.988000E+01   0.692055E-02   0.512317E+00
 0.989000E+01   0.688633E-02   0.512008E+00
 0.990000E+01   0.685141E-02   0.511694E+00
 0.991000E+01   0.681581E-02   0.511375E+00
 0.992000E+01   0.677953E-02   0.511053E+00
 0.993000E+01   0.674257E-02   0.510726E+00
 0.994000E+01   0.670494E-02   0.510394E+00
 0.995000E+01   0.666664E-02   0.510059E+00
 0.996000E+01   0.662766E-02   0.509720E+00
 0.997000E+01   0.658803E-02   0.509377E+00
 0.998000E+01   0.654774E-02   0.509031E+00
 0.999000E+01   0.650679E-02   0.508681E+00
 0.100000E+02   0.646519E-02   0.508328E+00
