 0.100000E-02  -0.387774E-02   0.697257E-02   0.437210E-01   0.413037E-01
 0.200000E-02  -0.384433E-02   0.697257E-02   0.437141E-01   0.413037E-01
 0.300000E-02  -0.378863E-02   0.697257E-02   0.437025E-01   0.413037E-01
 0.400000E-02  -0.371067E-02   0.697257E-02   0.436863E-01   0.413037E-01
 0.500000E-02  -0.361044E-02   0.697257E-02   0.436655E-01   0.413037E-01
 0.600000E-02  -0.348794E-02   0.697257E-02   0.436401E-01   0.413037E-01
 0.700000E-02  -0.334320E-02   0.697257E-02   0.436101E-01   0.413037E-01
 0.800000E-02  -0.317621E-02   0.697257E-02   0.435756E-01   0.413037E-01
 0.900000E-02  -0.298699E-02   0.697257E-02   0.435366E-01   0.413037E-01
 0.100000E-01  -0.277554E-02   0.697257E-02   0.434932E-01   0.413037E-01
 0.110000E-01  -0.254189E-02   0.697257E-02   0.434453E-01   0.413037E-01
 0.120000E-01  -0.228605E-02   0.697257E-02   0.433931E-01   0.413037E-01
 0.130000E-01  -0.200802E-02   0.697257E-02   0.433365E-01   0.413037E-01
 0.140000E-01  -0.170784E-02   0.697257E-02   0.432756E-01   0.413037E-01
 0.150000E-01  -0.138552E-02   0.697257E-02   0.432105E-01   0.413037E-01
 0.160000E-01  -0.104107E-02   0.697257E-02   0.431412E-01   0.413037E-01
 0.170000E-01  -0.674527E-03   0.697257E-02   0.430679E-01   0.413037E-01
 0.180000E-01  -0.285906E-03   0.697257E-02   0.429905E-01   0.413037E-01
 0.190000E-01   0.124766E-03   0.697257E-02   0.429092E-01   0.413037E-01
 0.200000E-01   0.557465E-03   0.697257E-02   0.428240E-01   0.413037E-01
 0.210000E-01   0.101216E-02   0.697256E-02   0.427350E-01   0.413037E-01
 0.220000E-01   0.148883E-02   0.697256E-02   0.426423E-01   0.413037E-01
 0.230000E-01   0.198744E-02   0.697256E-02   0.425460E-01   0.413037E-01
 0.240000E-01   0.250797E-02   0.697256E-02   0.424461E-01   0.413037E-01
 0.250000E-01   0.305037E-02   0.697256E-02   0.423429E-01   0.413037E-01
 0.260000E-01   0.361461E-02   0.697256E-02   0.422362E-01   0.413037E-01
 0.270000E-01   0.420067E-02   0.697256E-02   0.421264E-01   0.413037E-01
 0.280000E-01   0.480850E-02   0.697256E-02   0.420135E-01   0.413037E-01
 0.290000E-01   0.543806E-02   0.697256E-02   0.418975E-01   0.413037E-01
 0.300000E-01   0.608933E-02   0.697256E-02   0.417787E-01   0.413037E-01
 0.310000E-01   0.676225E-02   0.697256E-02   0.416571E-01   0.413037E-01
 0.320000E-01   0.745679E-02   0.697255E-02   0.415328E-01   0.413037E-01
 0.330000E-01   0.817291E-02   0.697255E-02   0.414061E-01   0.413037E-01
 0.340000E-01   0.891055E-02   0.697255E-02   0.412769E-01   0.413037E-01
 0.350000E-01   0.966969E-02   0.697255E-02   0.411455E-01   0.413037E-01
 0.360000E-01   0.104503E-01   0.697255E-02   0.410120E-01   0.413037E-01
 0.370000E-01   0.112522E-01   0.697255E-02   0.408765E-01   0.413037E-01
 0.380000E-01   0.120755E-01   0.697255E-02   0.407391E-01   0.413037E-01
 0.390000E-01   0.129202E-01   0.697255E-02   0.406001E-01   0.413036E-01
 0.400000E-01   0.137860E-01   0.697254E-02   0.404595E-01   0.413036E-01
 0.410000E-01   0.146731E-01   0.697254E-02   0.403175E-01   0.413036E-01
 0.420000E-01   0.155813E-01   0.697254E-02   0.401744E-01   0.413036E-01
 0.430000E-01   0.165105E-01   0.697254E-02   0.400301E-01   0.413036E-01
 0.440000E-01   0.174608E-01   0.697254E-02   0.398849E-01   0.413036E-01
 0.450000E-01   0.184321E-01   0.697254E-02   0.397390E-01   0.413036E-01
 0.460000E-01   0.194243E-01   0.697254E-02   0.395925E-01   0.413036E-01
 0.470000E-01   0.204374E-01   0.697253E-02   0.394456E-01   0.413036E-01
 0.480000E-01   0.214713E-01   0.697253E-02   0.392985E-01   0.413036E-01
 0.490000E-01   0.225259E-01   0.697253E-02   0.391513E-01   0.413036E-01
 0.500000E-01   0.236012E-01   0.697253E-02   0.390042E-01   0.413036E-01
 0.510000E-01   0.246971E-01   0.697253E-02   0.388575E-01   0.413036E-01
 0.520000E-01   0.258136E-01   0.697253E-02   0.387112E-01   0.413036E-01
 0.530000E-01   0.269505E-01   0.697252E-02   0.385656E-01   0.413036E-01
 0.540000E-01   0.281079E-01   0.697252E-02   0.384209E-01   0.413036E-01
 0.550000E-01   0.292857E-01   0.697252E-02   0.382772E-01   0.413036E-01
 0.560000E-01   0.304837E-01   0.697252E-02   0.381347E-01   0.413036E-01
 0.570000E-01   0.317020E-01   0.697252E-02   0.379937E-01   0.413036E-01
 0.580000E-01   0.329404E-01   0.697251E-02   0.378544E-01   0.413035E-01
 0.590000E-01   0.341990E-01   0.697251E-02   0.377169E-01   0.413035E-01
 0.600000E-01   0.354775E-01   0.697251E-02   0.375814E-01   0.413035E-01
 0.610000E-01   0.367760E-01   0.697251E-02   0.374482E-01   0.413035E-01
 0.620000E-01   0.380943E-01   0.697251E-02   0.373174E-01   0.413035E-01
 0.630000E-01   0.394325E-01   0.697250E-02   0.371893E-01   0.413035E-01
 0.640000E-01   0.407904E-01   0.697250E-02   0.370640E-01   0.413035E-01
 0.650000E-01   0.421679E-01   0.697250E-02   0.369419E-01   0.413035E-01
 0.660000E-01   0.435651E-01   0.697250E-02   0.368230E-01   0.413035E-01
 0.670000E-01   0.449817E-01   0.697249E-02   0.367076E-01   0.413035E-01
 0.680000E-01   0.464178E-01   0.697249E-02   0.365960E-01   0.413035E-01
 0.690000E-01   0.478732E-01   0.697249E-02   0.364883E-01   0.413035E-01
 0.700000E-01   0.493479E-01   0.697249E-02   0.363848E-01   0.413035E-01
 0.710000E-01   0.508418E-01   0.697248E-02   0.362856E-01   0.413035E-01
 0.720000E-01   0.523548E-01   0.697248E-02   0.361911E-01   0.413034E-01
 0.730000E-01   0.538868E-01   0.697248E-02   0.361014E-01   0.413034E-01
 0.740000E-01   0.554378E-01   0.697248E-02   0.360167E-01   0.413034E-01
 0.750000E-01   0.570077E-01   0.697247E-02   0.359373E-01   0.413034E-01
 0.760000E-01   0.585963E-01   0.697247E-02   0.358634E-01   0.413034E-01
 0.770000E-01   0.602037E-01   0.697247E-02   0.357952E-01   0.413034E-01
 0.780000E-01   0.618297E-01   0.697247E-02   0.357330E-01   0.413034E-01
 0.790000E-01   0.634742E-01   0.697246E-02   0.356770E-01   0.413034E-01
 0.800000E-01   0.651372E-01   0.697246E-02   0.356275E-01   0.413034E-01
 0.810000E-01   0.668186E-01   0.697246E-02   0.355845E-01   0.413034E-01
 0.820000E-01   0.685183E-01   0.697246E-02   0.355485E-01   0.413034E-01
 0.830000E-01   0.702362E-01   0.697245E-02   0.355195E-01   0.413034E-01
 0.840000E-01   0.719722E-01   0.697245E-02   0.354979E-01   0.413033E-01
 0.850000E-01   0.737263E-01   0.697245E-02   0.354839E-01   0.413033E-01
 0.860000E-01   0.754983E-01   0.697244E-02   0.354777E-01   0.413033E-01
 0.870000E-01   0.772881E-01   0.697244E-02   0.354796E-01   0.413033E-01
 0.880000E-01   0.790958E-01   0.697244E-02   0.354898E-01   0.413033E-01
 0.890000E-01   0.809211E-01   0.697243E-02   0.355085E-01   0.413033E-01
 0.900000E-01   0.827640E-01   0.697243E-02   0.355359E-01   0.413033E-01
 0.910000E-01   0.846245E-01   0.697243E-02   0.355723E-01   0.413033E-01
 0.920000E-01   0.865024E-01   0.697242E-02   0.356180E-01   0.413033E-01
 0.930000E-01   0.883976E-01   0.697242E-02   0.356732E-01   0.413033E-01
 0.940000E-01   0.903100E-01   0.697242E-02   0.357380E-01   0.413032E-01
 0.950000E-01   0.922396E-01   0.697241E-02   0.358128E-01   0.413032E-01
 0.960000E-01   0.941863E-01   0.697241E-02   0.358978E-01   0.413032E-01
 0.970000E-01   0.961499E-01   0.697241E-02   0.359932E-01   0.413032E-01
 0.980000E-01   0.981305E-01   0.697240E-02   0.360993E-01   0.413032E-01
 0.990000E-01   0.100128E+00   0.697240E-02   0.362163E-01   0.413032E-01
 0.100000E+00   0.102142E+00   0.697240E-02   0.363444E-01   0.413032E-01
 0.101000E+00   0.104172E+00   0.697239E-02   0.364839E-01   0.413032E-01
 0.102000E+00   0.106220E+00   0.697239E-02   0.366350E-01   0.413032E-01
 0.103000E+00   0.108283E+00   0.697239E-02   0.367979E-01   0.413032E-01
 0.104000E+00   0.110363E+00   0.697238E-02   0.369729E-01   0.413031E-01
 0.105000E+00   0.112459E+00   0.697238E-02   0.371602E-01   0.413031E-01
 0.106000E+00   0.114572E+00   0.697238E-02   0.373601E-01   0.413031E-01
 0.107000E+00   0.116700E+00   0.697237E-02   0.375727E-01   0.413031E-01
 0.108000E+00   0.118844E+00   0.697237E-02   0.377984E-01   0.413031E-01
 0.109000E+00   0.121005E+00   0.697237E-02   0.380374E-01   0.413031E-01
 0.110000E+00   0.123181E+00   0.697236E-02   0.382898E-01   0.413031E-01
 0.111000E+00   0.125372E+00   0.697236E-02   0.385560E-01   0.413031E-01
 0.112000E+00   0.127580E+00   0.697235E-02   0.388361E-01   0.413030E-01
 0.113000E+00   0.129803E+00   0.697235E-02   0.391304E-01   0.413030E-01
 0.114000E+00   0.132041E+00   0.697235E-02   0.394391E-01   0.413030E-01
 0.115000E+00   0.134295E+00   0.697234E-02   0.397625E-01   0.413030E-01
 0.116000E+00   0.136563E+00   0.697234E-02   0.401007E-01   0.413030E-01
 0.117000E+00   0.138847E+00   0.697233E-02   0.404541E-01   0.413030E-01
 0.118000E+00   0.141146E+00   0.697233E-02   0.408228E-01   0.413030E-01
 0.119000E+00   0.143460E+00   0.697233E-02   0.412070E-01   0.413030E-01
 0.120000E+00   0.145789E+00   0.697232E-02   0.416071E-01   0.413029E-01
 0.121000E+00   0.148133E+00   0.697232E-02   0.420232E-01   0.413029E-01
 0.122000E+00   0.150491E+00   0.697231E-02   0.424555E-01   0.413029E-01
 0.123000E+00   0.152864E+00   0.697231E-02   0.429042E-01   0.413029E-01
 0.124000E+00   0.155251E+00   0.697230E-02   0.433697E-01   0.413029E-01
 0.125000E+00   0.157653E+00   0.697230E-02   0.438521E-01   0.413029E-01
 0.126000E+00   0.160069E+00   0.697230E-02   0.443516E-01   0.413029E-01
 0.127000E+00   0.162499E+00   0.697229E-02   0.448685E-01   0.413028E-01
 0.128000E+00   0.164944E+00   0.697229E-02   0.454029E-01   0.413028E-01
 0.129000E+00   0.167402E+00   0.697228E-02   0.459552E-01   0.413028E-01
 0.130000E+00   0.169874E+00   0.697228E-02   0.465254E-01   0.413028E-01
 0.131000E+00   0.172361E+00   0.697227E-02   0.471139E-01   0.413028E-01
 0.132000E+00   0.174861E+00   0.697227E-02   0.477208E-01   0.413028E-01
 0.133000E+00   0.177374E+00   0.697226E-02   0.483463E-01   0.413028E-01
 0.134000E+00   0.179901E+00   0.697226E-02   0.489907E-01   0.413027E-01
 0.135000E+00   0.182442E+00   0.697225E-02   0.496542E-01   0.413027E-01
 0.136000E+00   0.184996E+00   0.697225E-02   0.503370E-01   0.413027E-01
 0.137000E+00   0.187563E+00   0.697225E-02   0.510393E-01   0.413027E-01
 0.138000E+00   0.190144E+00   0.697224E-02   0.517612E-01   0.413027E-01
 0.139000E+00   0.192738E+00   0.697224E-02   0.525031E-01   0.413027E-01
 0.140000E+00   0.195344E+00   0.697223E-02   0.532651E-01   0.413027E-01
 0.141000E+00   0.197964E+00   0.697223E-02   0.540474E-01   0.413026E-01
 0.142000E+00   0.200597E+00   0.697222E-02   0.548502E-01   0.413026E-01
 0.143000E+00   0.203242E+00   0.697222E-02   0.556737E-01   0.413026E-01
 0.144000E+00   0.205900E+00   0.697221E-02   0.565182E-01   0.413026E-01
 0.145000E+00   0.208570E+00   0.697221E-02   0.573838E-01   0.413026E-01
 0.146000E+00   0.211253E+00   0.697220E-02   0.582707E-01   0.413026E-01
 0.147000E+00   0.213949E+00   0.697220E-02   0.591790E-01   0.413025E-01
 0.148000E+00   0.216657E+00   0.697219E-02   0.601091E-01   0.413025E-01
 0.149000E+00   0.219377E+00   0.697219E-02   0.610611E-01   0.413025E-01
 0.150000E+00   0.222109E+00   0.697218E-02   0.620352E-01   0.413025E-01
 0.151000E+00   0.224853E+00   0.697217E-02   0.630315E-01   0.413025E-01
 0.152000E+00   0.227609E+00   0.697217E-02   0.640504E-01   0.413025E-01
 0.153000E+00   0.230377E+00   0.697216E-02   0.650918E-01   0.413024E-01
 0.154000E+00   0.233157E+00   0.697216E-02   0.661561E-01   0.413024E-01
 0.155000E+00   0.235948E+00   0.697215E-02   0.672434E-01   0.413024E-01
 0.156000E+00   0.238752E+00   0.697215E-02   0.683540E-01   0.413024E-01
 0.157000E+00   0.241566E+00   0.697214E-02   0.694879E-01   0.413024E-01
 0.158000E+00   0.244392E+00   0.697214E-02   0.706453E-01   0.413024E-01
 0.159000E+00   0.247230E+00   0.697213E-02   0.718266E-01   0.413023E-01
 0.160000E+00   0.250079E+00   0.697213E-02   0.730317E-01   0.413023E-01
 0.161000E+00   0.252938E+00   0.697212E-02   0.742609E-01   0.413023E-01
 0.162000E+00   0.255810E+00   0.697211E-02   0.755144E-01   0.413023E-01
 0.163000E+00   0.258692E+00   0.697211E-02   0.767924E-01   0.413023E-01
 0.164000E+00   0.261585E+00   0.697210E-02   0.780949E-01   0.413023E-01
 0.165000E+00   0.264489E+00   0.697210E-02   0.794223E-01   0.413022E-01
 0.166000E+00   0.267403E+00   0.697209E-02   0.807745E-01   0.413022E-01
 0.167000E+00   0.270329E+00   0.697209E-02   0.821519E-01   0.413022E-01
 0.168000E+00   0.273265E+00   0.697208E-02   0.835546E-01   0.413022E-01
 0.169000E+00   0.276211E+00   0.697207E-02   0.849827E-01   0.413022E-01
 0.170000E+00   0.279168E+00   0.697207E-02   0.864365E-01   0.413021E-01
 0.171000E+00   0.282135E+00   0.697206E-02   0.879159E-01   0.413021E-01
 0.172000E+00   0.285113E+00   0.697206E-02   0.894214E-01   0.413021E-01
 0.173000E+00   0.288101E+00   0.697205E-02   0.909528E-01   0.413021E-01
 0.174000E+00   0.291099E+00   0.697204E-02   0.925106E-01   0.413021E-01
 0.175000E+00   0.294107E+00   0.697204E-02   0.940947E-01   0.413021E-01
 0.176000E+00   0.297125E+00   0.697203E-02   0.957053E-01   0.413020E-01
 0.177000E+00   0.300152E+00   0.697203E-02   0.973427E-01   0.413020E-01
 0.178000E+00   0.303190E+00   0.697202E-02   0.990069E-01   0.413020E-01
 0.179000E+00   0.306237E+00   0.697201E-02   0.100698E+00   0.413020E-01
 0.180000E+00   0.309294E+00   0.697201E-02   0.102416E+00   0.413020E-01
 0.181000E+00   0.312361E+00   0.697200E-02   0.104162E+00   0.413019E-01
 0.182000E+00   0.315437E+00   0.697199E-02   0.105935E+00   0.413019E-01
 0.183000E+00   0.318523E+00   0.697199E-02   0.107736E+00   0.413019E-01
 0.184000E+00   0.321617E+00   0.697198E-02   0.109564E+00   0.413019E-01
 0.185000E+00   0.324722E+00   0.697198E-02   0.111420E+00   0.413019E-01
 0.186000E+00   0.327835E+00   0.697197E-02   0.113304E+00   0.413018E-01
 0.187000E+00   0.330957E+00   0.697196E-02   0.115217E+00   0.413018E-01
 0.188000E+00   0.334089E+00   0.697196E-02   0.117157E+00   0.413018E-01
 0.189000E+00   0.337229E+00   0.697195E-02   0.119126E+00   0.413018E-01
 0.190000E+00   0.340379E+00   0.697194E-02   0.121123E+00   0.413017E-01
 0.191000E+00   0.343537E+00   0.697194E-02   0.123149E+00   0.413017E-01
 0.192000E+00   0.346704E+00   0.697193E-02   0.125204E+00   0.413017E-01
 0.193000E+00   0.349879E+00   0.697192E-02   0.127288E+00   0.413017E-01
 0.194000E+00   0.353064E+00   0.697192E-02   0.129401E+00   0.413017E-01
 0.195000E+00   0.356256E+00   0.697191E-02   0.131543E+00   0.413016E-01
 0.196000E+00   0.359457E+00   0.697190E-02   0.133714E+00   0.413016E-01
 0.197000E+00   0.362667E+00   0.697190E-02   0.135915E+00   0.413016E-01
 0.198000E+00   0.365885E+00   0.697189E-02   0.138145E+00   0.413016E-01
 0.199000E+00   0.369111E+00   0.697188E-02   0.140405E+00   0.413016E-01
 0.200000E+00   0.372346E+00   0.697188E-02   0.142694E+00   0.413015E-01
 0.201000E+00   0.375588E+00   0.697187E-02   0.145014E+00   0.413015E-01
 0.202000E+00   0.378838E+00   0.697186E-02   0.147363E+00   0.413015E-01
 0.203000E+00   0.382097E+00   0.697185E-02   0.149743E+00   0.413015E-01
 0.204000E+00   0.385363E+00   0.697185E-02   0.152152E+00   0.413014E-01
 0.205000E+00   0.388637E+00   0.697184E-02   0.154592E+00   0.413014E-01
 0.206000E+00   0.391919E+00   0.697183E-02   0.157063E+00   0.413014E-01
 0.207000E+00   0.395209E+00   0.697183E-02   0.159564E+00   0.413014E-01
 0.208000E+00   0.398506E+00   0.697182E-02   0.162096E+00   0.413014E-01
 0.209000E+00   0.401811E+00   0.697181E-02   0.164658E+00   0.413013E-01
 0.210000E+00   0.405124E+00   0.697180E-02   0.167251E+00   0.413013E-01
 0.211000E+00   0.408443E+00   0.697180E-02   0.169876E+00   0.413013E-01
 0.212000E+00   0.411771E+00   0.697179E-02   0.172531E+00   0.413013E-01
 0.213000E+00   0.415105E+00   0.697178E-02   0.175217E+00   0.413012E-01
 0.214000E+00   0.418447E+00   0.697177E-02   0.177935E+00   0.413012E-01
 0.215000E+00   0.421796E+00   0.697177E-02   0.180684E+00   0.413012E-01
 0.216000E+00   0.425152E+00   0.697176E-02   0.183464E+00   0.413012E-01
 0.217000E+00   0.428515E+00   0.697175E-02   0.186276E+00   0.413011E-01
 0.218000E+00   0.431885E+00   0.697174E-02   0.189120E+00   0.413011E-01
 0.219000E+00   0.435262E+00   0.697174E-02   0.191995E+00   0.413011E-01
 0.220000E+00   0.438646E+00   0.697173E-02   0.194903E+00   0.413011E-01
 0.221000E+00   0.442037E+00   0.697172E-02   0.197842E+00   0.413010E-01
 0.222000E+00   0.445434E+00   0.697171E-02   0.200813E+00   0.413010E-01
 0.223000E+00   0.448838E+00   0.697171E-02   0.203816E+00   0.413010E-01
 0.224000E+00   0.452249E+00   0.697170E-02   0.206851E+00   0.413010E-01
 0.225000E+00   0.455666E+00   0.697169E-02   0.209919E+00   0.413010E-01
 0.226000E+00   0.459090E+00   0.697168E-02   0.213019E+00   0.413009E-01
 0.227000E+00   0.462520E+00   0.697167E-02   0.216151E+00   0.413009E-01
 0.228000E+00   0.465957E+00   0.697167E-02   0.219316E+00   0.413009E-01
 0.229000E+00   0.469400E+00   0.697166E-02   0.222513E+00   0.413009E-01
 0.230000E+00   0.472849E+00   0.697165E-02   0.225743E+00   0.413008E-01
 0.231000E+00   0.476304E+00   0.697164E-02   0.229006E+00   0.413008E-01
 0.232000E+00   0.479766E+00   0.697163E-02   0.232301E+00   0.413008E-01
 0.233000E+00   0.483234E+00   0.697163E-02   0.235630E+00   0.413007E-01
 0.234000E+00   0.486707E+00   0.697162E-02   0.238991E+00   0.413007E-01
 0.235000E+00   0.490187E+00   0.697161E-02   0.242385E+00   0.413007E-01
 0.236000E+00   0.493673E+00   0.697160E-02   0.245813E+00   0.413007E-01
 0.237000E+00   0.497164E+00   0.697159E-02   0.249273E+00   0.413006E-01
 0.238000E+00   0.500662E+00   0.697158E-02   0.252767E+00   0.413006E-01
 0.239000E+00   0.504165E+00   0.697158E-02   0.256294E+00   0.413006E-01
 0.240000E+00   0.507673E+00   0.697157E-02   0.259855E+00   0.413006E-01
 0.241000E+00   0.511188E+00   0.697156E-02   0.263449E+00   0.413005E-01
 0.242000E+00   0.514708E+00   0.697155E-02   0.267076E+00   0.413005E-01
 0.243000E+00   0.518234E+00   0.697154E-02   0.270737E+00   0.413005E-01
 0.244000E+00   0.521765E+00   0.697153E-02   0.274432E+00   0.413005E-01
 0.245000E+00   0.525302E+00   0.697153E-02   0.278160E+00   0.413004E-01
 0.246000E+00   0.528844E+00   0.697152E-02   0.281922E+00   0.413004E-01
 0.247000E+00   0.532391E+00   0.697151E-02   0.285718E+00   0.413004E-01
 0.248000E+00   0.535944E+00   0.697150E-02   0.289547E+00   0.413004E-01
 0.249000E+00   0.539501E+00   0.697149E-02   0.293411E+00   0.413003E-01
 0.250000E+00   0.543065E+00   0.697148E-02   0.297309E+00   0.413003E-01
 0.251000E+00   0.546633E+00   0.697147E-02   0.301240E+00   0.413003E-01
 0.252000E+00   0.550206E+00   0.697147E-02   0.305206E+00   0.413002E-01
 0.253000E+00   0.553784E+00   0.697146E-02   0.309206E+00   0.413002E-01
 0.254000E+00   0.557368E+00   0.697145E-02   0.313240E+00   0.413002E-01
 0.255000E+00   0.560956E+00   0.697144E-02   0.317308E+00   0.413002E-01
 0.256000E+00   0.564549E+00   0.697143E-02   0.321410E+00   0.413001E-01
 0.257000E+00   0.568147E+00   0.697142E-02   0.325547E+00   0.413001E-01
 0.258000E+00   0.571750E+00   0.697141E-02   0.329719E+00   0.413001E-01
 0.259000E+00   0.575358E+00   0.697140E-02   0.333924E+00   0.413000E-01
 0.260000E+00   0.578970E+00   0.697139E-02   0.338164E+00   0.413000E-01
 0.261000E+00   0.582587E+00   0.697138E-02   0.342439E+00   0.413000E-01
 0.262000E+00   0.586209E+00   0.697138E-02   0.346748E+00   0.413000E-01
 0.263000E+00   0.589835E+00   0.697137E-02   0.351092E+00   0.412999E-01
 0.264000E+00   0.593466E+00   0.697136E-02   0.355471E+00   0.412999E-01
 0.265000E+00   0.597101E+00   0.697135E-02   0.359884E+00   0.412999E-01
 0.266000E+00   0.600741E+00   0.697134E-02   0.364332E+00   0.412998E-01
 0.267000E+00   0.604385E+00   0.697133E-02   0.368815E+00   0.412998E-01
 0.268000E+00   0.608034E+00   0.697132E-02   0.373333E+00   0.412998E-01
 0.269000E+00   0.611686E+00   0.697131E-02   0.377885E+00   0.412998E-01
 0.270000E+00   0.615343E+00   0.697130E-02   0.382473E+00   0.412997E-01
 0.271000E+00   0.619005E+00   0.697129E-02   0.387095E+00   0.412997E-01
 0.272000E+00   0.622670E+00   0.697128E-02   0.391752E+00   0.412997E-01
 0.273000E+00   0.626340E+00   0.697127E-02   0.396445E+00   0.412996E-01
 0.274000E+00   0.630013E+00   0.697126E-02   0.401172E+00   0.412996E-01
 0.275000E+00   0.633691E+00   0.697125E-02   0.405935E+00   0.412996E-01
 0.276000E+00   0.637373E+00   0.697124E-02   0.410732E+00   0.412995E-01
 0.277000E+00   0.641059E+00   0.697123E-02   0.415565E+00   0.412995E-01
 0.278000E+00   0.644748E+00   0.697123E-02   0.420433E+00   0.412995E-01
 0.279000E+00   0.648442E+00   0.697122E-02   0.425336E+00   0.412995E-01
 0.280000E+00   0.652139E+00   0.697121E-02   0.430274E+00   0.412994E-01
 0.281000E+00   0.655840E+00   0.697120E-02   0.435248E+00   0.412994E-01
 0.282000E+00   0.659545E+00   0.697119E-02   0.440257E+00   0.412994E-01
 0.283000E+00   0.663254E+00   0.697118E-02   0.445301E+00   0.412993E-01
 0.284000E+00   0.666967E+00   0.697117E-02   0.450381E+00   0.412993E-01
 0.285000E+00   0.670683E+00   0.697116E-02   0.455496E+00   0.412993E-01
 0.286000E+00   0.674402E+00   0.697115E-02   0.460647E+00   0.412992E-01
 0.287000E+00   0.678126E+00   0.697114E-02   0.465832E+00   0.412992E-01
 0.288000E+00   0.681853E+00   0.697113E-02   0.471054E+00   0.412992E-01
 0.289000E+00   0.685583E+00   0.697112E-02   0.476311E+00   0.412991E-01
 0.290000E+00   0.689317E+00   0.697111E-02   0.481603E+00   0.412991E-01
 0.291000E+00   0.693054E+00   0.697110E-02   0.486931E+00   0.412991E-01
 0.292000E+00   0.696795E+00   0.697109E-02   0.492294E+00   0.412990E-01
 0.293000E+00   0.700539E+00   0.697108E-02   0.497693E+00   0.412990E-01
 0.294000E+00   0.704286E+00   0.697107E-02   0.503128E+00   0.412990E-01
 0.295000E+00   0.708037E+00   0.697106E-02   0.508598E+00   0.412990E-01
 0.296000E+00   0.711791E+00   0.697105E-02   0.514104E+00   0.412989E-01
 0.297000E+00   0.715548E+00   0.697103E-02   0.519646E+00   0.412989E-01
 0.298000E+00   0.719308E+00   0.697102E-02   0.525223E+00   0.412989E-01
 0.299000E+00   0.723072E+00   0.697101E-02   0.530836E+00   0.412988E-01
 0.300000E+00   0.726838E+00   0.697100E-02   0.536485E+00   0.412988E-01
 0.301000E+00   0.730608E+00   0.697099E-02   0.542169E+00   0.412988E-01
 0.302000E+00   0.734381E+00   0.697098E-02   0.547889E+00   0.412987E-01
 0.303000E+00   0.738156E+00   0.697097E-02   0.553645E+00   0.412987E-01
 0.304000E+00   0.741935E+00   0.697096E-02   0.559437E+00   0.412987E-01
 0.305000E+00   0.745717E+00   0.697095E-02   0.565264E+00   0.412986E-01
 0.306000E+00   0.749502E+00   0.697094E-02   0.571128E+00   0.412986E-01
 0.307000E+00   0.753289E+00   0.697093E-02   0.577027E+00   0.412986E-01
 0.308000E+00   0.757080E+00   0.697092E-02   0.582962E+00   0.412985E-01
 0.309000E+00   0.760873E+00   0.697091E-02   0.588933E+00   0.412985E-01
 0.310000E+00   0.764669E+00   0.697090E-02   0.594939E+00   0.412985E-01
 0.311000E+00   0.768468E+00   0.697089E-02   0.600982E+00   0.412984E-01
 0.312000E+00   0.772269E+00   0.697088E-02   0.607060E+00   0.412984E-01
 0.313000E+00   0.776073E+00   0.697086E-02   0.613174E+00   0.412983E-01
 0.314000E+00   0.779880E+00   0.697085E-02   0.619325E+00   0.412983E-01
 0.315000E+00   0.783690E+00   0.697084E-02   0.625511E+00   0.412983E-01
 0.316000E+00   0.787502E+00   0.697083E-02   0.631733E+00   0.412982E-01
 0.317000E+00   0.791317E+00   0.697082E-02   0.637991E+00   0.412982E-01
 0.318000E+00   0.795134E+00   0.697081E-02   0.644285E+00   0.412982E-01
 0.319000E+00   0.798954E+00   0.697080E-02   0.650615E+00   0.412981E-01
 0.320000E+00   0.802776E+00   0.697079E-02   0.656981E+00   0.412981E-01
 0.321000E+00   0.806601E+00   0.697078E-02   0.663382E+00   0.412981E-01
 0.322000E+00   0.810428E+00   0.697077E-02   0.669820E+00   0.412980E-01
 0.323000E+00   0.814258E+00   0.697075E-02   0.676294E+00   0.412980E-01
 0.324000E+00   0.818090E+00   0.697074E-02   0.682804E+00   0.412980E-01
 0.325000E+00   0.821925E+00   0.697073E-02   0.689349E+00   0.412979E-01
 0.326000E+00   0.825762E+00   0.697072E-02   0.695931E+00   0.412979E-01
 0.327000E+00   0.829601E+00   0.697071E-02   0.702549E+00   0.412979E-01
 0.328000E+00   0.833442E+00   0.697070E-02   0.709203E+00   0.412978E-01
 0.329000E+00   0.837286E+00   0.697069E-02   0.715892E+00   0.412978E-01
 0.330000E+00   0.841131E+00   0.697067E-02   0.722618E+00   0.412977E-01
 0.331000E+00   0.844980E+00   0.697066E-02   0.729380E+00   0.412977E-01
 0.332000E+00   0.848830E+00   0.697065E-02   0.736178E+00   0.412977E-01
 0.333000E+00   0.852682E+00   0.697064E-02   0.743011E+00   0.412976E-01
 0.334000E+00   0.856537E+00   0.697063E-02   0.749881E+00   0.412976E-01
 0.335000E+00   0.860393E+00   0.697062E-02   0.756787E+00   0.412976E-01
 0.336000E+00   0.864252E+00   0.697060E-02   0.763729E+00   0.412975E-01
 0.337000E+00   0.868113E+00   0.697059E-02   0.770707E+00   0.412975E-01
 0.338000E+00   0.871976E+00   0.697058E-02   0.777721E+00   0.412975E-01
 0.339000E+00   0.875840E+00   0.697057E-02   0.784771E+00   0.412974E-01
 0.340000E+00   0.879707E+00   0.697056E-02   0.791857E+00   0.412974E-01
 0.341000E+00   0.883576E+00   0.697055E-02   0.798979E+00   0.412973E-01
 0.342000E+00   0.887446E+00   0.697053E-02   0.806137E+00   0.412973E-01
 0.343000E+00   0.891319E+00   0.697052E-02   0.813331E+00   0.412973E-01
 0.344000E+00   0.895193E+00   0.697051E-02   0.820561E+00   0.412972E-01
 0.345000E+00   0.899070E+00   0.697050E-02   0.827827E+00   0.412972E-01
 0.346000E+00   0.902948E+00   0.697049E-02   0.835129E+00   0.412972E-01
 0.347000E+00   0.906828E+00   0.697047E-02   0.842467E+00   0.412971E-01
 0.348000E+00   0.910710E+00   0.697046E-02   0.849841E+00   0.412971E-01
 0.349000E+00   0.914593E+00   0.697045E-02   0.857251E+00   0.412970E-01
 0.350000E+00   0.918478E+00   0.697044E-02   0.864697E+00   0.412970E-01
 0.351000E+00   0.922365E+00   0.697042E-02   0.872179E+00   0.412970E-01
 0.352000E+00   0.926254E+00   0.697041E-02   0.879697E+00   0.412969E-01
 0.353000E+00   0.930145E+00   0.697040E-02   0.887251E+00   0.412969E-01
 0.354000E+00   0.934037E+00   0.697039E-02   0.894841E+00   0.412968E-01
 0.355000E+00   0.937930E+00   0.697038E-02   0.902467E+00   0.412968E-01
 0.356000E+00   0.941826E+00   0.697036E-02   0.910130E+00   0.412968E-01
 0.357000E+00   0.945723E+00   0.697035E-02   0.917828E+00   0.412967E-01
 0.358000E+00   0.949621E+00   0.697034E-02   0.925561E+00   0.412967E-01
 0.359000E+00   0.953521E+00   0.697033E-02   0.933331E+00   0.412967E-01
 0.360000E+00   0.957423E+00   0.697031E-02   0.941137E+00   0.412966E-01
 0.361000E+00   0.961326E+00   0.697030E-02   0.948979E+00   0.412966E-01
 0.362000E+00   0.965231E+00   0.697029E-02   0.956857E+00   0.412965E-01
 0.363000E+00   0.969137E+00   0.697028E-02   0.964771E+00   0.412965E-01
 0.364000E+00   0.973044E+00   0.697026E-02   0.972720E+00   0.412965E-01
 0.365000E+00   0.976953E+00   0.697025E-02   0.980706E+00   0.412964E-01
 0.366000E+00   0.980864E+00   0.697024E-02   0.988727E+00   0.412964E-01
 0.367000E+00   0.984776E+00   0.697022E-02   0.996785E+00   0.412963E-01
 0.368000E+00   0.988689E+00   0.697021E-02   0.100488E+01   0.412963E-01
 0.369000E+00   0.992603E+00   0.697020E-02   0.101301E+01   0.412963E-01
 0.370000E+00   0.996519E+00   0.697019E-02   0.102117E+01   0.412962E-01
 0.371000E+00   0.100044E+01   0.697017E-02   0.102937E+01   0.412962E-01
 0.372000E+00   0.100436E+01   0.697016E-02   0.103761E+01   0.412961E-01
 0.373000E+00   0.100828E+01   0.697015E-02   0.104588E+01   0.412961E-01
 0.374000E+00   0.101220E+01   0.697013E-02   0.105419E+01   0.412960E-01
 0.375000E+00   0.101612E+01   0.697012E-02   0.106254E+01   0.412960E-01
 0.376000E+00   0.102004E+01   0.697011E-02   0.107092E+01   0.412960E-01
 0.377000E+00   0.102397E+01   0.697009E-02   0.107933E+01   0.412959E-01
 0.378000E+00   0.102789E+01   0.697008E-02   0.108778E+01   0.412959E-01
 0.379000E+00   0.103182E+01   0.697007E-02   0.109627E+01   0.412958E-01
 0.380000E+00   0.103575E+01   0.697006E-02   0.110480E+01   0.412958E-01
 0.381000E+00   0.103968E+01   0.697004E-02   0.111335E+01   0.412958E-01
 0.382000E+00   0.104361E+01   0.697003E-02   0.112195E+01   0.412957E-01
 0.383000E+00   0.104754E+01   0.697002E-02   0.113058E+01   0.412957E-01
 0.384000E+00   0.105148E+01   0.697000E-02   0.113925E+01   0.412956E-01
 0.385000E+00   0.105541E+01   0.696999E-02   0.114795E+01   0.412956E-01
 0.386000E+00   0.105934E+01   0.696998E-02   0.115669E+01   0.412955E-01
 0.387000E+00   0.106328E+01   0.696996E-02   0.116546E+01   0.412955E-01
 0.388000E+00   0.106722E+01   0.696995E-02   0.117427E+01   0.412955E-01
 0.389000E+00   0.107116E+01   0.696993E-02   0.118312E+01   0.412954E-01
 0.390000E+00   0.107510E+01   0.696992E-02   0.119200E+01   0.412954E-01
 0.391000E+00   0.107904E+01   0.696991E-02   0.120091E+01   0.412953E-01
 0.392000E+00   0.108298E+01   0.696989E-02   0.120987E+01   0.412953E-01
 0.393000E+00   0.108692E+01   0.696988E-02   0.121885E+01   0.412952E-01
 0.394000E+00   0.109086E+01   0.696987E-02   0.122788E+01   0.412952E-01
 0.395000E+00   0.109481E+01   0.696985E-02   0.123694E+01   0.412952E-01
 0.396000E+00   0.109875E+01   0.696984E-02   0.124603E+01   0.412951E-01
 0.397000E+00   0.110270E+01   0.696983E-02   0.125516E+01   0.412951E-01
 0.398000E+00   0.110665E+01   0.696981E-02   0.126433E+01   0.412950E-01
 0.399000E+00   0.111059E+01   0.696980E-02   0.127353E+01   0.412950E-01
 0.400000E+00   0.111454E+01   0.696978E-02   0.128277E+01   0.412949E-01
 0.401000E+00   0.111849E+01   0.696977E-02   0.129204E+01   0.412949E-01
 0.402000E+00   0.112244E+01   0.696976E-02   0.130135E+01   0.412949E-01
 0.403000E+00   0.112639E+01   0.696974E-02   0.131069E+01   0.412948E-01
 0.404000E+00   0.113035E+01   0.696973E-02   0.132007E+01   0.412948E-01
 0.405000E+00   0.113430E+01   0.696971E-02   0.132948E+01   0.412947E-01
 0.406000E+00   0.113825E+01   0.696970E-02   0.133893E+01   0.412947E-01
 0.407000E+00   0.114221E+01   0.696969E-02   0.134842E+01   0.412946E-01
 0.408000E+00   0.114616E+01   0.696967E-02   0.135794E+01   0.412946E-01
 0.409000E+00   0.115012E+01   0.696966E-02   0.136750E+01   0.412945E-01
 0.410000E+00   0.115408E+01   0.696964E-02   0.137709E+01   0.412945E-01
 0.411000E+00   0.115803E+01   0.696963E-02   0.138672E+01   0.412945E-01
 0.412000E+00   0.116199E+01   0.696961E-02   0.139638E+01   0.412944E-01
 0.413000E+00   0.116595E+01   0.696960E-02   0.140608E+01   0.412944E-01
 0.414000E+00   0.116991E+01   0.696958E-02   0.141581E+01   0.412943E-01
 0.415000E+00   0.117387E+01   0.696957E-02   0.142558E+01   0.412943E-01
 0.416000E+00   0.117783E+01   0.696956E-02   0.143538E+01   0.412942E-01
 0.417000E+00   0.118179E+01   0.696954E-02   0.144522E+01   0.412942E-01
 0.418000E+00   0.118576E+01   0.696953E-02   0.145510E+01   0.412941E-01
 0.419000E+00   0.118972E+01   0.696951E-02   0.146501E+01   0.412941E-01
 0.420000E+00   0.119368E+01   0.696950E-02   0.147496E+01   0.412940E-01
 0.421000E+00   0.119765E+01   0.696948E-02   0.148494E+01   0.412940E-01
 0.422000E+00   0.120161E+01   0.696947E-02   0.149495E+01   0.412939E-01
 0.423000E+00   0.120558E+01   0.696945E-02   0.150500E+01   0.412939E-01
 0.424000E+00   0.120954E+01   0.696944E-02   0.151509E+01   0.412939E-01
 0.425000E+00   0.121351E+01   0.696942E-02   0.152521E+01   0.412938E-01
 0.426000E+00   0.121748E+01   0.696941E-02   0.153537E+01   0.412938E-01
 0.427000E+00   0.122144E+01   0.696939E-02   0.154556E+01   0.412937E-01
 0.428000E+00   0.122541E+01   0.696938E-02   0.155579E+01   0.412937E-01
 0.429000E+00   0.122938E+01   0.696936E-02   0.156605E+01   0.412936E-01
 0.430000E+00   0.123335E+01   0.696935E-02   0.157635E+01   0.412936E-01
 0.431000E+00   0.123732E+01   0.696933E-02   0.158668E+01   0.412935E-01
 0.432000E+00   0.124129E+01   0.696932E-02   0.159705E+01   0.412935E-01
 0.433000E+00   0.124526E+01   0.696930E-02   0.160745E+01   0.412934E-01
 0.434000E+00   0.124923E+01   0.696929E-02   0.161789E+01   0.412934E-01
 0.435000E+00   0.125320E+01   0.696927E-02   0.162836E+01   0.412933E-01
 0.436000E+00   0.125718E+01   0.696926E-02   0.163887E+01   0.412933E-01
 0.437000E+00   0.126115E+01   0.696924E-02   0.164942E+01   0.412932E-01
 0.438000E+00   0.126512E+01   0.696923E-02   0.165999E+01   0.412932E-01
 0.439000E+00   0.126909E+01   0.696921E-02   0.167061E+01   0.412931E-01
 0.440000E+00   0.127307E+01   0.696920E-02   0.168126E+01   0.412931E-01
 0.441000E+00   0.127704E+01   0.696918E-02   0.169194E+01   0.412930E-01
 0.442000E+00   0.128102E+01   0.696917E-02   0.170266E+01   0.412930E-01
 0.443000E+00   0.128499E+01   0.696915E-02   0.171341E+01   0.412929E-01
 0.444000E+00   0.128897E+01   0.696914E-02   0.172420E+01   0.412929E-01
 0.445000E+00   0.129294E+01   0.696912E-02   0.173502E+01   0.412929E-01
 0.446000E+00   0.129692E+01   0.696911E-02   0.174588E+01   0.412928E-01
 0.447000E+00   0.130090E+01   0.696909E-02   0.175677E+01   0.412928E-01
 0.448000E+00   0.130487E+01   0.696907E-02   0.176770E+01   0.412927E-01
 0.449000E+00   0.130885E+01   0.696906E-02   0.177866E+01   0.412927E-01
 0.450000E+00   0.131283E+01   0.696904E-02   0.178966E+01   0.412926E-01
 0.451000E+00   0.131681E+01   0.696903E-02   0.180069E+01   0.412926E-01
 0.452000E+00   0.132078E+01   0.696901E-02   0.181176E+01   0.412925E-01
 0.453000E+00   0.132476E+01   0.696900E-02   0.182286E+01   0.412925E-01
 0.454000E+00   0.132874E+01   0.696898E-02   0.183400E+01   0.412924E-01
 0.455000E+00   0.133272E+01   0.696896E-02   0.184517E+01   0.412924E-01
 0.456000E+00   0.133670E+01   0.696895E-02   0.185638E+01   0.412923E-01
 0.457000E+00   0.134068E+01   0.696893E-02   0.186762E+01   0.412923E-01
 0.458000E+00   0.134466E+01   0.696892E-02   0.187889E+01   0.412922E-01
 0.459000E+00   0.134864E+01   0.696890E-02   0.189020E+01   0.412922E-01
 0.460000E+00   0.135262E+01   0.696888E-02   0.190155E+01   0.412921E-01
 0.461000E+00   0.135660E+01   0.696887E-02   0.191293E+01   0.412921E-01
 0.462000E+00   0.136058E+01   0.696885E-02   0.192434E+01   0.412920E-01
 0.463000E+00   0.136456E+01   0.696884E-02   0.193579E+01   0.412920E-01
 0.464000E+00   0.136854E+01   0.696882E-02   0.194728E+01   0.412919E-01
 0.465000E+00   0.137253E+01   0.696880E-02   0.195880E+01   0.412919E-01
 0.466000E+00   0.137651E+01   0.696879E-02   0.197035E+01   0.412918E-01
 0.467000E+00   0.138049E+01   0.696877E-02   0.198194E+01   0.412917E-01
 0.468000E+00   0.138447E+01   0.696875E-02   0.199356E+01   0.412917E-01
 0.469000E+00   0.138845E+01   0.696874E-02   0.200521E+01   0.412916E-01
 0.470000E+00   0.139244E+01   0.696872E-02   0.201691E+01   0.412916E-01
 0.471000E+00   0.139642E+01   0.696871E-02   0.202863E+01   0.412915E-01
 0.472000E+00   0.140040E+01   0.696869E-02   0.204039E+01   0.412915E-01
 0.473000E+00   0.140439E+01   0.696867E-02   0.205219E+01   0.412914E-01
 0.474000E+00   0.140837E+01   0.696866E-02   0.206401E+01   0.412914E-01
 0.475000E+00   0.141235E+01   0.696864E-02   0.207588E+01   0.412913E-01
 0.476000E+00   0.141634E+01   0.696862E-02   0.208778E+01   0.412913E-01
 0.477000E+00   0.142032E+01   0.696861E-02   0.209971E+01   0.412912E-01
 0.478000E+00   0.142430E+01   0.696859E-02   0.211168E+01   0.412912E-01
 0.479000E+00   0.142829E+01   0.696857E-02   0.212368E+01   0.412911E-01
 0.480000E+00   0.143227E+01   0.696856E-02   0.213571E+01   0.412911E-01
 0.481000E+00   0.143625E+01   0.696854E-02   0.214778E+01   0.412910E-01
 0.482000E+00   0.144024E+01   0.696852E-02   0.215989E+01   0.412910E-01
 0.483000E+00   0.144422E+01   0.696851E-02   0.217202E+01   0.412909E-01
 0.484000E+00   0.144821E+01   0.696849E-02   0.218420E+01   0.412909E-01
 0.485000E+00   0.145219E+01   0.696847E-02   0.219640E+01   0.412908E-01
 0.486000E+00   0.145618E+01   0.696846E-02   0.220865E+01   0.412908E-01
 0.487000E+00   0.146016E+01   0.696844E-02   0.222092E+01   0.412907E-01
 0.488000E+00   0.146415E+01   0.696842E-02   0.223323E+01   0.412906E-01
 0.489000E+00   0.146813E+01   0.696840E-02   0.224558E+01   0.412906E-01
 0.490000E+00   0.147212E+01   0.696839E-02   0.225795E+01   0.412905E-01
 0.491000E+00   0.147610E+01   0.696837E-02   0.227037E+01   0.412905E-01
 0.492000E+00   0.148009E+01   0.696835E-02   0.228281E+01   0.412904E-01
 0.493000E+00   0.148407E+01   0.696834E-02   0.229529E+01   0.412904E-01
 0.494000E+00   0.148806E+01   0.696832E-02   0.230781E+01   0.412903E-01
 0.495000E+00   0.149204E+01   0.696830E-02   0.232036E+01   0.412903E-01
 0.496000E+00   0.149603E+01   0.696828E-02   0.233294E+01   0.412902E-01
 0.497000E+00   0.150001E+01   0.696827E-02   0.234556E+01   0.412902E-01
 0.498000E+00   0.150400E+01   0.696825E-02   0.235821E+01   0.412901E-01
 0.499000E+00   0.150798E+01   0.696823E-02   0.237090E+01   0.412901E-01
 0.500000E+00   0.151197E+01   0.696821E-02   0.238362E+01   0.412900E-01
 0.501000E+00   0.151595E+01   0.696820E-02   0.239637E+01   0.412899E-01
 0.502000E+00   0.151994E+01   0.696818E-02   0.240916E+01   0.412899E-01
 0.503000E+00   0.152392E+01   0.696816E-02   0.242198E+01   0.412898E-01
 0.504000E+00   0.152791E+01   0.696814E-02   0.243484E+01   0.412898E-01
 0.505000E+00   0.153189E+01   0.696813E-02   0.244773E+01   0.412897E-01
 0.506000E+00   0.153588E+01   0.696811E-02   0.246065E+01   0.412897E-01
 0.507000E+00   0.153986E+01   0.696809E-02   0.247361E+01   0.412896E-01
 0.508000E+00   0.154385E+01   0.696807E-02   0.248660E+01   0.412896E-01
 0.509000E+00   0.154783E+01   0.696806E-02   0.249963E+01   0.412895E-01
 0.510000E+00   0.155182E+01   0.696804E-02   0.251269E+01   0.412894E-01
 0.511000E+00   0.155580E+01   0.696802E-02   0.252578E+01   0.412894E-01
 0.512000E+00   0.155979E+01   0.696800E-02   0.253891E+01   0.412893E-01
 0.513000E+00   0.156377E+01   0.696799E-02   0.255207E+01   0.412893E-01
 0.514000E+00   0.156776E+01   0.696797E-02   0.256526E+01   0.412892E-01
 0.515000E+00   0.157174E+01   0.696795E-02   0.257849E+01   0.412892E-01
 0.516000E+00   0.157573E+01   0.696793E-02   0.259176E+01   0.412891E-01
 0.517000E+00   0.157971E+01   0.696791E-02   0.260505E+01   0.412890E-01
 0.518000E+00   0.158370E+01   0.696790E-02   0.261838E+01   0.412890E-01
 0.519000E+00   0.158768E+01   0.696788E-02   0.263175E+01   0.412889E-01
 0.520000E+00   0.159166E+01   0.696786E-02   0.264514E+01   0.412889E-01
 0.521000E+00   0.159565E+01   0.696784E-02   0.265858E+01   0.412888E-01
 0.522000E+00   0.159963E+01   0.696782E-02   0.267204E+01   0.412888E-01
 0.523000E+00   0.160362E+01   0.696780E-02   0.268554E+01   0.412887E-01
 0.524000E+00   0.160760E+01   0.696779E-02   0.269907E+01   0.412886E-01
 0.525000E+00   0.161158E+01   0.696777E-02   0.271264E+01   0.412886E-01
 0.526000E+00   0.161557E+01   0.696775E-02   0.272624E+01   0.412885E-01
 0.527000E+00   0.161955E+01   0.696773E-02   0.273988E+01   0.412885E-01
 0.528000E+00   0.162354E+01   0.696771E-02   0.275354E+01   0.412884E-01
 0.529000E+00   0.162752E+01   0.696769E-02   0.276724E+01   0.412884E-01
 0.530000E+00   0.163150E+01   0.696768E-02   0.278098E+01   0.412883E-01
 0.531000E+00   0.163549E+01   0.696766E-02   0.279475E+01   0.412882E-01
 0.532000E+00   0.163947E+01   0.696764E-02   0.280855E+01   0.412882E-01
 0.533000E+00   0.164345E+01   0.696762E-02   0.282239E+01   0.412881E-01
 0.534000E+00   0.164743E+01   0.696760E-02   0.283626E+01   0.412881E-01
 0.535000E+00   0.165142E+01   0.696758E-02   0.285016E+01   0.412880E-01
 0.536000E+00   0.165540E+01   0.696756E-02   0.286410E+01   0.412879E-01
 0.537000E+00   0.165938E+01   0.696755E-02   0.287807E+01   0.412879E-01
 0.538000E+00   0.166336E+01   0.696753E-02   0.289207E+01   0.412878E-01
 0.539000E+00   0.166735E+01   0.696751E-02   0.290611E+01   0.412878E-01
 0.540000E+00   0.167133E+01   0.696749E-02   0.292018E+01   0.412877E-01
 0.541000E+00   0.167531E+01   0.696747E-02   0.293428E+01   0.412877E-01
 0.542000E+00   0.167929E+01   0.696745E-02   0.294842E+01   0.412876E-01
 0.543000E+00   0.168327E+01   0.696743E-02   0.296259E+01   0.412875E-01
 0.544000E+00   0.168725E+01   0.696741E-02   0.297679E+01   0.412875E-01
 0.545000E+00   0.169124E+01   0.696740E-02   0.299103E+01   0.412874E-01
 0.546000E+00   0.169522E+01   0.696738E-02   0.300530E+01   0.412874E-01
 0.547000E+00   0.169920E+01   0.696736E-02   0.301961E+01   0.412873E-01
 0.548000E+00   0.170318E+01   0.696734E-02   0.303394E+01   0.412872E-01
 0.549000E+00   0.170716E+01   0.696732E-02   0.304832E+01   0.412872E-01
 0.550000E+00   0.171114E+01   0.696730E-02   0.306272E+01   0.412871E-01
 0.551000E+00   0.171512E+01   0.696728E-02   0.307716E+01   0.412871E-01
 0.552000E+00   0.171910E+01   0.696726E-02   0.309163E+01   0.412870E-01
 0.553000E+00   0.172308E+01   0.696724E-02   0.310613E+01   0.412869E-01
 0.554000E+00   0.172706E+01   0.696722E-02   0.312067E+01   0.412869E-01
 0.555000E+00   0.173104E+01   0.696720E-02   0.313524E+01   0.412868E-01
 0.556000E+00   0.173502E+01   0.696718E-02   0.314985E+01   0.412867E-01
 0.557000E+00   0.173900E+01   0.696716E-02   0.316449E+01   0.412867E-01
 0.558000E+00   0.174297E+01   0.696715E-02   0.317916E+01   0.412866E-01
 0.559000E+00   0.174695E+01   0.696713E-02   0.319386E+01   0.412866E-01
 0.560000E+00   0.175093E+01   0.696711E-02   0.320860E+01   0.412865E-01
 0.561000E+00   0.175491E+01   0.696709E-02   0.322337E+01   0.412864E-01
 0.562000E+00   0.175889E+01   0.696707E-02   0.323817E+01   0.412864E-01
 0.563000E+00   0.176287E+01   0.696705E-02   0.325301E+01   0.412863E-01
 0.564000E+00   0.176684E+01   0.696703E-02   0.326788E+01   0.412863E-01
 0.565000E+00   0.177082E+01   0.696701E-02   0.328278E+01   0.412862E-01
 0.566000E+00   0.177480E+01   0.696699E-02   0.329772E+01   0.412861E-01
 0.567000E+00   0.177877E+01   0.696697E-02   0.331269E+01   0.412861E-01
 0.568000E+00   0.178275E+01   0.696695E-02   0.332769E+01   0.412860E-01
 0.569000E+00   0.178673E+01   0.696693E-02   0.334273E+01   0.412859E-01
 0.570000E+00   0.179070E+01   0.696691E-02   0.335780E+01   0.412859E-01
 0.571000E+00   0.179468E+01   0.696689E-02   0.337290E+01   0.412858E-01
 0.572000E+00   0.179866E+01   0.696687E-02   0.338804E+01   0.412858E-01
 0.573000E+00   0.180263E+01   0.696685E-02   0.340320E+01   0.412857E-01
 0.574000E+00   0.180661E+01   0.696683E-02   0.341841E+01   0.412856E-01
 0.575000E+00   0.181058E+01   0.696681E-02   0.343364E+01   0.412856E-01
 0.576000E+00   0.181456E+01   0.696679E-02   0.344891E+01   0.412855E-01
 0.577000E+00   0.181853E+01   0.696677E-02   0.346421E+01   0.412854E-01
 0.578000E+00   0.182251E+01   0.696675E-02   0.347954E+01   0.412854E-01
 0.579000E+00   0.182648E+01   0.696673E-02   0.349491E+01   0.412853E-01
 0.580000E+00   0.183045E+01   0.696671E-02   0.351031E+01   0.412853E-01
 0.581000E+00   0.183443E+01   0.696669E-02   0.352574E+01   0.412852E-01
 0.582000E+00   0.183840E+01   0.696667E-02   0.354121E+01   0.412851E-01
 0.583000E+00   0.184237E+01   0.696665E-02   0.355670E+01   0.412851E-01
 0.584000E+00   0.184635E+01   0.696663E-02   0.357224E+01   0.412850E-01
 0.585000E+00   0.185032E+01   0.696661E-02   0.358780E+01   0.412849E-01
 0.586000E+00   0.185429E+01   0.696659E-02   0.360340E+01   0.412849E-01
 0.587000E+00   0.185826E+01   0.696657E-02   0.361903E+01   0.412848E-01
 0.588000E+00   0.186224E+01   0.696655E-02   0.363469E+01   0.412847E-01
 0.589000E+00   0.186621E+01   0.696653E-02   0.365038E+01   0.412847E-01
 0.590000E+00   0.187018E+01   0.696651E-02   0.366611E+01   0.412846E-01
 0.591000E+00   0.187415E+01   0.696648E-02   0.368187E+01   0.412845E-01
 0.592000E+00   0.187812E+01   0.696646E-02   0.369767E+01   0.412845E-01
 0.593000E+00   0.188209E+01   0.696644E-02   0.371350E+01   0.412844E-01
 0.594000E+00   0.188606E+01   0.696642E-02   0.372936E+01   0.412844E-01
 0.595000E+00   0.189003E+01   0.696640E-02   0.374525E+01   0.412843E-01
 0.596000E+00   0.189400E+01   0.696638E-02   0.376117E+01   0.412842E-01
 0.597000E+00   0.189797E+01   0.696636E-02   0.377713E+01   0.412842E-01
 0.598000E+00   0.190194E+01   0.696634E-02   0.379312E+01   0.412841E-01
 0.599000E+00   0.190591E+01   0.696632E-02   0.380915E+01   0.412840E-01
 0.600000E+00   0.190988E+01   0.696630E-02   0.382520E+01   0.412840E-01
