 0.1000000E+02  0.1381106E-01  0.1167533E+00 -0.5506367E-02  0.3568794E+01  0.3905997E+01 -0.1333521E+00  0.3523869E+01 -0.2105423E+00  0.3635600E+01 -0.1111599E+00  0.3737059E+01  0.3577335E+01  0.1381106E-01  0.1167533E+00 -0.5506367E-02  0.3568794E+01  0.3905997E+01 -0.1333521E+00  0.3523869E+01 -0.2105423E+00  0.3635600E+01 -0.1111599E+00  0.3737059E+01  0.3577335E+01
 0.2000000E+02  0.1384491E-01  0.1173998E+00 -0.5377786E-02  0.3568445E+01  0.3906991E+01 -0.1337890E+00  0.3523427E+01 -0.2111338E+00  0.3635518E+01 -0.1116321E+00  0.3737335E+01  0.3577060E+01  0.1384491E-01  0.1173998E+00 -0.5377786E-02  0.3568445E+01  0.3906991E+01 -0.1337890E+00  0.3523427E+01 -0.2111338E+00  0.3635518E+01 -0.1116321E+00  0.3737335E+01  0.3577060E+01
 0.3000000E+02  0.1390186E-01  0.1184716E+00 -0.5164729E-02  0.3567866E+01  0.3908636E+01 -0.1345117E+00  0.3522693E+01 -0.2121122E+00  0.3635382E+01 -0.1124128E+00  0.3737792E+01  0.3576604E+01  0.1390186E-01  0.1184716E+00 -0.5164729E-02  0.3567866E+01  0.3908636E+01 -0.1345117E+00  0.3522693E+01 -0.2121122E+00  0.3635382E+01 -0.1124128E+00  0.3737792E+01  0.3576604E+01
 0.4000000E+02  0.1398265E-01  0.1199607E+00 -0.4868953E-02  0.3567063E+01  0.3910915E+01 -0.1355120E+00  0.3521672E+01 -0.2134663E+00  0.3635189E+01 -0.1134934E+00  0.3738425E+01  0.3575969E+01  0.1398265E-01  0.1199607E+00 -0.4868953E-02  0.3567063E+01  0.3910915E+01 -0.1355120E+00  0.3521672E+01 -0.2134663E+00  0.3635189E+01 -0.1134934E+00  0.3738425E+01  0.3575969E+01
 0.5000000E+02  0.1408822E-01  0.1218565E+00 -0.4492755E-02  0.3566042E+01  0.3913805E+01 -0.1367791E+00  0.3520372E+01 -0.2151813E+00  0.3634941E+01 -0.1148621E+00  0.3739228E+01  0.3575160E+01  0.1408822E-01  0.1218565E+00 -0.4492755E-02  0.3566042E+01  0.3913805E+01 -0.1367791E+00  0.3520372E+01 -0.2151813E+00  0.3634941E+01 -0.1148621E+00  0.3739228E+01  0.3575160E+01
 0.6000000E+02  0.1421959E-01  0.1241461E+00 -0.4038855E-02  0.3564812E+01  0.3917277E+01 -0.1382998E+00  0.3518801E+01 -0.2172392E+00  0.3634635E+01 -0.1165047E+00  0.3740192E+01  0.3574181E+01  0.1421959E-01  0.1241461E+00 -0.4038855E-02  0.3564812E+01  0.3917277E+01 -0.1382998E+00  0.3518801E+01 -0.2172392E+00  0.3634635E+01 -0.1165047E+00  0.3740192E+01  0.3574181E+01
 0.7000000E+02  0.1437779E-01  0.1268150E+00 -0.3510270E-02  0.3563381E+01  0.3921300E+01 -0.1400591E+00  0.3516969E+01 -0.2196189E+00  0.3634271E+01 -0.1184053E+00  0.3741308E+01  0.3573037E+01  0.1437779E-01  0.1268150E+00 -0.3510270E-02  0.3563381E+01  0.3921300E+01 -0.1400591E+00  0.3516969E+01 -0.2196189E+00  0.3634271E+01 -0.1184053E+00  0.3741308E+01  0.3573037E+01
 0.8000000E+02  0.1456372E-01  0.1298473E+00 -0.2910183E-02  0.3561760E+01  0.3925838E+01 -0.1420404E+00  0.3514886E+01 -0.2222970E+00  0.3633848E+01 -0.1205466E+00  0.3742566E+01  0.3571734E+01  0.1456372E-01  0.1298473E+00 -0.2910183E-02  0.3561760E+01  0.3925838E+01 -0.1420404E+00  0.3514886E+01 -0.2222970E+00  0.3633848E+01 -0.1205466E+00  0.3742566E+01  0.3571734E+01
 0.9000000E+02  0.1477812E-01  0.1332265E+00 -0.2241830E-02  0.3559958E+01  0.3930854E+01 -0.1442260E+00  0.3512564E+01 -0.2252484E+00  0.3633363E+01 -0.1229106E+00  0.3743955E+01  0.3570278E+01  0.1477812E-01  0.1332265E+00 -0.2241830E-02  0.3559958E+01  0.3930854E+01 -0.1442260E+00  0.3512564E+01 -0.2252484E+00  0.3633363E+01 -0.1229106E+00  0.3743955E+01  0.3570278E+01
 0.1000000E+03  0.1502147E-01  0.1369357E+00 -0.1508411E-02  0.3557987E+01  0.3936309E+01 -0.1465979E+00  0.3510013E+01 -0.2284467E+00  0.3632815E+01 -0.1254788E+00  0.3745462E+01  0.3568675E+01  0.1502147E-01  0.1369357E+00 -0.1508411E-02  0.3557987E+01  0.3936309E+01 -0.1465979E+00  0.3510013E+01 -0.2284467E+00  0.3632815E+01 -0.1254788E+00  0.3745462E+01  0.3568675E+01
 0.1100000E+03  0.1529396E-01  0.1409580E+00 -0.7130089E-03  0.3555856E+01  0.3942165E+01 -0.1491375E+00  0.3507247E+01 -0.2318648E+00  0.3632202E+01 -0.1282330E+00  0.3747076E+01  0.3566932E+01  0.1529396E-01  0.1409580E+00 -0.7130089E-03  0.3555856E+01  0.3942165E+01 -0.1491375E+00  0.3507247E+01 -0.2318648E+00  0.3632202E+01 -0.1282330E+00  0.3747076E+01  0.3566932E+01
 0.1200000E+03  0.1559550E-01  0.1452770E+00  0.1414531E-03  0.3553575E+01  0.3948381E+01 -0.1518265E+00  0.3504277E+01 -0.2354752E+00  0.3631523E+01 -0.1311553E+00  0.3748785E+01  0.3565054E+01  0.1559550E-01  0.1452770E+00  0.1414531E-03  0.3553575E+01  0.3948381E+01 -0.1518265E+00  0.3504277E+01 -0.2354752E+00  0.3631523E+01 -0.1311553E+00  0.3748785E+01  0.3565054E+01
 0.1300000E+03  0.1592565E-01  0.1498767E+00  0.1052248E-02  0.3551155E+01  0.3954919E+01 -0.1546467E+00  0.3501116E+01 -0.2392506E+00  0.3630775E+01 -0.1342286E+00  0.3750575E+01  0.3563049E+01  0.1592565E-01  0.1498767E+00  0.1052248E-02  0.3551155E+01  0.3954919E+01 -0.1546467E+00  0.3501116E+01 -0.2392506E+00  0.3630775E+01 -0.1342286E+00  0.3750575E+01  0.3563049E+01
 0.1400000E+03  0.1628370E-01  0.1547419E+00  0.2016857E-02  0.3548605E+01  0.3961741E+01 -0.1575807E+00  0.3497774E+01 -0.2431638E+00  0.3629956E+01 -0.1374367E+00  0.3752434E+01  0.3560920E+01  0.1628370E-01  0.1547419E+00  0.2016857E-02  0.3548605E+01  0.3961741E+01 -0.1575807E+00  0.3497774E+01 -0.2431638E+00  0.3629956E+01 -0.1374367E+00  0.3752434E+01  0.3560920E+01
 0.1500000E+03  0.1666865E-01  0.1598583E+00  0.3032971E-02  0.3545932E+01  0.3968813E+01 -0.1606116E+00  0.3494262E+01 -0.2471883E+00  0.3629065E+01 -0.1407642E+00  0.3754351E+01  0.3558675E+01  0.1666865E-01  0.1598583E+00  0.3032971E-02  0.3545932E+01  0.3968813E+01 -0.1606116E+00  0.3494262E+01 -0.2471883E+00  0.3629065E+01 -0.1407642E+00  0.3754351E+01  0.3558675E+01
 0.1600000E+03  0.1707923E-01  0.1652123E+00  0.4098478E-02  0.3543146E+01  0.3976098E+01 -0.1637232E+00  0.3490592E+01 -0.2512985E+00  0.3628099E+01 -0.1441969E+00  0.3756314E+01  0.3556318E+01  0.1707923E-01  0.1652123E+00  0.4098478E-02  0.3543146E+01  0.3976098E+01 -0.1637232E+00  0.3490592E+01 -0.2512985E+00  0.3628099E+01 -0.1441969E+00  0.3756314E+01  0.3556318E+01
 0.1700000E+03  0.1751397E-01  0.1707915E+00  0.5211453E-02  0.3540255E+01  0.3983564E+01 -0.1669001E+00  0.3486774E+01 -0.2554695E+00  0.3627056E+01 -0.1477216E+00  0.3758311E+01  0.3553854E+01  0.1751397E-01  0.1707915E+00  0.5211453E-02  0.3540255E+01  0.3983564E+01 -0.1669001E+00  0.3486774E+01 -0.2554695E+00  0.3627056E+01 -0.1477216E+00  0.3758311E+01  0.3553854E+01
 0.1800000E+03  0.1797118E-01  0.1765843E+00  0.6370135E-02  0.3537265E+01  0.3991180E+01 -0.1701281E+00  0.3482818E+01 -0.2596776E+00  0.3625933E+01 -0.1513263E+00  0.3760331E+01  0.3551288E+01  0.1797118E-01  0.1765843E+00  0.6370135E-02  0.3537265E+01  0.3991180E+01 -0.1701281E+00  0.3482818E+01 -0.2596776E+00  0.3625933E+01 -0.1513263E+00  0.3760331E+01  0.3551288E+01
 0.1900000E+03  0.1844905E-01  0.1825799E+00  0.7572907E-02  0.3534183E+01  0.3998916E+01 -0.1733934E+00  0.3478731E+01 -0.2639001E+00  0.3624729E+01 -0.1549999E+00  0.3762365E+01  0.3548624E+01  0.1844905E-01  0.1825799E+00  0.7572907E-02  0.3534183E+01  0.3998916E+01 -0.1733934E+00  0.3478731E+01 -0.2639001E+00  0.3624729E+01 -0.1549999E+00  0.3762365E+01  0.3548624E+01
 0.2000000E+03  0.1894559E-01  0.1887685E+00  0.8818274E-02  0.3531015E+01  0.4006745E+01 -0.1766833E+00  0.3474525E+01 -0.2681151E+00  0.3623442E+01 -0.1587324E+00  0.3764403E+01  0.3545867E+01  0.1894559E-01  0.1887685E+00  0.8818274E-02  0.3531015E+01  0.4006745E+01 -0.1766833E+00  0.3474525E+01 -0.2681151E+00  0.3623442E+01 -0.1587324E+00  0.3764403E+01  0.3545867E+01
