-0.2871929E-01  0.1555297E-03
 0.2410002E-01  0.1037753E-03
-0.4551663E-01  0.3974607E-03
 0.1882800E-01  0.6367873E-04
 0.3922519E-01  0.2707229E-03
 0.1415111E-01  0.3614374E-04
-0.1485934E-01  0.4104903E-04
 0.2831506E-01  0.1426380E-03
 0.3625600E-01  0.2319859E-03
-0.4679420E-01  0.4206379E-03
 0.6155984E-02  0.6895765E-05
-0.4746613E-01  0.4331038E-03
 0.3976500E-01  0.2780734E-03
-0.3565778E-01  0.2414711E-03
-0.1314953E-01  0.3208967E-04
 0.1943260E-01  0.6779239E-04
-0.5037478E-02  0.4670591E-05
 0.4943970E-01  0.4256532E-03
 0.2664687E-01  0.1265400E-03
-0.3027902E-01  0.1731587E-03
-0.1250817E-01  0.2901665E-04
 0.4559586E-01  0.3634495E-03
 0.4086208E-01  0.2933024E-03
-0.1571885E-02  0.4531592E-06
-0.3566368E-01  0.2415525E-03
-0.3575553E-01  0.2428212E-03
 0.9517385E-02  0.1642614E-04
-0.3827217E-01  0.2789255E-03
 0.2544870E-01  0.1155568E-03
-0.2838505E-02  0.1479620E-05
-0.5186032E-02  0.4950871E-05
 0.1307804E-01  0.3090378E-04
 0.2090319E-01  0.7832402E-04
 0.1102488E-02  0.2223169E-06
 0.1276070E-01  0.2943168E-04
-0.9853620E-02  0.1795863E-04
 0.4809578E-01  0.4033747E-03
-0.4221774E-01  0.3407781E-03
-0.5331896E-02  0.5234067E-05
 0.1948170E-01  0.6813199E-04
 0.2752115E-01  0.1348600E-03
 0.3628540E-01  0.2323554E-03
-0.4843279E-01  0.4513725E-03
 0.7171865E-03  0.9411516E-07
-0.4363425E-01  0.3645598E-03
-0.2144768E-01  0.8609773E-04
-0.7929981E-02  0.1160840E-04
 0.4517349E-01  0.3568997E-03
-0.3464016E-01  0.2276475E-03
-0.2371984E-01  0.1055517E-03
 0.2523227E-01  0.1136246E-03
 0.1746736E-01  0.5488344E-04
-0.4421230E-01  0.3745054E-03
-0.4567094E-01  0.4002236E-03
 0.1759173E-01  0.5566075E-04
-0.3566337E-02  0.2337427E-05
-0.1593023E-01  0.4723058E-04
 0.4833752E-01  0.4073401E-03
 0.1963870E-02  0.7048048E-06
-0.2596750E-01  0.1267949E-03
 0.2804515E-01  0.1399699E-03
 0.3994837E-01  0.2805917E-03
-0.1752162E-02  0.5631680E-06
-0.3871947E-02  0.2756052E-05
 0.3783114E-01  0.2521781E-03
-0.4310964E-01  0.3556546E-03
 0.2962788E-01  0.1559634E-03
-0.4533685E-01  0.3942542E-03
 0.4241903E-01  0.3155814E-03
-0.3271899E-01  0.2026968E-03
-0.2042716E-01  0.7801777E-04
 0.9673520E-02  0.1696682E-04
-0.3414642E-01  0.2210922E-03
 0.1561863E-01  0.4396322E-04
-0.4631630E-01  0.4118876E-03
-0.3402949E-01  0.2195543E-03
 0.3878692E-01  0.2648247E-03
 0.1128022E-01  0.2303330E-04
-0.2481626E-01  0.1156650E-03
-0.6440583E-02  0.7645714E-05
-0.3436641E-01  0.2240007E-03
-0.1134967E-01  0.2386226E-04
 0.4047427E-02  0.2987299E-05
 0.1976549E-01  0.7011117E-04
 0.2529593E-01  0.1141912E-03
-0.2465027E-01  0.1141035E-03
-0.4279986E-01  0.3504501E-03
 0.4926328E-01  0.4226963E-03
 0.3765653E-01  0.2498998E-03
 0.3189444E-01  0.1803237E-03
 0.4523811E-01  0.3578981E-03
 0.1813895E-01  0.5914453E-04
 0.1082033E-01  0.2120338E-04
 0.2945116E-01  0.1541360E-03
 0.2024104E-01  0.7348992E-04
-0.4971886E-01  0.4762915E-03
-0.1745627E-01  0.5680157E-04
-0.1189726E-02  0.2594978E-06
-0.6419190E-02  0.7594840E-05
-0.8776809E-02  0.1423237E-04
-0.4469410E-01  0.3829016E-03
 0.2553986E-01  0.1163753E-03
-0.2262278E-01  0.9590601E-04
-0.4699113E-02  0.4062816E-05
-0.3964958E-01  0.2997875E-03
-0.3707244E-01  0.2613903E-03
-0.6459631E-02  0.7691153E-05
 0.3668033E-01  0.2373457E-03
 0.9409588E-02  0.1605792E-04
 0.1342838E-01  0.3257003E-04
-0.4833707E-01  0.4495458E-03
-0.4842994E-02  0.4316055E-05
-0.2601602E-01  0.1272755E-03
 0.4928770E-01  0.4231050E-03
-0.2129467E-02  0.8321440E-06
 0.4223637E-01  0.3129273E-03
-0.1464971E-01  0.3989042E-04
 0.1173846E-01  0.2493104E-04
-0.2854950E-01  0.1536695E-03
 0.2635173E-02  0.1268131E-05
-0.2580508E-01  0.1251929E-03
 0.1573942E-02  0.4528907E-06
-0.9682068E-02  0.1733571E-04
 0.7534401E-04  0.1039387E-08
-0.3975542E-01  0.3014228E-03
 0.1064495E-01  0.2052529E-04
 0.4185069E-01  0.3073584E-03
-0.2414046E-01  0.1093755E-03
 0.2911077E-01  0.1506457E-03
 0.2214829E-01  0.8782145E-04
 0.5639879E-02  0.5791025E-05
-0.2832164E-01  0.1511910E-03
-0.2084224E-01  0.8125515E-04
 0.2180983E-01  0.8518718E-04
-0.1926080E-01  0.6928002E-04
 0.4206441E-01  0.3104384E-03
 0.1318177E-02  0.3177435E-06
 0.3043551E-01  0.1644473E-03
 0.1970132E-01  0.6966119E-04
 0.1760842E-01  0.5576544E-04
-0.2907731E-01  0.1594902E-03
-0.8285887E-02  0.1267839E-04
-0.3539295E-01  0.2378330E-03
-0.2779431E-01  0.1455346E-03
 0.9598283E-02  0.1670520E-04
 0.1942221E-01  0.6772062E-04
 0.3213015E-01  0.1829550E-03
-0.4263296E-01  0.3476626E-03
-0.4628755E-01  0.4113642E-03
-0.1384070E-01  0.3557686E-04
-0.2074641E-01  0.8050177E-04
-0.1013280E-01  0.1899611E-04
-0.3703366E-01  0.2608333E-03
-0.1539656E-01  0.4409503E-04
-0.1675780E-01  0.5230957E-04
-0.2905968E-01  0.1592939E-03
-0.4665027E-01  0.4179924E-03
-0.3365910E-01  0.2147192E-03
 0.5603505E-02  0.5716779E-05
 0.4719058E-02  0.4058205E-05
-0.1240790E-01  0.2855038E-04
-0.1724656E-02  0.5456095E-06
-0.1252320E-01  0.2908689E-04
 0.3495007E-01  0.2158603E-03
-0.1881934E-01  0.6611069E-04
 0.1360238E-01  0.3341368E-04
 0.5025270E-02  0.4600517E-05
 0.3534443E-02  0.2279238E-05
-0.3508374E-01  0.2336214E-03
-0.2988166E-01  0.1685749E-03
-0.2132452E-01  0.8510106E-04
-0.2917288E-01  0.1605560E-03
 0.2626532E-01  0.1229898E-03
 0.3519287E-01  0.2188161E-03
-0.4461023E-01  0.3814330E-03
 0.3241919E-01  0.1862069E-03
-0.8859173E-02  0.1450196E-04
-0.3054270E-01  0.1762352E-03
 0.9803804E-02  0.1742461E-04
 0.4259182E-01  0.3181019E-03
-0.4939981E-02  0.4491101E-05
 0.2594416E-01  0.1200397E-03
 0.1181559E-01  0.2525775E-04
-0.7727706E-02  0.1102147E-04
-0.1243423E-01  0.2867247E-04
 0.3594653E-02  0.2357409E-05
-0.1665980E-01  0.5169436E-04
-0.3870503E-01  0.2853973E-03
 0.1723686E-01  0.5345703E-04
 0.2266628E-01  0.9192893E-04
-0.3517562E-01  0.2348688E-03
-0.1957511E-01  0.7158257E-04
-0.1540925E-01  0.4416832E-04
 0.3766942E-01  0.2500676E-03
 0.3893634E-01  0.2668286E-03
-0.4819805E-02  0.4274722E-05
-0.4084566E-01  0.3185382E-03
-0.4703438E-01  0.4250719E-03
 0.3500975E-01  0.2165851E-03
-0.2890057E-01  0.1575287E-03
-0.1796117E-01  0.6016595E-04
-0.1881360E-01  0.6607001E-04
-0.2730969E-01  0.1404340E-03
 0.1913471E-01  0.6574975E-04
 0.1183579E-01  0.2534370E-04
-0.3839650E-01  0.2807765E-03
 0.5457953E-02  0.5424453E-05
 0.2274611E-01  0.9257007E-04
-0.3639757E-01  0.2517857E-03
 0.1165850E-01  0.2459455E-04
 0.1262620E-01  0.2881847E-04
-0.1894282E-01  0.6698953E-04
-0.3500205E-01  0.2325152E-03
-0.5845371E-02  0.6294016E-05
 0.4591288E-01  0.3684029E-03
 0.2973215E-01  0.1570465E-03
-0.1142283E-01  0.2417270E-04
-0.4708479E-01  0.4260057E-03
-0.2341630E-01  0.1028356E-03
-0.2081702E-01  0.8105652E-04
-0.4645506E-01  0.4144184E-03
-0.1709662E-01  0.5446503E-04
-0.2919386E-02  0.1565271E-05
-0.3600329E-01  0.2462606E-03
-0.1977749E-01  0.7308547E-04
-0.2949105E-01  0.1641308E-03
-0.4435059E-03  0.3603365E-07
-0.4496364E-01  0.3876413E-03
 0.1102892E-01  0.2202410E-04
 0.2226510E-01  0.8873971E-04
 0.3475622E-01  0.2135144E-03
-0.4496521E-01  0.3876690E-03
-0.4657587E-01  0.4166284E-03
-0.4965654E-01  0.4750677E-03
 0.1793518E-01  0.5783512E-04
 0.2268212E-01  0.9205598E-04
-0.1760987E-01  0.5781466E-04
-0.4976860E-02  0.4558578E-05
 0.2671612E-01  0.1271897E-03
 0.4664443E-01  0.3799548E-03
-0.2172273E-01  0.8834510E-04
 0.2307317E-01  0.9521968E-04
-0.2613948E-01  0.1285026E-03
 0.3563517E-01  0.2242502E-03
 0.1279424E-01  0.2958562E-04
 0.4753228E-01  0.3942026E-03
-0.2960204E-01  0.1653874E-03
 0.2868292E-01  0.1463136E-03
-0.3353267E-01  0.2130816E-03
 0.4802213E-01  0.4021701E-03
 0.1310981E-01  0.3105309E-04
-0.1096988E-01  0.2228336E-04
 0.3632229E-02  0.2406860E-05
 0.2775237E-01  0.1371035E-03
-0.7495131E-02  0.1036558E-04
-0.3526169E-01  0.2360404E-03
-0.6544825E-02  0.7896050E-05
-0.2753976E-01  0.1428438E-03
-0.3354767E-02  0.2067874E-05
 0.4787461E-01  0.3997628E-03
-0.2896278E-01  0.1582177E-03
-0.1827855E-01  0.6233132E-04
 0.1358349E-01  0.3332157E-04
-0.3737132E-01  0.2657035E-03
-0.4549008E-01  0.3969863E-03
-0.3061897E-01  0.1771303E-03
-0.4135267E-01  0.3266653E-03
 0.1671956E-01  0.5032301E-04
-0.1526894E-01  0.4336144E-04
 0.1624378E-01  0.4752276E-04
 0.1803110E-01  0.5844972E-04
 0.2923151E-01  0.1518793E-03
-0.2550246E-01  0.1222359E-03
 0.2231109E-01  0.8910250E-04
 0.3121794E-01  0.1728738E-03
 0.7035426E-02  0.8998686E-05
-0.4302643E-01  0.3542526E-03
-0.7490608E-02  0.1035303E-04
-0.1066133E-01  0.2104085E-04
-0.4123637E-01  0.3247916E-03
 0.4792555E-01  0.4005932E-03
-0.3814697E-01  0.2770679E-03
 0.3763367E-01  0.2496022E-03
 0.3714640E-01  0.2433006E-03
-0.2891292E-01  0.1576653E-03
 0.3318788E-01  0.1949898E-03
-0.3905654E-01  0.2907095E-03
 0.2528674E-01  0.1141094E-03
-0.3655613E-01  0.2540255E-03
-0.1070285E-01  0.2120592E-04
 0.1903826E-01  0.6509499E-04
-0.2709711E-01  0.1382262E-03
-0.7166702E-02  0.9473890E-05
-0.3177936E-01  0.1910377E-03
 0.2257494E-02  0.9310359E-06
 0.3140267E-01  0.1748930E-03
 0.1722604E-01  0.5339054E-04
 0.3904769E-01  0.2683266E-03
-0.3067244E-02  0.1728100E-05
 0.3581629E-01  0.2264939E-03
-0.2886372E-01  0.1571213E-03
-0.1123824E-01  0.2339337E-04
 0.4865669E-02  0.4313637E-05
 0.1370160E-01  0.3389949E-04
 0.2296675E-01  0.9435352E-04
-0.4381127E-01  0.3675907E-03
-0.7204173E-02  0.9573584E-05
 0.7222338E-02  0.9481374E-05
 0.7741806E-02  0.1088856E-04
 0.3528465E-01  0.2199384E-03
 0.1023235E-01  0.1897297E-04
-0.1880573E-01  0.6601418E-04
 0.3909297E-01  0.2689369E-03
-0.1951664E-01  0.7115134E-04
-0.1068060E-01  0.2111738E-04
-0.3068009E-01  0.1778493E-03
 0.3732626E-02  0.2541493E-05
-0.6602406E-02  0.8036071E-05
 0.3295526E-01  0.1923113E-03
-0.8779337E-02  0.1424060E-04
 0.1134162E-01  0.2328326E-04
-0.7767754E-02  0.1113646E-04
-0.4829637E-01  0.4487703E-03
 0.3359382E-01  0.1997068E-03
-0.3577818E-01  0.2431346E-03
 0.3713730E-01  0.2431837E-03
-0.4163818E-01  0.3312887E-03
 0.2753418E-01  0.1349860E-03
-0.3700440E-01  0.2604135E-03
 0.2000186E-01  0.7178082E-04
-0.9420028E-02  0.1640566E-04
-0.3659011E-03  0.2452464E-07
 0.4874130E-01  0.4140047E-03
-0.1536728E-01  0.4392618E-04
-0.1120117E-01  0.2323840E-04
-0.4556284E-01  0.3982871E-03
 0.1439273E-01  0.3737931E-04
-0.3673566E-01  0.2565741E-03
-0.2561978E-01  0.1233779E-03
 0.2709661E-01  0.1307878E-03
 0.1421544E-02  0.3694913E-06
-0.1485320E-02  0.4045863E-06
 0.4957273E-01  0.4278893E-03
-0.5649495E-02  0.5878088E-05
 0.4874062E-01  0.4139935E-03
-0.4916259E-03  0.4427926E-07
-0.4207321E-01  0.3383985E-03
 0.1681455E-01  0.5089155E-04
-0.2702136E-01  0.1374437E-03
-0.1827814E-01  0.6232845E-04
-0.6582056E-02  0.7986444E-05
 0.2477953E-01  0.1096341E-03
-0.4119803E-01  0.3241751E-03
 0.3456200E-01  0.2111765E-03
-0.3089560E-02  0.1753377E-05
-0.4198997E-01  0.3370320E-03
 0.2627425E-01  0.1230724E-03
 0.2330060E-01  0.9708363E-04
-0.4071691E-01  0.3164914E-03
 0.3829959E-02  0.2675501E-05
-0.2169844E-02  0.8640355E-06
 0.3065546E-01  0.1667954E-03
 0.4458063E-01  0.3478018E-03
 0.4049665E-01  0.2881866E-03
 0.8961602E-03  0.1469222E-06
-0.4134713E-01  0.3265758E-03
 0.7627532E-02  0.1057072E-04
 0.3790555E-01  0.2531519E-03
-0.1400386E-01  0.3642665E-04
 0.3540709E-01  0.2214399E-03
-0.1979470E-01  0.7321403E-04
-0.3443644E-01  0.2249307E-03
 0.4492513E-01  0.3530749E-03
 0.4742230E-01  0.3924241E-03
-0.2529229E-01  0.1202036E-03
 0.4255115E-01  0.3175078E-03
-0.1108138E-01  0.2274123E-04
-0.4280464E-01  0.3505301E-03
 0.1862625E-03  0.6351575E-08
 0.1738830E-01  0.5439214E-04
 0.2122787E-01  0.8074940E-04
 0.1238677E-01  0.2774264E-04
-0.3934974E-01  0.2951795E-03
-0.4019752E-01  0.3083039E-03
-0.2684464E-01  0.1356272E-03
-0.4638912E-01  0.4132147E-03
-0.3394835E-01  0.2184903E-03
-0.2756362E-01  0.1430950E-03
-0.4735327E-01  0.4309966E-03
 0.1787031E-01  0.5742129E-04
 0.3793114E-01  0.2534873E-03
-0.2066946E-01  0.7989941E-04
 0.1118934E-01  0.2266575E-04
 0.3173320E-01  0.1785343E-03
-0.4569627E-01  0.4006782E-03
-0.1582856E-01  0.4662482E-04
-0.8744938E-02  0.1412873E-04
-0.3734848E-01  0.2653726E-03
 0.4703891E-01  0.3862544E-03
-0.4048070E-01  0.3127539E-03
-0.2262266E-01  0.9590491E-04
-0.4849160E-01  0.4524967E-03
-0.2376426E-01  0.1059522E-03
 0.1564177E-01  0.4409251E-04
 0.4555471E-01  0.3628088E-03
-0.1017122E-01  0.1914117E-04
 0.3452083E-01  0.2106824E-03
-0.1330658E-01  0.3286602E-04
 0.3335959E-01  0.1969785E-03
-0.2587964E-01  0.1259270E-03
 0.2843311E-01  0.1438126E-03
 0.4393947E-01  0.3380890E-03
 0.3546734E-01  0.2221807E-03
-0.2409892E-01  0.1089947E-03
-0.2471269E-01  0.1146894E-03
-0.4492830E-01  0.3870182E-03
-0.4989570E-01  0.4797730E-03
 0.3191577E-01  0.1805610E-03
-0.4296087E-01  0.3531502E-03
-0.4179744E-01  0.3338824E-03
 0.4180078E-02  0.3185889E-05
 0.4971899E-01  0.4303544E-03
-0.1761505E-01  0.5784897E-04
-0.3576911E-01  0.2430091E-03
 0.2055218E-01  0.7574264E-04
-0.2024768E-01  0.7663872E-04
 0.4467478E-01  0.3492392E-03
 0.2536856E-01  0.1148394E-03
-0.3069196E-01  0.1779892E-03
 0.2875442E-01  0.1470333E-03
-0.4354823E-02  0.3488060E-05
 0.3292498E-01  0.1919639E-03
 0.2117094E-01  0.8032150E-04
-0.3548907E-01  0.2391501E-03
 0.4277637E-02  0.3336005E-05
-0.5666192E-04  0.5879232E-09
-0.4618130E-01  0.4094332E-03
-0.3688130E-01  0.2586511E-03
-0.3584745E-01  0.2440943E-03
-0.4437084E-01  0.3772575E-03
-0.1067110E-01  0.2107963E-04
 0.4287257E-01  0.3222178E-03
 0.4111573E-01  0.2968788E-03
 0.4517712E-01  0.3569557E-03
 0.5482092E-02  0.5472406E-05
 0.3586760E-01  0.2271315E-03
-0.5543442E-02  0.5658857E-05
-0.3506872E-01  0.2334178E-03
-0.2449581E-01  0.1126602E-03
-0.1177213E-01  0.2568283E-04
-0.7243731E-02  0.9679400E-05
-0.2692344E-01  0.1364357E-03
 0.5118907E-02  0.4773103E-05
-0.2217721E-01  0.9212329E-04
-0.4763417E-01  0.4362512E-03
-0.1753204E-01  0.5730016E-04
-0.3080125E-01  0.1792792E-03
-0.2940374E-01  0.1631458E-03
 0.4505626E-01  0.3550919E-03
 0.8363826E-02  0.1270049E-04
-0.3555059E-02  0.2322640E-05
-0.3634185E-01  0.2510010E-03
-0.4330596E-01  0.3589737E-03
-0.1377350E-01  0.3522979E-04
-0.4615297E-02  0.3918841E-05
-0.3672429E-01  0.2564122E-03
 0.1521006E-01  0.4171056E-04
 0.1126645E-01  0.2297742E-04
 0.4247231E-01  0.3163577E-03
-0.1958311E-01  0.7164167E-04
-0.3844835E-01  0.2815503E-03
 0.1119288E-01  0.2268002E-04
-0.2769607E-01  0.1444931E-03
-0.4408537E-01  0.3723095E-03
-0.3688712E-01  0.2587343E-03
-0.2700550E-01  0.1372802E-03
 0.1471699E-01  0.3906969E-04
-0.4085408E-01  0.3186723E-03
-0.4806196E-01  0.4443175E-03
-0.2424622E-01  0.1103479E-03
-0.2266341E-01  0.9625478E-04
 0.7611065E-02  0.1052530E-04
-0.1154929E-01  0.2471408E-04
-0.2812140E-01  0.1490300E-03
-0.1526613E-01  0.4334534E-04
 0.4949142E-01  0.4265219E-03
 0.6776306E-02  0.8350241E-05
-0.2353087E-01  0.1038565E-03
 0.2029941E-01  0.7391000E-04
-0.3000855E-01  0.1700318E-03
-0.4585559E-01  0.4035430E-03
-0.2888748E-01  0.1573839E-03
 0.2828750E-01  0.1423644E-03
 0.4365329E-01  0.3337960E-03
 0.2929138E-01  0.1524929E-03
 0.3514592E-01  0.2182431E-03
-0.3866799E-02  0.2748714E-05
 0.3392756E-01  0.2036255E-03
 0.3945933E-01  0.2738996E-03
 0.1266247E-01  0.2898322E-04
 0.9434862E-02  0.1614388E-04
-0.2426825E-01  0.1105509E-03
-0.1462073E-01  0.3973156E-04
 0.5461247E-03  0.5458267E-07
-0.3978456E-01  0.3018738E-03
-0.3755505E-01  0.2683731E-03
-0.3599512E-01  0.2461467E-03
-0.2895978E-02  0.1540234E-05
-0.1365669E-01  0.3463063E-04
 0.2725615E-01  0.1323110E-03
 0.2425541E-01  0.1051012E-03
-0.7980633E-02  0.1175778E-04
 0.2095301E-01  0.7869379E-04
 0.2706886E-01  0.1305237E-03
-0.3632577E-01  0.2507749E-03
 0.8184990E-02  0.1216539E-04
 0.2042022E-01  0.7478317E-04
-0.4791753E-01  0.4415855E-03
 0.4580115E-01  0.3666535E-03
-0.4312545E-01  0.3559213E-03
 0.2538523E-01  0.1149884E-03
-0.1463210E-01  0.3979387E-04
-0.8422375E-02  0.1310134E-04
-0.2942647E-01  0.1634020E-03
 0.1978728E-01  0.7026430E-04
 0.3075302E-01  0.1678422E-03
-0.3834935E-01  0.2800737E-03
-0.2051484E-01  0.7869600E-04
-0.1662381E-01  0.5146935E-04
 0.3462622E-01  0.2119482E-03
-0.8673409E-02  0.1389753E-04
 0.6665836E-02  0.8081112E-05
-0.2855220E-01  0.1536989E-03
-0.2364365E-01  0.1048665E-03
 0.1359499E-01  0.3337763E-04
-0.4316463E-02  0.3426746E-05
 0.9637076E-02  0.1683984E-04
 0.3548102E-01  0.2223491E-03
 0.4102690E-01  0.2956239E-03
-0.2790506E-02  0.1429932E-05
-0.4145708E-02  0.3160439E-05
 0.3522957E-01  0.2192646E-03
 0.4955245E-01  0.4275480E-03
-0.2810203E-02  0.1450219E-05
 0.8130869E-02  0.1200570E-04
-0.1383855E-01  0.3556574E-04
-0.5293043E-02  0.5157861E-05
 0.4791206E-01  0.4003732E-03
 0.3642235E-01  0.2340801E-03
-0.1865181E-01  0.6492774E-04
 0.2886274E-01  0.1481268E-03
-0.1382985E-01  0.3552071E-04
-0.3335944E-01  0.2108483E-03
 0.2795042E-01  0.1390393E-03
-0.4057999E-01  0.3143222E-03
 0.4599342E-01  0.3696663E-03
-0.2630183E-01  0.1301254E-03
-0.1392323E-01  0.3600541E-04
 0.5950221E-02  0.6443839E-05
-0.2739467E-01  0.1413216E-03
 0.1556368E-01  0.4365682E-04
-0.1075868E-01  0.2142899E-04
-0.4985935E-01  0.4790562E-03
-0.1428986E-01  0.3794084E-04
-0.4251867E-02  0.3324730E-05
-0.2952926E-01  0.1645629E-03
 0.8922514E-02  0.1444568E-04
-0.3656188E-01  0.2541069E-03
-0.3712490E-01  0.2621447E-03
-0.4550376E-01  0.3972307E-03
-0.1851528E-01  0.6397177E-04
 0.1162969E-01  0.2447388E-04
 0.2552762E-01  0.1162653E-03
 0.1019645E-01  0.1884075E-04
-0.4056449E-01  0.3140771E-03
-0.3848819E-01  0.2821456E-03
 0.4864020E-02  0.4310722E-05
 0.3161138E-01  0.1771880E-03
-0.3426118E-01  0.2226071E-03
-0.1568206E-01  0.4575888E-04
-0.8475384E-02  0.1326749E-04
-0.4011938E-01  0.3070818E-03
-0.3179987E-01  0.1912883E-03
-0.3805414E-02  0.2661970E-05
 0.1656324E-01  0.4939427E-04
 0.4950218E-01  0.4267027E-03
 0.3096741E-01  0.1701535E-03
 0.3809789E-01  0.2556777E-03
 0.1680129E-01  0.5081198E-04
-0.4459902E-01  0.3812370E-03
 0.3329465E-01  0.1962252E-03
 0.3837284E-01  0.2593092E-03
 0.1775842E-01  0.5671091E-04
 0.3614691E-01  0.2306175E-03
-0.2463205E-01  0.1139327E-03
-0.4807969E-02  0.4253701E-05
-0.1035010E-01  0.1982397E-04
-0.8094541E-02  0.1209722E-04
-0.1362277E-01  0.3445764E-04
 0.4277566E-01  0.3207942E-03
 0.3092974E-02  0.1746207E-05
 0.2929571E-01  0.1525372E-03
-0.2005815E-01  0.7519606E-04
-0.1006451E-02  0.1856711E-06
 0.4588554E-01  0.3679744E-03
-0.2266312E-01  0.9625226E-04
-0.1619153E-01  0.4880577E-04
-0.9804035E-02  0.1777744E-04
 0.1465298E-01  0.3873306E-04
-0.3895216E-01  0.2891268E-03
 0.2940672E-01  0.1536782E-03
-0.3099251E-01  0.1815481E-03
-0.1138807E-04  0.2374753E-10
-0.3506138E-01  0.2333183E-03
-0.4927559E-02  0.4468485E-05
-0.2470937E-01  0.1146582E-03
 0.1335271E-01  0.3220652E-04
-0.2243381E-01  0.9429219E-04
 0.2770406E-01  0.1366333E-03
-0.4095266E-01  0.3202444E-03
 0.2543916E-01  0.1154712E-03
 0.3067376E-01  0.1669916E-03
 0.4053641E-01  0.2887411E-03
-0.2484284E-01  0.1159161E-03
-0.1074271E-01  0.2136506E-04
-0.4016440E-01  0.3077857E-03
-0.5298171E-02  0.5167886E-05
 0.2307455E-01  0.9523091E-04
-0.3779364E-01  0.2718605E-03
 0.3828332E-01  0.2581241E-03
 0.2013239E-01  0.7271111E-04
-0.4614317E-01  0.4087413E-03
-0.2483055E-01  0.1158000E-03
 0.4593628E-01  0.3687698E-03
-0.3278549E-01  0.2035355E-03
 0.5921215E-02  0.6381356E-05
-0.4058084E-01  0.3143356E-03
-0.3556186E-01  0.2401501E-03
-0.8547948E-02  0.1349665E-04
-0.3039005E-02  0.1696377E-05
-0.4904200E-01  0.4630891E-03
-0.5666301E-02  0.5913213E-05
 0.1780626E-01  0.5701415E-04
 0.2392647E-02  0.1045708E-05
-0.9185278E-02  0.1559443E-04
-0.4807102E-01  0.4444891E-03
 0.2621453E-01  0.1225210E-03
 0.3416808E-03  0.2136991E-07
 0.4048447E-01  0.2880168E-03
-0.3981095E-02  0.2913951E-05
-0.4327055E-01  0.3583738E-03
 0.3528456E-01  0.2199374E-03
-0.7688006E-02  0.1090808E-04
 0.2965689E-01  0.1562643E-03
-0.3131262E-01  0.1853786E-03
-0.9468170E-02  0.1657458E-04
 0.4353304E-01  0.3320000E-03
 0.3611294E-01  0.2301921E-03
-0.4301096E-01  0.3539923E-03
 0.2411114E-01  0.1038699E-03
-0.3895881E-01  0.2892275E-03
-0.2600574E-01  0.1271736E-03
-0.1554211E-01  0.4493936E-04
-0.2325514E-01  0.1014082E-03
-0.4943961E-01  0.4708211E-03
-0.3387541E-01  0.2175361E-03
-0.6353731E-02  0.7440237E-05
 0.6759933E-02  0.8310076E-05
 0.2331905E-01  0.9723559E-04
 0.8329328E-03  0.1269299E-06
-0.2971404E-01  0.1666604E-03
-0.2650777E-01  0.1321990E-03
 0.1783081E-01  0.5717005E-04
-0.2329146E-01  0.1017289E-03
-0.4161248E-01  0.3308712E-03
-0.2749555E-01  0.1423791E-03
-0.1784977E-01  0.5941519E-04
-0.2070963E-01  0.8021354E-04
-0.2299444E-02  0.9704596E-06
 0.2084075E-01  0.7786169E-04
 0.4903447E-01  0.4188757E-03
-0.2822005E-01  0.1500927E-03
-0.4629410E-01  0.4114834E-03
-0.2588431E-01  0.1259731E-03
-0.1810525E-01  0.6114411E-04
-0.2361812E-01  0.1046375E-03
-0.3640457E-01  0.2518843E-03
 0.3900471E-01  0.2677479E-03
 0.3844975E-01  0.2603294E-03
 0.1720726E-01  0.5327522E-04
-0.4584211E-01  0.4033002E-03
-0.4850920E-01  0.4528333E-03
 0.2971844E-01  0.1569039E-03
-0.4049820E-01  0.3130301E-03
-0.1255752E-01  0.2924753E-04
 0.7459546E-02  0.1011196E-04
-0.1386111E-02  0.3523083E-06
 0.1541396E-01  0.4282746E-04
-0.1475367E-01  0.4046287E-04
-0.2322374E-01  0.1011312E-03
 0.4631887E-01  0.3747929E-03
-0.4260000E-01  0.3471135E-03
 0.3170643E-01  0.1782379E-03
-0.4114245E-01  0.3232827E-03
-0.4887698E-01  0.4598999E-03
 0.3092991E-01  0.1697481E-03
-0.4600599E-01  0.4062572E-03
-0.2247707E-01  0.9466043E-04
-0.2966440E-01  0.1660956E-03
-0.1573279E-01  0.4605782E-04
 0.3375456E-01  0.2015896E-03
 0.3825992E-01  0.2578147E-03
 0.3114290E-01  0.1720568E-03
 0.4964751E-01  0.4291488E-03
-0.2710101E-01  0.1382665E-03
-0.2615166E-01  0.1286240E-03
-0.1797655E-01  0.6026998E-04
 0.4007524E-01  0.2823405E-03
 0.3005676E-03  0.1653729E-07
 0.3979843E-01  0.2785317E-03
-0.2928598E-01  0.1618221E-03
 0.1263311E-02  0.2918597E-06
-0.3984290E-01  0.3027779E-03
 0.3050740E-01  0.1652130E-03
-0.8600610E-02  0.1366420E-04
 0.4085249E-01  0.2931677E-03
 0.4420495E-01  0.3420948E-03
-0.4708071E-01  0.4259301E-03
 0.7068881E-02  0.9084163E-05
-0.1610542E-01  0.4828376E-04
 0.4406005E-01  0.3399056E-03
-0.1056260E-01  0.2065083E-04
-0.2691624E-01  0.1363617E-03
-0.2657105E-01  0.1328396E-03
 0.3116490E-01  0.1722961E-03
-0.3559807E-01  0.2406483E-03
-0.4723518E-01  0.4287977E-03
-0.2800147E-01  0.1477434E-03
 0.4543409E-01  0.3609341E-03
-0.4205392E-01  0.3380816E-03
-0.4079720E-01  0.3177670E-03
-0.3902620E-01  0.2902490E-03
 0.1899755E-01  0.6481961E-04
-0.2598371E-01  0.1269553E-03
 0.2297734E-01  0.9443952E-04
-0.2774681E-01  0.1450305E-03
-0.4607743E-01  0.4075500E-03
 0.2057415E-01  0.7590294E-04
-0.3997494E-01  0.3048294E-03
 0.4478374E-01  0.3509060E-03
 0.2272687E-02  0.9435950E-06
-0.4291872E-01  0.3524422E-03
-0.2966636E-01  0.1661178E-03
 0.2292061E-01  0.9397921E-04
-0.1211904E-01  0.2722848E-04
 0.4208645E-01  0.3107569E-03
 0.2404685E-01  0.1033235E-03
-0.2759122E-01  0.1433857E-03
-0.2322242E-01  0.1011196E-03
-0.3033697E-01  0.1738324E-03
 0.2303130E-01  0.9487845E-04
 0.4136641E-01  0.3004336E-03
 0.7265930E-02  0.9595746E-05
 0.8235334E-02  0.1231487E-04
 0.1259819E-01  0.2869156E-04
 0.5288952E-02  0.5094603E-05
-0.2225706E-01  0.9279546E-04
 0.4730251E-01  0.3904915E-03
-0.4397298E-01  0.3703709E-03
-0.4400149E-01  0.3708622E-03
 0.4930179E-01  0.4233408E-03
 0.4513618E-01  0.3563238E-03
 0.2631265E-01  0.1234276E-03
-0.1424259E-01  0.3768838E-04
-0.1244253E-01  0.2871098E-04
-0.8161462E-02  0.1229891E-04
 0.4483570E-02  0.3664168E-05
 0.1801913E-01  0.5837284E-04
-0.4280556E-01  0.3505454E-03
-0.4579272E-01  0.4024112E-03
-0.2880570E-01  0.1564809E-03
 0.3606600E-01  0.2296050E-03
 0.1952109E-01  0.6840504E-04
-0.8142862E-02  0.1224269E-04
 0.3628380E-01  0.2323353E-03
-0.4166447E-01  0.3317161E-03
-0.2363965E-01  0.1048306E-03
-0.1266390E-01  0.2974841E-04
 0.2105711E-01  0.7946927E-04
 0.4671541E-01  0.3810847E-03
-0.3633781E-01  0.2509442E-03
-0.2821968E-01  0.1500887E-03
-0.3175418E-01  0.1907301E-03
-0.1535485E-02  0.4323988E-06
-0.5438970E-02  0.5446993E-05
-0.2248789E-01  0.9475260E-04
 0.1241139E-01  0.2785234E-04
-0.4105509E-02  0.3099319E-05
 0.1567307E-01  0.4426777E-04
 0.4921976E-01  0.4219684E-03
 0.4589512E-01  0.3681245E-03
 0.7032491E-02  0.8991205E-05
 0.3503424E-01  0.2168828E-03
 0.3602528E-02  0.2367731E-05
 0.4870641E-01  0.4134268E-03
-0.2418315E-01  0.1097674E-03
 0.1499977E-01  0.4057383E-04
 0.1874901E-01  0.6315062E-04
-0.1785198E-01  0.5943004E-04
-0.4199112E-01  0.3370510E-03
 0.2352013E-01  0.9889956E-04
-0.1324288E-01  0.3254998E-04
 0.1716808E-01  0.5303499E-04
 0.1055598E-01  0.2018545E-04
 0.1371714E-01  0.3397588E-04
 0.1719026E-01  0.5317089E-04
-0.4856454E-01  0.4538931E-03
 0.4335171E-01  0.3293005E-03
-0.1057022E-01  0.2068082E-04
-0.4385846E-01  0.3684008E-03
 0.3150786E-03  0.1817235E-07
-0.5310534E-02  0.5192098E-05
 0.7107526E-02  0.9183396E-05
 0.1728498E-02  0.5461165E-06
-0.3152423E-02  0.1825572E-05
-0.2991680E-01  0.1689778E-03
 0.1185279E-01  0.2541610E-04
-0.1697481E-01  0.5368501E-04
 0.4140817E-01  0.3010278E-03
-0.1453579E-01  0.3926787E-04
 0.1543712E-01  0.4295522E-04
-0.4120330E-02  0.3121784E-05
-0.3347872E-01  0.2123847E-03
-0.9092425E-02  0.1527929E-04
-0.2054279E-01  0.7891288E-04
 0.1127604E-01  0.2301633E-04
 0.1115327E-01  0.2252069E-04
 0.4079949E-01  0.2924231E-03
 0.6427238E-03  0.7559221E-07
 0.3271839E-01  0.1896023E-03
 0.9601190E-02  0.1671527E-04
 0.1680194E-01  0.5081591E-04
-0.4812687E-02  0.4262075E-05
 0.4360622E-03  0.3480301E-07
 0.9234997E-02  0.1547030E-04
-0.5960476E-02  0.6545105E-05
 0.1193050E-01  0.2574844E-04
 0.3894302E-01  0.2669183E-03
 0.2426064E-01  0.1051460E-03
 0.2659843E-01  0.1260866E-03
-0.2890272E-02  0.1534161E-05
-0.3612033E-01  0.2478941E-03
 0.4401140E-01  0.3391722E-03
-0.4027018E-01  0.3094427E-03
-0.4048047E-01  0.3127504E-03
 0.4845591E-01  0.4092888E-03
 0.5766978E-03  0.6086311E-07
-0.4288828E-01  0.3519316E-03
 0.2413963E-01  0.1041124E-03
-0.2034583E-01  0.7739128E-04
 0.3367034E-01  0.2006021E-03
 0.1113584E-01  0.2245075E-04
-0.2936980E-01  0.1627637E-03
 0.3780541E-01  0.2518417E-03
 0.1633383E-01  0.4804670E-04
 0.2341543E-01  0.9803139E-04
 0.2909757E-02  0.1545744E-05
-0.9555577E-03  0.1673594E-06
-0.3592354E-01  0.2451507E-03
 0.4187686E-01  0.3077348E-03
 0.1372336E-01  0.3400651E-04
 0.3663064E-01  0.2367151E-03
 0.4283212E-01  0.3216232E-03
 0.1765189E-01  0.5603863E-04
-0.2652266E-01  0.1323496E-03
 0.2195648E-01  0.8632375E-04
 0.2254219E-01  0.9093659E-04
 0.3951609E-01  0.2746724E-03
 0.1177136E-02  0.2534223E-06
-0.3057318E-02  0.1716915E-05
 0.2617035E-01  0.1221138E-03
 0.6881247E-02  0.8609953E-05
 0.2670722E-01  0.1271062E-03
-0.4485380E-01  0.3857061E-03
 0.1097411E-02  0.2202751E-06
-0.4852986E-01  0.4532289E-03
 0.4923774E-01  0.4222689E-03
-0.7384047E-02  0.1005947E-04
-0.3640358E-02  0.2435647E-05
 0.3393727E-01  0.2037401E-03
-0.2447416E-01  0.1124586E-03
 0.2893988E-01  0.1489080E-03
-0.1405344E-01  0.3668692E-04
-0.4598827E-01  0.4059370E-03
 0.4424947E-01  0.3427687E-03
-0.3392698E-01  0.2182105E-03
 0.2083401E-01  0.7781193E-04
-0.3748570E-01  0.2673638E-03
-0.1644173E-01  0.5033862E-04
-0.1660045E-01  0.5132359E-04
-0.2356015E-01  0.1041182E-03
 0.3902530E-01  0.2680250E-03
-0.4555396E-01  0.3981282E-03
-0.3441084E-01  0.2245906E-03
 0.1544961E-01  0.4302423E-04
-0.5716684E-02  0.6019147E-05
 0.8632600E-02  0.1352617E-04
-0.4414047E-01  0.3732619E-03
 0.2490505E-01  0.1107334E-03
 0.3647370E-01  0.2347283E-03
-0.1398490E-01  0.3632737E-04
 0.8915633E-02  0.1442351E-04
-0.3705111E-01  0.2610838E-03
-0.6412211E-02  0.7578279E-05
-0.2357785E-01  0.1042766E-03
-0.4306585E-01  0.3549165E-03
-0.4234760E-01  0.3429235E-03
-0.5048827E-02  0.4691714E-05
 0.1727023E-01  0.5366240E-04
-0.4827795E-01  0.4484197E-03
 0.1100714E-01  0.2193766E-04
-0.3142540E-01  0.1867380E-03
 0.1925656E-01  0.6658157E-04
-0.1967889E-01  0.7235124E-04
-0.3114623E-01  0.1833824E-03
 0.1352553E-01  0.3303975E-04
-0.1900065E-01  0.6740322E-04
 0.4681826E-02  0.3994574E-05
 0.1432774E-02  0.3753476E-06
-0.3859112E-01  0.2836867E-03
-0.3450825E-01  0.2258865E-03
-0.2650069E-01  0.1321275E-03
-0.2616528E-01  0.1287598E-03
-0.3518402E-01  0.2349830E-03
-0.2859043E-01  0.1541169E-03
-0.4530012E-01  0.3936009E-03
-0.4194261E-01  0.3362559E-03
-0.3390757E-02  0.2112559E-05
 0.4932631E-01  0.4237516E-03
-0.4994214E-01  0.4806894E-03
 0.4771136E-01  0.3971066E-03
 0.7016136E-02  0.8949583E-05
 0.3235374E-01  0.1854681E-03
 0.4444852E-02  0.3601301E-05
-0.2139880E-01  0.8570147E-04
-0.1654215E-01  0.5096065E-04
 0.1505757E-01  0.4088470E-04
 0.4364107E-01  0.3336133E-03
 0.1834780E-01  0.6050148E-04
-0.4949374E-01  0.4718788E-03
-0.4068794E-01  0.3160317E-03
-0.8434824E-02  0.1314027E-04
 0.2474949E-01  0.1093717E-03
-0.2052375E-01  0.7876513E-04
 0.1785832E-01  0.5734498E-04
-0.9064311E-02  0.1518452E-04
 0.6317870E-02  0.7262016E-05
-0.2613143E-01  0.1284224E-03
-0.1967593E-01  0.7232932E-04
 0.1645144E-01  0.4873525E-04
 0.1380784E-01  0.3442352E-04
 0.4824635E-01  0.4058424E-03
-0.4475481E-01  0.3839666E-03
-0.1514994E-01  0.4268295E-04
-0.2723156E-01  0.1396204E-03
 0.9500986E-02  0.1636986E-04
 0.3561732E-01  0.2240296E-03
 0.4392166E-01  0.3378211E-03
 0.4377493E-01  0.3356175E-03
-0.3813705E-01  0.2769211E-03
-0.2711090E-01  0.1383688E-03
 0.8490857E-02  0.1308752E-04
 0.3245766E-01  0.1866418E-03
-0.4109010E-01  0.3224431E-03
 0.2541465E-01  0.1152517E-03
 0.2492890E-01  0.1109429E-03
 0.4126531E-01  0.2989976E-03
 0.4749813E-01  0.3936500E-03
 0.9673923E-02  0.1696823E-04
-0.1938167E-01  0.7016089E-04
 0.4004310E-01  0.2818970E-03
-0.4815047E-01  0.4459961E-03
 0.3993839E-01  0.2804543E-03
 0.4290220E-01  0.3226537E-03
-0.4480796E-01  0.3849001E-03
 0.4966723E-01  0.4294812E-03
 0.2680270E-02  0.1311847E-05
 0.4272110E-01  0.3199941E-03
 0.1458201E-01  0.3836156E-04
 0.1640697E-02  0.4920885E-06
 0.2495048E-01  0.1111327E-03
-0.4255966E-01  0.3464421E-03
-0.2618448E-02  0.1258813E-05
-0.2350059E-01  0.1035862E-03
 0.3552948E-01  0.2229458E-03
-0.4265129E-01  0.3479682E-03
-0.1849060E-01  0.6379976E-04
 0.3583464E-01  0.2267219E-03
-0.4546870E-01  0.3966044E-03
 0.7864550E-02  0.1123516E-04
-0.2901983E-01  0.1588509E-03
 0.3714105E-02  0.2516382E-05
 0.4511088E-01  0.3559335E-03
 0.4811805E-01  0.4037392E-03
 0.3801835E-01  0.2546318E-03
-0.8805010E-02  0.1432439E-04
-0.3681402E-01  0.2576904E-03
 0.1510173E-01  0.4112305E-04
 0.1464259E-01  0.3867860E-04
-0.1702908E-01  0.5403186E-04
-0.4087869E-01  0.3190643E-03
 0.9465853E-03  0.1639129E-06
 0.4846664E-01  0.4094656E-03
-0.3115534E-01  0.1834914E-03
 0.1401288E-01  0.3544606E-04
-0.2011203E-01  0.7560480E-04
 0.4661398E-01  0.3794706E-03
-0.1967797E-01  0.7234442E-04
-0.2108585E-02  0.8158859E-06
 0.4273970E-01  0.3202668E-03
-0.3452888E-01  0.2261614E-03
-0.2761093E-01  0.1435936E-03
-0.1120432E-01  0.2325154E-04
-0.4975640E-01  0.4770295E-03
 0.8057198E-02  0.1179002E-04
-0.2675401E-01  0.1347005E-03
 0.4099094E-01  0.2951167E-03
 0.3950220E-01  0.2744831E-03
 0.3702968E-01  0.2418027E-03
 0.3190710E-01  0.1804645E-03
-0.2130386E-01  0.8493446E-04
-0.6154612E-02  0.6979786E-05
-0.4036240E-02  0.2995405E-05
-0.2070860E-01  0.8020549E-04
 0.3899765E-01  0.2676530E-03
-0.3547285E-01  0.2389276E-03
 0.3431201E-01  0.2081854E-03
-0.2339693E-01  0.1026634E-03
 0.7339125E-02  0.9789319E-05
 0.3241473E-01  0.1861565E-03
 0.2236431E-01  0.8952326E-04
 0.2200603E-01  0.8670944E-04
-0.4976858E-01  0.4772690E-03
-0.2622746E-01  0.1293808E-03
 0.3535293E-01  0.2207752E-03
 0.1524954E-01  0.4192566E-04
-0.2202856E-01  0.9087859E-04
 0.2994439E-01  0.1592622E-03
-0.4568736E-02  0.3839987E-05
 0.2129991E-01  0.8129245E-04
 0.3636375E-01  0.2333413E-03
-0.4532812E-01  0.3940989E-03
-0.4460077E-02  0.3659099E-05
-0.3957047E-01  0.2985680E-03
 0.4872157E-01  0.4136778E-03
-0.8897249E-03  0.1450837E-06
-0.2818961E-01  0.1497643E-03
-0.4545545E-01  0.3963679E-03
 0.2081258E-01  0.7765360E-04
 0.4938365E-01  0.4247126E-03
-0.4000094E-01  0.3052342E-03
-0.1239714E-01  0.2850057E-04
-0.2103160E-01  0.8275439E-04
-0.1310436E-01  0.3186810E-04
-0.4420901E-01  0.3744483E-03
-0.2252962E-02  0.9315770E-06
-0.2316482E-01  0.1006127E-03
-0.1649881E-01  0.5069173E-04
 0.2817432E-01  0.1412437E-03
-0.3451023E-02  0.2188456E-05
 0.3937597E-01  0.2727666E-03
-0.1032374E-01  0.1972261E-04
-0.9597083E-02  0.1703124E-04
-0.3886574E-01  0.2878197E-03
-0.2599426E-01  0.1270598E-03
 0.4115223E-01  0.2973951E-03
 0.4683822E-01  0.3830434E-03
-0.1519824E-01  0.4295766E-04
 0.2160384E-01  0.8360308E-04
-0.1640669E-01  0.5012251E-04
 0.4595008E-01  0.3689862E-03
-0.4068900E-01  0.3160485E-03
-0.1112464E-01  0.2292017E-04
-0.2306155E-01  0.9970702E-04
-0.2083112E-01  0.8116756E-04
 0.8957775E-02  0.1455956E-04
 0.8552027E-02  0.1327595E-04
 0.3884699E-01  0.2656294E-03
-0.1954033E-01  0.7132588E-04
 0.3817705E-01  0.2567208E-03
-0.1116993E-01  0.2310823E-04
-0.3299931E-01  0.2062442E-03
 0.1712646E-01  0.5278039E-04
-0.4636272E-01  0.4127333E-03
-0.8357093E-02  0.1289817E-04
 0.2905878E-01  0.1501160E-03
-0.3518143E-01  0.2349477E-03
 0.4251337E-01  0.3169564E-03
-0.5101379E-02  0.4790148E-05
-0.1496526E-01  0.4164084E-04
-0.2893711E-01  0.1579332E-03
 0.2243317E-01  0.9006909E-04
-0.3844389E-01  0.2814836E-03
 0.4468071E-01  0.3493298E-03
-0.7626363E-02  0.1073318E-04
-0.2202314E-01  0.9083342E-04
 0.3204854E-01  0.1820419E-03
-0.4079402E-02  0.3059945E-05
 0.1586846E-01  0.4536936E-04
 0.4594074E-01  0.3688397E-03
-0.1584192E-01  0.4670415E-04
-0.3823402E-01  0.2783587E-03
 0.4870103E-01  0.4133377E-03
 0.3865326E-01  0.2630382E-03
-0.1519915E-01  0.4296285E-04
 0.1667232E-01  0.5004145E-04
 0.4359551E-01  0.3329324E-03
-0.1545630E-02  0.4381359E-06
-0.3528921E-01  0.2364157E-03
-0.3336917E-01  0.2109733E-03
 0.3116202E-01  0.1722649E-03
 0.1379798E-01  0.3437468E-04
-0.3765349E-01  0.2698092E-03
-0.1632897E-01  0.4964483E-04
-0.1385808E-01  0.3566689E-04
-0.1409307E-02  0.3642073E-06
 0.3605719E-01  0.2294949E-03
 0.4791008E-01  0.4003409E-03
 0.4084813E-01  0.2931064E-03
 0.4795365E-01  0.4010517E-03
 0.2360564E-01  0.9961129E-04
 0.3420863E-01  0.2069544E-03
 0.4201126E-01  0.3096712E-03
-0.1234353E-01  0.2825306E-04
 0.4890608E-01  0.4167392E-03
-0.1457392E-01  0.3947570E-04
 0.3604817E-01  0.2293822E-03
 0.1497905E-01  0.4046265E-04
-0.1378531E-01  0.3529067E-04
-0.3691606E-01  0.2591481E-03
 0.4985218E-01  0.4326049E-03
-0.6246398E-03  0.7149061E-07
-0.7143914E-02  0.9413518E-05
 0.1487124E-01  0.3988671E-04
 0.2653973E-01  0.1255382E-03
-0.4580094E-01  0.4025592E-03
-0.4854326E-01  0.4534854E-03
-0.1815787E-01  0.6150338E-04
 0.4534594E-01  0.3595670E-03
 0.2596779E-01  0.1202556E-03
-0.8001509E-02  0.1181963E-04
-0.1816441E-01  0.6154811E-04
-0.2848910E-01  0.1530104E-03
 0.2378060E-01  0.1010754E-03
 0.2946156E-01  0.1542433E-03
-0.2426037E-02  0.1080395E-05
 0.1182141E-01  0.2528251E-04
 0.2994387E-01  0.1592568E-03
-0.4091536E-01  0.3196490E-03
 0.4182802E-01  0.3070326E-03
-0.4872629E-02  0.4369171E-05
-0.1385308E-01  0.3564096E-04
 0.3357009E-01  0.1994296E-03
-0.1580166E-02  0.4579504E-06
-0.2513242E-01  0.1186693E-03
-0.4918484E-01  0.4658591E-03
-0.3049544E-01  0.1756818E-03
 0.5366108E-03  0.5269800E-07
 0.1813144E-01  0.5909599E-04
-0.5279100E-02  0.5130651E-05
-0.3296317E-02  0.1996327E-05
 0.2540235E-01  0.1151416E-03
-0.4984458E-01  0.4787651E-03
-0.1554376E-03  0.4424802E-08
-0.1103711E-01  0.2255890E-04
 0.4075204E-01  0.2917574E-03
 0.1203047E-01  0.2617907E-04
-0.3486593E-01  0.2306781E-03
 0.1718580E-01  0.5314353E-04
 0.3200914E-01  0.1816018E-03
-0.7716836E-02  0.1099037E-04
 0.3433634E-01  0.2084755E-03
 0.4388903E-01  0.3373304E-03
-0.4256124E-01  0.3464683E-03
 0.3049610E-01  0.1650926E-03
-0.1732311E-02  0.5504684E-06
-0.4660963E-01  0.4172469E-03
-0.7967365E-02  0.1171856E-04
 0.4134132E-01  0.3000769E-03
 0.4270877E-01  0.3198134E-03
 0.2976145E-01  0.1573514E-03
-0.4835211E-01  0.4498326E-03
 0.6819312E-02  0.8456197E-05
-0.1563476E-01  0.4548108E-04
 0.4789379E-01  0.4000753E-03
-0.3848081E-01  0.2820353E-03
-0.2728734E-01  0.1402010E-03
-0.3697600E-01  0.2600063E-03
 0.5816618E-02  0.6158553E-05
 0.4465945E-01  0.3490049E-03
 0.4523697E-01  0.3578805E-03
-0.7137949E-02  0.9397748E-05
-0.2359505E-01  0.1044306E-03
-0.1269629E-01  0.2990176E-04
-0.9129885E-02  0.1540604E-04
-0.4972621E-03  0.4530060E-07
 0.3046503E-01  0.1647615E-03
-0.4924737E-01  0.4670743E-03
-0.1217999E-01  0.2750478E-04
 0.2671251E-01  0.1271558E-03
-0.3748911E-01  0.2674134E-03
 0.3273565E-01  0.1897991E-03
-0.2709198E-01  0.1381731E-03
 0.2987350E-01  0.1585205E-03
 0.3367153E-01  0.2006160E-03
-0.4683993E-01  0.4214802E-03
 0.3771436E-01  0.2506532E-03
-0.4182349E-01  0.3343077E-03
-0.1511099E-01  0.4246206E-04
-0.2897553E-02  0.1541912E-05
-0.2214764E-01  0.9187502E-04
-0.4037439E-01  0.3110794E-03
 0.4425072E-01  0.3427878E-03
-0.1390858E-01  0.3592915E-04
 0.3217366E-01  0.1834428E-03
 0.3228588E-01  0.1847036E-03
 0.2277180E-01  0.9277684E-04
-0.7657129E-02  0.1082030E-04
-0.4179833E-01  0.3338970E-03
 0.4145248E-02  0.3133129E-05
-0.3828959E-01  0.2791844E-03
 0.2221732E-01  0.8836354E-04
-0.1760532E-01  0.5778450E-04
-0.4254868E-01  0.3462594E-03
 0.2228708E-01  0.8891297E-04
 0.2736899E-01  0.1333936E-03
 0.4464180E-01  0.3487354E-03
-0.2842749E-01  0.1523397E-03
-0.3127265E-02  0.1796503E-05
-0.4829172E-01  0.4486819E-03
-0.2297434E-02  0.9687620E-06
-0.1418416E-01  0.3737755E-04
 0.2580556E-01  0.1187772E-03
 0.2467775E-01  0.1087465E-03
 0.4067790E-02  0.3017371E-05
-0.4042204E-01  0.3118294E-03
 0.1113459E-01  0.2244571E-04
-0.3193767E-01  0.1929770E-03
-0.7505475E-02  0.1039432E-04
-0.9166442E-02  0.1553025E-04
-0.3037081E-01  0.1742265E-03
 0.3240966E-01  0.1860992E-03
-0.2136415E-01  0.8542117E-04
 0.2920456E-01  0.1516036E-03
 0.2927594E-02  0.1564725E-05
 0.4063721E-01  0.2901493E-03
-0.1426972E-01  0.3783317E-04
-0.1334189E-01  0.3304187E-04
-0.4862054E-02  0.4350180E-05
-0.4758399E-01  0.4353101E-03
-0.2703445E-02  0.1341980E-05
 0.2076465E-01  0.7730013E-04
 0.6820909E-02  0.8460144E-05
-0.2730625E-01  0.1403981E-03
 0.8870334E-02  0.1427797E-04
 0.1042338E-01  0.1968416E-04
 0.4714610E-01  0.3879748E-03
-0.3470376E-01  0.2284991E-03
 0.3556538E-02  0.2307772E-05
 0.9176345E-02  0.1527533E-04
 0.1190490E-01  0.2563872E-04
-0.2439595E-01  0.1117320E-03
-0.2966762E-02  0.1616565E-05
-0.2073397E-01  0.8040419E-04
-0.5772762E-02  0.6138169E-05
-0.2157792E-01  0.8715817E-04
-0.8190652E-02  0.1238742E-04
 0.1191625E-01  0.2568734E-04
-0.2363041E-01  0.1047477E-03
-0.4268261E-01  0.3484906E-03
 0.6209356E-02  0.7015472E-05
-0.3914430E-01  0.2920437E-03
-0.4795592E-01  0.4423108E-03
 0.2611865E-01  0.1216382E-03
 0.2634581E-01  0.1237347E-03
-0.4789666E-01  0.4411914E-03
 0.1233130E-01  0.2749627E-04
 0.2387379E-01  0.1018595E-03
 0.1765640E-01  0.5606702E-04
-0.2632972E-01  0.1304053E-03
-0.3599914E-01  0.2462028E-03
 0.3881031E-01  0.2651378E-03
-0.3354701E-01  0.2132670E-03
 0.9277267E-02  0.1561158E-04
 0.3112051E-01  0.1718134E-03
-0.5723265E-02  0.6033054E-05
-0.3514352E-01  0.2344326E-03
-0.3567125E-01  0.2416569E-03
-0.3481142E-01  0.2299445E-03
-0.2818157E-02  0.1458451E-05
 0.3261985E-01  0.1884807E-03
-0.4582573E-01  0.4030053E-03
 0.1262503E-01  0.2881317E-04
 0.6417486E-03  0.7536306E-07
-0.1612995E-01  0.4843216E-04
-0.3417322E-01  0.2214454E-03
-0.3804656E-01  0.2755828E-03
-0.4005548E-01  0.3060844E-03
-0.4956336E-01  0.4732413E-03
 0.1905000E-02  0.6632224E-06
-0.5119804E-02  0.4824904E-05
 0.2923989E-01  0.1519651E-03
 0.3868613E-01  0.2634771E-03
 0.6060856E-02  0.6684938E-05
-0.8147835E-02  0.1225771E-04
 0.4729939E-01  0.3904412E-03
 0.2161192E-01  0.8366495E-04
-0.1662312E-01  0.5146501E-04
 0.1309874E-01  0.3100100E-04
-0.2245106E-01  0.9443892E-04
-0.9854073E-02  0.1796029E-04
-0.4657753E-01  0.4166588E-03
-0.3791651E-01  0.2736656E-03
 0.3032213E-03  0.1683054E-07
 0.1665933E-01  0.4996419E-04
 0.6594635E-03  0.7957972E-07
-0.2253462E-01  0.9515135E-04
-0.1291405E-01  0.3094316E-04
 0.4707122E-01  0.3867726E-03
-0.2319198E-01  0.1008515E-03
 0.1230896E-01  0.2739736E-04
 0.3824760E-01  0.2576520E-03
 0.5611858E-02  0.5733787E-05
 0.2971661E-01  0.1568848E-03
 0.3128698E-01  0.1736271E-03
 0.2850261E-01  0.1445063E-03
 0.3387757E-01  0.2030363E-03
-0.1067091E-01  0.2107887E-04
 0.3097235E-02  0.1751014E-05
 0.4496194E-01  0.3536405E-03
-0.8622497E-03  0.1362577E-06
 0.4643324E-01  0.3766025E-03
-0.3948587E-01  0.2972669E-03
-0.3599119E-01  0.2460920E-03
-0.3156463E-01  0.1884232E-03
-0.2341205E-01  0.1027978E-03
 0.2520988E-01  0.1134255E-03
-0.3227102E-01  0.1970939E-03
-0.3690438E-01  0.2589811E-03
-0.4635881E-01  0.4126621E-03
-0.3608441E-02  0.2393047E-05
 0.1662607E-01  0.4976653E-04
-0.9862737E-02  0.1799205E-04
-0.4983576E-01  0.4785914E-03
 0.3230626E-01  0.1849331E-03
 0.4395262E-01  0.3382869E-03
 0.1794486E-01  0.5789702E-04
 0.3727038E-01  0.2448967E-03
 0.5122470E-02  0.4779734E-05
-0.8654867E-02  0.1383791E-04
 0.3032983E-01  0.1633248E-03
-0.1158991E-01  0.2488929E-04
 0.1430873E-01  0.3694745E-04
-0.1748530E-01  0.5699234E-04
 0.4042353E-01  0.2871681E-03
-0.4396928E-01  0.3703071E-03
 0.6455033E-03  0.7624722E-07
 0.4107782E-01  0.2963430E-03
 0.6872701E-02  0.8588657E-05
-0.4314573E-01  0.3562636E-03
 0.1325939E-01  0.3176094E-04
 0.1885556E-02  0.6497654E-06
-0.2534149E-01  0.1206778E-03
-0.4769515E-01  0.4373964E-03
-0.2932883E-01  0.1623031E-03
 0.4595410E-02  0.3848811E-05
 0.1161752E-01  0.2442298E-04
 0.3292801E-01  0.1919987E-03
 0.1371750E-01  0.3397763E-04
 0.3517560E-01  0.2186052E-03
 0.4618348E-01  0.3726560E-03
-0.1936988E-01  0.7007476E-04
 0.2801960E-01  0.1397186E-03
-0.4879983E-01  0.4584128E-03
-0.4464596E-01  0.3820582E-03
 0.5351430E-03  0.5241018E-07
 0.3576360E-01  0.2258401E-03
-0.2553279E-01  0.1225306E-03
-0.2780061E-01  0.1456015E-03
 0.3744457E-01  0.2471476E-03
 0.2549279E-01  0.1159523E-03
 0.5664436E-02  0.5841419E-05
 0.1685184E-01  0.5111559E-04
 0.1970463E-02  0.7095397E-06
-0.4836896E-01  0.4501539E-03
 0.2886263E-01  0.1481258E-03
 0.3311502E-01  0.1941489E-03
 0.8555042E-02  0.1328527E-04
 0.1776877E-01  0.5677647E-04
-0.3159333E-01  0.1887716E-03
-0.4994662E-01  0.4807779E-03
-0.1104516E-01  0.2259198E-04
-0.5092758E-02  0.4773930E-05
 0.4083286E-01  0.2928918E-03
 0.1627805E-01  0.4772183E-04
 0.1048911E-01  0.1993187E-04
 0.9443878E-02  0.1617460E-04
 0.4530642E-01  0.3589550E-03
-0.2114935E-01  0.8369364E-04
 0.4597363E-01  0.3693556E-03
 0.2990274E-01  0.1588263E-03
 0.3320961E-01  0.1952410E-03
-0.4991034E-01  0.4800619E-03
 0.4106178E-01  0.2961165E-03
-0.4446726E-01  0.3789363E-03
-0.1711401E-01  0.5457692E-04
-0.2022572E-01  0.7647087E-04
 0.1536765E-01  0.4257250E-04
-0.3126222E-01  0.1847727E-03
-0.3149526E-03  0.1816950E-07
 0.1777527E-01  0.5681764E-04
-0.1642675E-01  0.5024622E-04
-0.3184740E-01  0.1918699E-03
-0.4487548E-01  0.3860877E-03
 0.3122154E-03  0.1784363E-07
-0.4082744E-02  0.3064972E-05
-0.1156835E-01  0.2479622E-04
 0.3914272E-03  0.2804410E-07
-0.2788947E-01  0.1465471E-03
 0.1091875E-01  0.2158870E-04
 0.1682063E-01  0.5092803E-04
-0.2550507E-01  0.1222612E-03
 0.4820897E-01  0.4052291E-03
-0.4870611E-01  0.4566095E-03
-0.4776064E-01  0.4386278E-03
-0.1063659E-01  0.2094275E-04
-0.3503572E-01  0.2329708E-03
 0.4258760E-01  0.3180404E-03
-0.3013937E-01  0.1715405E-03
 0.3523092E-01  0.2192811E-03
 0.2770533E-01  0.1366456E-03
 0.4738512E-01  0.3918238E-03
-0.4176415E-01  0.3333394E-03
 0.4598794E-01  0.3695802E-03
-0.2934142E-01  0.1624446E-03
 0.2069720E-01  0.7680401E-04
-0.7774272E-02  0.1115523E-04
 0.4271751E-01  0.3199415E-03
 0.2411597E-01  0.1039110E-03
-0.4592596E-01  0.4048118E-03
 0.1877732E-01  0.6333965E-04
-0.4419478E-01  0.3742018E-03
-0.4015571E-01  0.3076497E-03
 0.2619315E-01  0.1223238E-03
 0.2764780E-01  0.1360867E-03
-0.7293645E-02  0.9813755E-05
-0.4983258E-01  0.4785289E-03
-0.3674124E-01  0.2566534E-03
 0.3747912E-01  0.2475951E-03
 0.1550722E-01  0.4334316E-04
-0.3481525E-01  0.2299959E-03
-0.9551054E-02  0.1686747E-04
-0.3331826E-01  0.2103191E-03
-0.4542291E-01  0.3957875E-03
 0.2594930E-01  0.1200866E-03
 0.1921230E-01  0.6627882E-04
-0.2358743E-01  0.1043623E-03
-0.1661559E-01  0.5141803E-04
-0.4220379E-01  0.3405481E-03
 0.1597195E-01  0.4595824E-04
-0.2960041E-01  0.1653689E-03
-0.4541267E-01  0.3956049E-03
 0.2126123E-01  0.8100061E-04
-0.6945204E-02  0.8895318E-05
 0.2218173E-01  0.8808384E-04
 0.2133812E-01  0.8158123E-04
-0.4911190E-01  0.4644435E-03
-0.1460324E-01  0.3963589E-04
-0.2210823E-01  0.9154462E-04
-0.8837462E-02  0.1443065E-04
-0.8508125E-02  0.1337065E-04
-0.3997680E-01  0.3048583E-03
 0.3031532E-01  0.1631709E-03
-0.3922694E-01  0.2933031E-03
 0.1637121E-01  0.4826502E-04
 0.4151563E-01  0.3025593E-03
 0.1541690E-01  0.4284366E-04
 0.4604011E-01  0.3703998E-03
-0.4558885E-01  0.3987527E-03
-0.3893128E-01  0.2888107E-03
 0.2988649E-01  0.1586563E-03
-0.2096344E-01  0.8221310E-04
 0.1585460E-01  0.4529079E-04
-0.5481017E-02  0.5531774E-05
-0.2920267E-01  0.1608890E-03
-0.2207743E-01  0.9128689E-04
-0.1105434E-01  0.2262978E-04
 0.1951437E-01  0.6835842E-04
 0.1545453E-01  0.4305145E-04
-0.4929374E-01  0.4679766E-03
-0.3500172E-02  0.2251349E-05
 0.4465376E-01  0.3489180E-03
 0.2084389E-01  0.7788494E-04
-0.1794784E-01  0.6007584E-04
 0.2498889E-01  0.1114708E-03
-0.4040654E-01  0.3115854E-03
-0.3172592E-01  0.1903853E-03
 0.4871927E-01  0.4136397E-03
-0.4974881E-02  0.4554944E-05
 0.1738414E-01  0.5436630E-04
-0.8973959E-02  0.1488194E-04
 0.2814025E-01  0.1409072E-03
-0.3944607E-02  0.2860675E-05
 0.1441047E-01  0.3747086E-04
 0.3218575E-01  0.1835784E-03
-0.2299114E-01  0.9909196E-04
 0.1925336E-01  0.6655965E-04
 0.2290177E-01  0.9382653E-04
 0.6203602E-02  0.7002517E-05
-0.2727936E-01  0.1401179E-03
-0.3313621E-03  0.2011247E-07
 0.1681579E-01  0.5089900E-04
 0.7585885E-02  0.1045604E-04
-0.4227098E-01  0.3416568E-03
 0.5023651E-02  0.4597560E-05
 0.8778616E-02  0.1398554E-04
 0.4528858E-01  0.3586787E-03
 0.2096264E-01  0.7876537E-04
-0.3303288E-03  0.1998722E-07
 0.3883779E-01  0.2655061E-03
 0.3012053E-01  0.1611126E-03
-0.4128689E-02  0.3134490E-05
 0.7377947E-03  0.9959951E-07
-0.1480298E-03  0.4013070E-08
-0.3303762E-02  0.2005370E-05
-0.1324670E-01  0.3256891E-04
-0.8626415E-03  0.1363816E-06
 0.1047105E-01  0.1986364E-04
-0.1515094E-01  0.4268863E-04
 0.3696801E-01  0.2410131E-03
-0.4769197E-01  0.4373366E-03
 0.4754054E-01  0.3943363E-03
 0.3809588E-01  0.2556513E-03
 0.5846373E-03  0.6254996E-07
 0.4383888E-01  0.3365771E-03
 0.2411143E-01  0.1038724E-03
 0.3111504E-02  0.1767160E-05
 0.3674264E-01  0.2381377E-03
 0.7057194E-03  0.9113065E-07
 0.3723014E-01  0.2443781E-03
 0.3554833E-01  0.2231782E-03
-0.1130899E-01  0.2369055E-04
-0.1265815E-01  0.2972125E-04
 0.2419388E-01  0.1045752E-03
 0.3274454E-01  0.1899005E-03
 0.2127769E-01  0.8112475E-04
-0.1064506E-01  0.2097633E-04
 0.3390889E-01  0.2034054E-03
-0.2133371E-03  0.8335663E-08
-0.4171685E-01  0.3325687E-03
 0.1852199E-01  0.6164476E-04
 0.2804121E-03  0.1439403E-07
 0.3137121E-01  0.1745483E-03
-0.1189920E-01  0.2624369E-04
 0.1617401E-01  0.4711871E-04
 0.1003559E-01  0.1825394E-04
-0.6208057E-02  0.7101921E-05
-0.9215549E-02  0.1569788E-04
-0.3926994E-01  0.2939594E-03
 0.7317663E-02  0.9732362E-05
 0.4945464E-01  0.4259040E-03
-0.4559726E-01  0.3989031E-03
-0.2419212E-01  0.1098498E-03
-0.4197961E-01  0.3368623E-03
 0.1479942E-01  0.3950524E-04
 0.2569230E-01  0.1177505E-03
 0.3437615E-01  0.2089508E-03
 0.8152360E-02  0.1206899E-04
 0.3628372E-01  0.2323343E-03
-0.2100595E-01  0.8255044E-04
-0.4140330E-02  0.3152229E-05
 0.3749082E-01  0.2477469E-03
 0.3731613E-01  0.2454868E-03
-0.4864232E-01  0.4553845E-03
-0.4850415E-01  0.4527368E-03
 0.5558078E-02  0.5624725E-05
-0.4863514E-01  0.4552466E-03
 0.1706417E-02  0.5322643E-06
-0.1103334E-01  0.2254339E-04
 0.4849298E-01  0.4098999E-03
-0.4669863E-01  0.4188804E-03
 0.2221988E-01  0.8838365E-04
-0.1603641E-01  0.4786750E-04
 0.3406515E-01  0.2052519E-03
 0.4836243E-01  0.4077498E-03
-0.2603538E-01  0.1274675E-03
 0.2392286E-01  0.1022735E-03
-0.2736505E-01  0.1410119E-03
-0.3523099E-01  0.2356221E-03
 0.2216466E-01  0.8794985E-04
-0.7447178E-02  0.1023287E-04
 0.3462029E-01  0.2118768E-03
-0.1996559E-01  0.7449661E-04
-0.4626233E-01  0.4109055E-03
 0.2772189E-01  0.1368067E-03
-0.1493699E-01  0.4148245E-04
 0.1652429E-01  0.4916421E-04
-0.6652131E-02  0.8157988E-05
-0.2499470E-01  0.1173558E-03
-0.4420784E-01  0.3744280E-03
 0.2139369E-02  0.8362517E-06
-0.2421089E-01  0.1100225E-03
 0.2758240E-01  0.1354526E-03
-0.1540274E-01  0.4413072E-04
-0.6217185E-02  0.7122888E-05
 0.4710750E-01  0.3873548E-03
 0.4212562E-01  0.3113232E-03
-0.1387525E-01  0.3575594E-04
 0.1441267E-01  0.3748218E-04
-0.1606382E-01  0.4803263E-04
 0.3987265E-01  0.2795506E-03
-0.2353065E-01  0.1038545E-03
-0.2528091E-01  0.1200940E-03
-0.8669516E-02  0.1388500E-04
-0.2945615E-02  0.1593566E-05
 0.3995237E-01  0.2806468E-03
-0.3747100E-01  0.2671501E-03
-0.9386479E-02  0.1628845E-04
 0.3099462E-02  0.1753529E-05
-0.3797883E-01  0.2745834E-03
 0.1323396E-01  0.3164002E-04
-0.1968909E-01  0.7242702E-04
 0.2955525E-01  0.1552111E-03
-0.2674390E-01  0.1345973E-03
-0.1288154E-01  0.3078657E-04
 0.3461239E-01  0.2117818E-03
-0.1505766E-01  0.4216060E-04
-0.1330359E-01  0.3285117E-04
 0.5026263E-02  0.4602330E-05
-0.2298931E-01  0.9907606E-04
 0.7440904E-03  0.1013059E-06
-0.3536966E-01  0.2375143E-03
-0.4687614E-01  0.4221479E-03
-0.4491126E-01  0.3867178E-03
-0.1950097E-01  0.7103594E-04
 0.2241676E-01  0.8993885E-04
-0.1305838E-01  0.3164335E-04
 0.7778398E-02  0.1099132E-04
 0.3427453E-01  0.2077386E-03
-0.3877164E-02  0.2763499E-05
 0.4866319E-01  0.4127113E-03
 0.2821692E-01  0.1416650E-03
-0.2481534E-01  0.1156563E-03
-0.1100325E-01  0.2241992E-04
 0.4044369E-02  0.2982796E-05
 0.4441530E-01  0.3452848E-03
-0.1202894E-01  0.2682265E-04
 0.5990380E-02  0.6530846E-05
-0.1976307E-01  0.7297788E-04
 0.1187563E-01  0.2551355E-04
-0.3995920E-01  0.3045845E-03
 0.3690712E-01  0.2402346E-03
 0.1770264E-01  0.5635847E-04
-0.3135741E-01  0.1859179E-03
-0.1528821E-01  0.4347179E-04
 0.2308546E-02  0.9735714E-06
-0.3573897E-01  0.2425922E-03
 0.2333242E-01  0.9734584E-04
 0.8590757E-02  0.1339594E-04
 0.3828371E-01  0.2581293E-03
 0.1751357E-01  0.5517159E-04
 0.4824222E-01  0.4057745E-03
-0.4440811E-01  0.3779060E-03
 0.2331669E-02  0.9931484E-06
-0.2380821E-01  0.1063493E-03
-0.1105579E-01  0.2263575E-04
-0.1711316E-01  0.5457140E-04
-0.4638406E-01  0.4131225E-03
-0.5163743E-02  0.4908296E-05
-0.1957278E-01  0.7156536E-04
 0.2129715E-01  0.8127161E-04
-0.3364034E-01  0.2144758E-03
 0.4414209E-01  0.3411443E-03
 0.2094153E-02  0.8013135E-06
 0.6161795E-02  0.6908749E-05
-0.1669894E-01  0.5193957E-04
-0.2438614E-01  0.1116411E-03
 0.1512514E-02  0.4182559E-06
-0.3087085E-01  0.1801031E-03
 0.2628417E-01  0.1231641E-03
-0.4027214E-01  0.3094734E-03
-0.1694260E-01  0.5347974E-04
-0.2179993E-01  0.8898114E-04
-0.3223160E-01  0.1966047E-03
 0.1760202E-01  0.5572530E-04
-0.4136021E-01  0.3267869E-03
-0.4728256E-01  0.4296793E-03
 0.2432552E-01  0.1057022E-03
-0.2529135E-02  0.1174297E-05
-0.4026529E-01  0.3093659E-03
 0.1224970E-01  0.2713582E-04
 0.3653131E-01  0.2354567E-03
-0.1461148E-01  0.3968093E-04
-0.1101627E-01  0.2247330E-04
 0.5154002E-02  0.4838603E-05
 0.6711505E-02  0.8191840E-05
 0.1441406E-01  0.3748940E-04
 0.8803356E-02  0.1406413E-04
-0.1387936E-02  0.3532373E-06
 0.1544710E-02  0.4362370E-06
-0.3209405E-01  0.1949027E-03
-0.3797302E-01  0.2744979E-03
 0.3921461E-01  0.2705799E-03
 0.1956722E-01  0.6872546E-04
-0.2579479E-01  0.1250917E-03
 0.3148326E-01  0.1757775E-03
-0.3444831E-01  0.2250886E-03
-0.1264467E-01  0.2965757E-04
-0.4524465E-02  0.3765759E-05
-0.2328839E-01  0.1017018E-03
 0.3980608E-01  0.2786366E-03
-0.1785591E-02  0.5848815E-06
-0.9739754E-02  0.1754394E-04
 0.3235697E-01  0.1855046E-03
 0.3265609E-01  0.1888928E-03
-0.2127035E-01  0.8466454E-04
 0.3776982E-01  0.2513768E-03
 0.4677319E-02  0.3986904E-05
-0.3075801E-01  0.1787682E-03
-0.1703927E-01  0.5409709E-04
-0.1471622E-01  0.4025617E-04
 0.1970564E-01  0.6969143E-04
-0.4190464E-01  0.3356342E-03
-0.1358966E-01  0.3428916E-04
 0.1243800E-01  0.2797115E-04
-0.7035676E-02  0.9129421E-05
-0.1524503E-01  0.4322465E-04
-0.4695718E-02  0.4056933E-05
 0.4145205E-01  0.3016527E-03
-0.3985624E-01  0.3029849E-03
 0.3136241E-01  0.1744520E-03
-0.3435861E-01  0.2238973E-03
 0.4043502E-01  0.2873280E-03
-0.3011162E-01  0.1712198E-03
 0.6684507E-02  0.8126290E-05
 0.1788291E-01  0.5750156E-04
-0.1755153E-01  0.5742876E-04
 0.1172037E-01  0.2485473E-04
 0.2160912E-01  0.8364350E-04
-0.3121836E-01  0.1842464E-03
-0.2499247E-01  0.1173346E-03
-0.3668507E-01  0.2558545E-03
-0.4632638E-01  0.4120712E-03
-0.2164002E-01  0.8766615E-04
 0.6504952E-02  0.7696995E-05
-0.4709869E-01  0.4262632E-03
-0.2550831E-01  0.1222927E-03
 0.1906135E-01  0.6525145E-04
 0.1019610E-01  0.1883947E-04
 0.3592049E-02  0.2354002E-05
-0.2171263E-01  0.8826205E-04
 0.3325585E-01  0.1957758E-03
-0.9307458E-02  0.1601406E-04
-0.5304722E-02  0.5180709E-05
 0.4278037E-01  0.3208634E-03
-0.3217453E-01  0.1958976E-03
-0.4073407E-01  0.3167638E-03
 0.4224870E-01  0.3131062E-03
-0.1287088E-01  0.3073530E-04
 0.4902465E-01  0.4187121E-03
-0.1509301E-01  0.4236033E-04
-0.4233979E-02  0.3296755E-05
 0.1482200E-02  0.4016706E-06
 0.3024233E-01  0.1623982E-03
-0.7029477E-02  0.9113281E-05
-0.3130981E-02  0.1800782E-05
-0.4403143E-01  0.3713784E-03
-0.7673469E-02  0.1086671E-04
 0.5677702E-02  0.5868733E-05
 0.3747208E-01  0.2475040E-03
-0.1792750E-01  0.5993856E-04
 0.1440284E-01  0.3743149E-04
-0.1419815E-01  0.3745186E-04
-0.4771207E-01  0.4377143E-03
-0.3046814E-01  0.1753624E-03
 0.2346799E-01  0.9846678E-04
 0.2718667E-01  0.1316466E-03
 0.4815540E-01  0.4043508E-03
-0.1903539E-01  0.6765231E-04
-0.2491325E-01  0.1165825E-03
 0.8767524E-02  0.1395038E-04
-0.2882195E-01  0.1566601E-03
 0.4195595E-01  0.3088735E-03
-0.2735187E-01  0.1408742E-03
-0.7341194E-02  0.9942611E-05
-0.3952271E-01  0.2978331E-03
 0.1534162E-01  0.4242952E-04
-0.4265335E-01  0.3480025E-03
 0.1227568E-01  0.2725035E-04
-0.3031066E-01  0.1735263E-03
-0.2342747E-01  0.1029348E-03
 0.9850579E-02  0.1759044E-04
 0.2489699E-01  0.1106627E-03
 0.4307690E-01  0.3252292E-03
 0.3385582E-01  0.2027801E-03
-0.3288921E-01  0.2048471E-03
 0.7278196E-02  0.9628051E-05
-0.4122139E-01  0.3245506E-03
 0.1665986E-01  0.4996736E-04
-0.3911020E-01  0.2915249E-03
 0.4278259E-01  0.3208959E-03
-0.1398706E-01  0.3633869E-04
-0.4331845E-02  0.3451266E-05
 0.1559176E-01  0.4381327E-04
-0.4273602E-01  0.3493826E-03
-0.3131025E-01  0.1853501E-03
 0.3311196E-01  0.1941137E-03
-0.3200917E-01  0.1938562E-03
-0.4462112E-01  0.3816236E-03
-0.4534077E-01  0.3943241E-03
 0.1418047E-02  0.3676769E-06
 0.2827930E-01  0.1422831E-03
-0.1689181E-01  0.5315680E-04
 0.4843685E-01  0.4089747E-03
-0.2093505E-02  0.8042456E-06
 0.3142283E-01  0.1751141E-03
-0.3342630E-01  0.2117088E-03
 0.2144465E-01  0.8238891E-04
-0.3318501E-01  0.2086117E-03
-0.6977714E-02  0.8979086E-05
-0.1493354E-01  0.4146312E-04
-0.2638451E-01  0.1309559E-03
-0.4374917E-01  0.3665259E-03
-0.1688862E-01  0.5313657E-04
-0.4832776E-02  0.4297819E-05
 0.7604177E-02  0.1050633E-04
 0.2571773E-01  0.1179806E-03
-0.4313741E-02  0.3422416E-05
-0.1325790E-01  0.3262439E-04
 0.4883309E-02  0.4344892E-05
-0.3317559E-01  0.2084913E-03
-0.3674443E-01  0.2566988E-03
-0.3996949E-01  0.3047446E-03
-0.3048788E-01  0.1755934E-03
 0.2058000E-01  0.7594572E-04
 0.8820407E-02  0.1411841E-04
-0.3909987E-02  0.2810582E-05
-0.3221600E-01  0.1964112E-03
-0.3800155E-01  0.2749185E-03
-0.9012993E-02  0.1501228E-04
-0.4533147E-01  0.3941586E-03
-0.9800366E-02  0.1776407E-04
 0.4622641E-01  0.3733330E-03
-0.1079037E-01  0.2155609E-04
-0.1142835E-01  0.2419623E-04
 0.3052458E-01  0.1653963E-03
-0.1129769E-01  0.2364295E-04
 0.2844544E-01  0.1439355E-03
 0.1870110E-01  0.6283136E-04
 0.3629793E-01  0.2325129E-03
-0.4236888E-01  0.3432758E-03
 0.1831256E-01  0.6027143E-04
 0.1822218E-01  0.5968349E-04
-0.4663228E-01  0.4176624E-03
-0.4854790E-01  0.4535742E-03
 0.1573407E-01  0.4461023E-04
-0.4687496E-01  0.4221261E-03
 0.4729580E-01  0.3903834E-03
 0.3338991E-02  0.2034533E-05
-0.4349079E-01  0.3621133E-03
 0.4158295E-01  0.3035207E-03
 0.4640214E-01  0.3761100E-03
-0.3660631E-01  0.2547366E-03
 0.3281269E-01  0.1906786E-03
-0.6467128E-02  0.7709076E-05
-0.4724309E-01  0.4289447E-03
 0.3216186E-01  0.1833105E-03
 0.4590302E-01  0.3682483E-03
-0.3286103E-01  0.2044904E-03
-0.9310220E-02  0.1602361E-04
 0.1425003E-02  0.3712902E-06
-0.1615550E-01  0.4858700E-04
 0.9781860E-02  0.1734708E-04
 0.1057861E-01  0.2027162E-04
 0.4374571E-01  0.3351795E-03
-0.4321477E-01  0.3574299E-03
-0.4135959E-01  0.3267768E-03
 0.3181080E-01  0.1793943E-03
-0.2328522E-01  0.1016738E-03
-0.2510432E-01  0.1184008E-03
-0.3273702E-01  0.2029241E-03
-0.2471330E-01  0.1146952E-03
 0.2782163E-01  0.1377790E-03
 0.1199620E-01  0.2603105E-04
 0.1025662E-01  0.1906258E-04
-0.2039465E-01  0.7776706E-04
-0.3474210E-01  0.2290133E-03
-0.1210159E-01  0.2714963E-04
 0.4737835E-01  0.3917145E-03
-0.3545808E-02  0.2310546E-05
-0.3202856E-01  0.1940951E-03
 0.4180989E-01  0.3067722E-03
 0.1949514E-01  0.6822511E-04
 0.3647439E-01  0.2347371E-03
 0.4481242E-01  0.3513455E-03
-0.3061898E-01  0.1771305E-03
-0.4413513E-01  0.3731694E-03
 0.4156022E-01  0.3031959E-03
-0.4681670E-01  0.4210522E-03
 0.1249496E-01  0.2822629E-04
-0.4308141E-01  0.3551788E-03
-0.1569042E-01  0.4580809E-04
-0.4514650E-01  0.3908741E-03
 0.1648626E-01  0.4894003E-04
-0.2307018E-01  0.9978258E-04
 0.5054179E-02  0.4653463E-05
-0.5044680E-02  0.4683989E-05
 0.1258992E-01  0.2865419E-04
 0.8576306E-02  0.1335110E-04
-0.5464243E-03  0.5470349E-07
 0.6066097E-02  0.6696469E-05
 0.2053337E-02  0.7704135E-06
-0.4776123E-01  0.4386389E-03
 0.1034152E-01  0.1937781E-04
 0.6638893E-02  0.8016137E-05
 0.4410512E-02  0.3545994E-05
-0.2745829E-01  0.1419881E-03
-0.2251191E-01  0.9495750E-04
 0.4156654E-02  0.3150360E-05
 0.3007414E-02  0.1651078E-05
 0.4212663E-01  0.3113379E-03
 0.5424566E-02  0.5358474E-05
-0.7085413E-02  0.9259423E-05
 0.4542246E-01  0.3607536E-03
 0.3603697E-01  0.2292423E-03
-0.5814137E-02  0.6226734E-05
-0.4554139E-01  0.3979033E-03
-0.2352397E-01  0.1037949E-03
-0.3616288E-01  0.2484894E-03
-0.1411933E-01  0.3703421E-04
 0.1236970E-01  0.2766671E-04
-0.4166308E-01  0.3316936E-03
-0.1426796E-01  0.3782376E-04
-0.8562847E-02  0.1354395E-04
-0.3506065E-01  0.2333085E-03
 0.3575247E-01  0.2257022E-03
 0.5271659E-03  0.5085974E-07
 0.2478922E-01  0.1097187E-03
-0.4375380E-01  0.3666052E-03
 0.3905856E-01  0.2684731E-03
-0.1226475E-01  0.2789132E-04
 0.9310390E-02  0.1572272E-04
 0.3406507E-01  0.2052509E-03
 0.3676987E-01  0.2384842E-03
 0.2943628E-02  0.1581886E-05
 0.1041562E-01  0.1965501E-04
 0.2154664E-01  0.8316579E-04
 0.1974357E-02  0.7123444E-06
-0.2102946E-01  0.8273734E-04
-0.1017765E-01  0.1916551E-04
-0.3041290E-01  0.1747172E-03
 0.3936845E-01  0.2726645E-03
 0.2843169E-01  0.1437985E-03
 0.4112362E-01  0.2969904E-03
 0.4123972E-03  0.3112876E-07
 0.2017551E-01  0.7301971E-04
-0.4295631E-01  0.3530736E-03
 0.4234178E-01  0.3144577E-03
-0.1986585E-01  0.7374662E-04
 0.1453886E-01  0.3813655E-04
-0.4836099E-01  0.4500019E-03
 0.4950973E-01  0.4268296E-03
 0.4039195E-01  0.2867287E-03
-0.8263200E-02  0.1260876E-04
 0.3380131E-01  0.2021388E-03
 0.2029491E-01  0.7387753E-04
 0.4980795E-01  0.4318568E-03
 0.2638297E-01  0.1240794E-03
 0.4244027E-02  0.3283900E-05
 0.4173824E-01  0.3057438E-03
 0.4254733E-01  0.3174520E-03
 0.3527455E-01  0.2198147E-03
 0.2218955E-01  0.8814523E-04
 0.2139480E-01  0.8201049E-04
-0.1998576E-02  0.7328918E-06
 0.1373053E-01  0.3404176E-04
-0.2121331E-02  0.8257903E-06
-0.1390453E-01  0.3590810E-04
 0.3760233E-01  0.2491946E-03
-0.1006601E-02  0.1857265E-06
-0.3245031E-01  0.1993265E-03
-0.9664797E-02  0.1727362E-04
 0.2846967E-01  0.1441773E-03
-0.3549891E-01  0.2392852E-03
 0.4724714E-01  0.3895997E-03
-0.3679576E-01  0.2574301E-03
 0.1471256E-01  0.3904636E-04
-0.4451328E-01  0.3797391E-03
 0.4041073E-01  0.2869899E-03
 0.4063382E-01  0.2901018E-03
-0.1563460E-01  0.4548013E-04
-0.2309387E-01  0.9999005E-04
-0.2815895E-01  0.1494341E-03
-0.3089842E-01  0.1804300E-03
-0.1900171E-01  0.6741080E-04
-0.4071844E-01  0.3165157E-03
-0.4529669E-01  0.3935399E-03
 0.4233995E-01  0.3144311E-03
 0.2284573E-01  0.9337329E-04
-0.5748311E-02  0.6086128E-05
-0.3041232E-02  0.1698869E-05
-0.4594713E-01  0.4051940E-03
-0.1633535E-01  0.4968395E-04
-0.1429508E-01  0.3796873E-04
-0.2860365E-01  0.1542615E-03
-0.2719741E-01  0.1392656E-03
 0.3312200E-01  0.1942294E-03
 0.1831366E-01  0.6027864E-04
 0.2397954E-01  0.1027529E-03
 0.4618784E-01  0.3727248E-03
-0.3313803E-02  0.2017598E-05
-0.5876726E-02  0.6361924E-05
 0.3237355E-01  0.1856916E-03
 0.4262374E-01  0.3185686E-03
-0.1443552E-01  0.3872400E-04
 0.5658067E-02  0.5828327E-05
 0.8521049E-02  0.1318036E-04
 0.1518516E-01  0.4157514E-04
-0.1297435E-01  0.3123475E-04
 0.3972022E-01  0.2774600E-03
 0.1288253E-01  0.2999266E-04
 0.2274452E-01  0.9255731E-04
-0.3305678E-01  0.2069754E-03
 0.1062418E-01  0.2044569E-04
-0.7366941E-02  0.1001274E-04
 0.5184136E-02  0.4895198E-05
-0.2356030E-01  0.1041195E-03
 0.1981197E-01  0.7043798E-04
 0.2200226E-01  0.8668011E-04
 0.1107696E-01  0.2221530E-04
-0.2543277E-01  0.1215601E-03
 0.2202794E-02  0.8865133E-06
-0.5452521E-02  0.5474245E-05
 0.2672905E-01  0.1273112E-03
-0.7133627E-02  0.9386329E-05
 0.3633489E-01  0.2329779E-03
-0.1385805E-01  0.3566674E-04
-0.3211571E-01  0.1951702E-03
 0.7656091E-02  0.1064971E-04
-0.2313334E-01  0.1003362E-03
 0.4016799E-01  0.2836222E-03
 0.3984831E-01  0.2792162E-03
 0.3035466E-01  0.1635882E-03
-0.1389125E-02  0.3538433E-06
 0.3204551E-01  0.1820081E-03
-0.3665305E-01  0.2553996E-03
-0.4041424E-01  0.3117066E-03
-0.7471619E-02  0.1030041E-04
-0.3611942E-01  0.2478813E-03
 0.1715255E-01  0.5293994E-04
-0.3203902E-01  0.1942240E-03
 0.4320756E-01  0.3271618E-03
-0.2951915E-01  0.1644485E-03
 0.4688790E-01  0.3838371E-03
 0.4368898E-01  0.3343300E-03
-0.2760641E-01  0.1435459E-03
 0.4251341E-02  0.3295204E-05
-0.2812249E-01  0.1490418E-03
 0.4863930E-01  0.4123163E-03
 0.4106862E-01  0.2962130E-03
 0.1870645E-01  0.6286691E-04
 0.3399642E-01  0.2044387E-03
-0.4871947E-01  0.4568665E-03
 0.4046972E-01  0.2878112E-03
-0.3312725E-01  0.2078739E-03
 0.2158941E-01  0.8349267E-04
-0.9822918E-02  0.1784633E-04
-0.1966553E-01  0.7225207E-04
-0.2012258E-01  0.7568492E-04
 0.5894125E-02  0.6323274E-05
-0.3552485E-01  0.2396414E-03
-0.3145710E-01  0.1871210E-03
-0.2379110E-01  0.1061945E-03
 0.4870150E-02  0.4321566E-05
 0.3911029E-01  0.2691706E-03
 0.2302047E-01  0.9479028E-04
 0.2675708E-02  0.1307391E-05
-0.2424456E-01  0.1103326E-03
-0.2770575E-01  0.1445955E-03
 0.4315183E-01  0.3263368E-03
 0.1702055E-01  0.5213523E-04
 0.1261248E-01  0.2875627E-04
 0.1579414E-01  0.4494878E-04
-0.1633258E-02  0.4892675E-06
-0.7115976E-02  0.9339768E-05
-0.1180324E-02  0.2554103E-06
 0.1109473E-01  0.2228620E-04
-0.6365630E-02  0.7468220E-05
 0.1826482E-01  0.5996052E-04
-0.1926726E-01  0.6932692E-04
 0.2785098E-01  0.1380657E-03
-0.4386613E-01  0.3685326E-03
-0.4210074E-02  0.3259554E-05
-0.3182529E-01  0.1915992E-03
 0.6182351E-02  0.6954774E-05
-0.2223004E-01  0.9256769E-04
-0.2722374E-01  0.1395392E-03
-0.8929995E-03  0.1461541E-06
-0.4639034E-01  0.4132370E-03
 0.3382008E-01  0.2023595E-03
-0.1108047E-01  0.2273747E-04
 0.3828241E-01  0.2581122E-03
-0.1712409E-01  0.5464174E-04
 0.4383011E-01  0.3364453E-03
 0.3352824E-01  0.1989410E-03
 0.4787294E-01  0.3997354E-03
-0.1913038E-01  0.6833585E-04
-0.3949580E-01  0.2974195E-03
 0.2836312E-01  0.1431156E-03
-0.3496858E-01  0.2320628E-03
 0.2078057E-02  0.7890557E-06
-0.1288457E-01  0.3080112E-04
 0.4428753E-01  0.3433454E-03
-0.3516750E-01  0.2347584E-03
-0.3072829E-01  0.1784174E-03
 0.9147200E-02  0.1517891E-04
 0.3055453E-01  0.1657159E-03
-0.1646582E-01  0.5048751E-04
-0.2719569E-01  0.1392477E-03
-0.4242126E-01  0.3441436E-03
 0.3964211E-01  0.2763918E-03
-0.1604946E-02  0.4724381E-06
 0.4516858E-01  0.3568239E-03
-0.3373466E-01  0.2157011E-03
-0.2842557E-01  0.1523189E-03
 0.3079576E-01  0.1683018E-03
-0.6824213E-02  0.8587029E-05
-0.7302902E-02  0.9838774E-05
-0.4620149E-01  0.4097998E-03
-0.2190949E-01  0.8988785E-04
-0.7092214E-03  0.9217027E-07
-0.2307781E-01  0.9984936E-04
 0.1278989E-01  0.2956564E-04
 0.4574142E-01  0.3657199E-03
-0.1457483E-01  0.3948063E-04
 0.3960175E-01  0.2758404E-03
 0.1856845E-01  0.6195148E-04
 0.3053843E-02  0.1702370E-05
-0.9645457E-02  0.1720422E-04
 0.1831933E-01  0.6031562E-04
 0.3329196E-02  0.2022635E-05
 0.1549757E-01  0.4328968E-04
 0.4245225E-02  0.3285750E-05
 0.2686290E-01  0.1285719E-03
-0.2318253E-01  0.1007684E-03
-0.3483550E-01  0.2302684E-03
 0.1433916E-01  0.3710363E-04
-0.3060109E-01  0.1769204E-03
-0.4432639E-01  0.3764849E-03
 0.2529096E-01  0.1141470E-03
 0.4418397E-01  0.3417774E-03
-0.4428384E-01  0.3757460E-03
 0.2308199E-01  0.9529164E-04
 0.3322995E-01  0.1954761E-03
 0.4325893E-02  0.3411528E-05
 0.7784230E-02  0.1100774E-04
-0.2786468E-01  0.1462830E-03
-0.4817257E-02  0.4270193E-05
-0.8234806E-02  0.1252190E-04
-0.1659085E-01  0.5126373E-04
-0.3547691E-01  0.2389832E-03
-0.2079236E-01  0.8086257E-04
 0.3649857E-01  0.2350427E-03
 0.4206866E-01  0.3104999E-03
-0.2396013E-01  0.1077276E-03
-0.1937141E-02  0.6884838E-06
 0.1780294E-01  0.5699304E-04
 0.4220098E-01  0.3124143E-03
-0.2293003E-01  0.9855977E-04
 0.2569942E-01  0.1178149E-03
-0.5500082E-02  0.5570432E-05
 0.3684866E-01  0.2394883E-03
-0.1961674E-02  0.7060506E-06
-0.1687895E-01  0.5307520E-04
-0.3466407E-01  0.2279675E-03
-0.3773950E-01  0.2710670E-03
-0.2057548E-01  0.7916685E-04
 0.2862636E-01  0.1457456E-03
 0.3365825E-01  0.2004605E-03
-0.1834505E-01  0.6278994E-04
-0.2662033E-03  0.1297949E-07
-0.3152581E-02  0.1825755E-05
-0.1831936E-01  0.6261257E-04
-0.3682488E-01  0.2578455E-03
-0.6747798E-02  0.8395141E-05
 0.4741038E-01  0.3922317E-03
-0.8990788E-02  0.1493806E-04
 0.8683689E-02  0.1368603E-04
 0.4978649E-01  0.4314941E-03
-0.3776759E-01  0.2714785E-03
 0.1641492E-01  0.4852096E-04
-0.2620605E-03  0.1257860E-07
 0.4569963E-01  0.3650673E-03
-0.2730864E-01  0.1404231E-03
 0.3534091E-01  0.2206277E-03
-0.4714212E-01  0.4270689E-03
 0.4257320E-01  0.3178299E-03
 0.1482519E-01  0.3964189E-04
 0.3011931E-01  0.1610998E-03
 0.4983150E-01  0.4322549E-03
-0.4084857E-01  0.3185845E-03
 0.4147144E-01  0.3019291E-03
-0.3170063E-01  0.1900769E-03
 0.4039280E-01  0.2867406E-03
 0.4440752E-01  0.3451664E-03
 0.8947403E-02  0.1452601E-04
-0.3846511E-01  0.2818006E-03
-0.1510644E-01  0.4243630E-04
 0.3531597E-01  0.2203221E-03
-0.4622541E-01  0.4102342E-03
-0.2559595E-01  0.1231456E-03
-0.2733495E-01  0.1406975E-03
-0.2286311E-01  0.9797864E-04
 0.3321403E-03  0.2019338E-07
 0.4001237E-01  0.2814733E-03
 0.3504857E-01  0.2170571E-03
-0.4992154E-01  0.4802827E-03
-0.3273701E-01  0.2029239E-03
 0.3168235E-01  0.1779717E-03
 0.4188065E-01  0.3077893E-03
 0.1062252E-01  0.2043933E-04
-0.8472258E-02  0.1325767E-04
 0.3037097E-01  0.1637614E-03
-0.3843737E-01  0.2813863E-03
-0.2926067E-01  0.1615383E-03
-0.5920233E-02  0.6456758E-05
 0.6806464E-02  0.8424473E-05
-0.2582064E-01  0.1253459E-03
-0.8985694E-03  0.1479838E-06
 0.2695181E-02  0.1326464E-05
 0.3984469E-01  0.2791665E-03
-0.1502471E-01  0.4197488E-04
-0.2601214E-01  0.1272370E-03
-0.3894117E-01  0.2889604E-03
-0.1415968E-01  0.3724771E-04
-0.9703067E-02  0.1741137E-04
-0.2078647E-01  0.8081626E-04
-0.2996036E-01  0.1694778E-03
-0.3472882E-01  0.2288351E-03
 0.1319864E-01  0.3147249E-04
 0.2334370E-01  0.9743880E-04
-0.2106137E-01  0.8299132E-04
-0.3887919E-01  0.2880230E-03
 0.5419013E-02  0.5347539E-05
 0.2537517E-01  0.1148985E-03
 0.3712117E-01  0.2429765E-03
-0.1186442E-01  0.2608957E-04
-0.4411790E-01  0.3728716E-03
-0.1118588E-01  0.2317465E-04
-0.3369553E-01  0.2151923E-03
 0.2540494E-01  0.1151648E-03
-0.2272048E-01  0.9674580E-04
-0.3786778E-01  0.2729489E-03
-0.3238217E-01  0.1984765E-03
-0.2870845E-02  0.1513577E-05
 0.2859677E-01  0.1454487E-03
-0.4429490E-01  0.3759380E-03
 0.4141374E-01  0.3011071E-03
 0.8678979E-02  0.1367126E-04
-0.4830281E-01  0.4488930E-03
-0.3095980E-01  0.1811590E-03
 0.6692348E-02  0.8145301E-05
-0.2364778E-01  0.1049036E-03
 0.1006679E-01  0.1836705E-04
-0.3723413E-01  0.2637191E-03
 0.3112826E-01  0.1718977E-03
-0.3621552E-01  0.2492267E-03
-0.9764941E-02  0.1763525E-04
 0.3029151E-01  0.1629187E-03
-0.2792851E-01  0.1469635E-03
 0.2095759E-02  0.8025413E-06
-0.2660741E-01  0.1332084E-03
-0.3900278E-01  0.2898938E-03
-0.3488899E-01  0.2309887E-03
-0.3903467E-01  0.2903775E-03
 0.4328397E-01  0.3282947E-03
 0.3344453E-01  0.1979657E-03
 0.3147018E-01  0.1756338E-03
 0.3948472E-01  0.2742451E-03
-0.3915608E-01  0.2922231E-03
-0.1036154E-01  0.1986807E-04
-0.7536123E-02  0.1047972E-04
 0.2933182E-01  0.1529079E-03
 0.3628927E-01  0.2324040E-03
 0.4458761E-04  0.3640170E-09
-0.4408202E-01  0.3722516E-03
 0.2080192E-01  0.7757489E-04
-0.4076025E-01  0.3171796E-03
 0.1963983E-01  0.6923134E-04
 0.5447000E-02  0.5402764E-05
 0.5788476E-02  0.6099281E-05
 0.2454293E-01  0.1075763E-03
-0.1805555E-01  0.6080579E-04
 0.9144132E-02  0.1516877E-04
-0.4448924E-01  0.3793197E-03
 0.2905292E-01  0.1500564E-03
 0.4000538E-02  0.2918624E-05
 0.3971164E-01  0.2773426E-03
-0.2500578E-01  0.1174612E-03
 0.4504317E-01  0.3548902E-03
-0.4333960E-01  0.3595441E-03
 0.2119520E-01  0.8050370E-04
 0.4558040E-01  0.3632088E-03
 0.2072387E-01  0.7699996E-04
-0.2906966E-01  0.1594050E-03
 0.2513336E-02  0.1153722E-05
 0.2013429E-01  0.7272470E-04
-0.2580968E-01  0.1252381E-03
 0.2154374E-01  0.8314365E-04
 0.1615050E-01  0.4698296E-04
 0.3151361E-01  0.1761111E-03
 0.2157298E-01  0.8336705E-04
-0.3118784E-01  0.1838805E-03
-0.4539015E-01  0.3952034E-03
-0.1406170E-01  0.3673038E-04
-0.2680025E-01  0.1351729E-03
 0.2225489E-01  0.8865926E-04
-0.4920011E-02  0.4454772E-05
 0.3725842E-01  0.2447425E-03
 0.4672187E-01  0.3811876E-03
 0.2506199E-01  0.1121155E-03
-0.4691197E-01  0.4228091E-03
-0.2650720E-01  0.1321933E-03
 0.2005536E-01  0.7216143E-04
 0.2275062E-01  0.9260641E-04
 0.2257467E-01  0.9119577E-04
-0.3802680E-01  0.2752911E-03
-0.4306568E-01  0.3549137E-03
 0.6744176E-02  0.8271514E-05
-0.4186646E-01  0.3350098E-03
-0.3544592E-02  0.2308959E-05
 0.3662241E-01  0.2366106E-03
-0.3500858E-01  0.2326035E-03
 0.1520181E-01  0.4166567E-04
-0.3252661E-01  0.2002807E-03
-0.2130306E-01  0.8492797E-04
 0.3849002E-01  0.2608644E-03
-0.2541372E-01  0.1213757E-03
-0.4702653E-01  0.4249266E-03
 0.2891313E-01  0.1486370E-03
-0.4434841E-01  0.3768675E-03
 0.8416005E-02  0.1285877E-04
-0.4746723E-01  0.4331244E-03
-0.3546617E-01  0.2388360E-03
 0.3453254E-01  0.2108229E-03
-0.6454463E-02  0.7678812E-05
-0.1745644E-01  0.5680266E-04
 0.1441708E-01  0.3750497E-04
 0.3720653E-01  0.2440741E-03
 0.8250695E-02  0.1236066E-04
-0.3981109E-01  0.3022848E-03
 0.4173446E-02  0.3175810E-05
-0.3788467E-01  0.2731972E-03
 0.5471953E-02  0.5452238E-05
-0.1981472E-01  0.7336373E-04
-0.1823157E-01  0.6200828E-04
 0.3983327E-01  0.2790096E-03
 0.1126162E-01  0.2295781E-04
-0.6660734E-03  0.8129283E-07
 0.4631116E-01  0.3746711E-03
-0.2814507E-02  0.1454670E-05
 0.3711557E-01  0.2429045E-03
 0.1408407E-01  0.3580453E-04
 0.2546478E-01  0.1157009E-03
-0.4173790E-02  0.3203493E-05
-0.1303984E-01  0.3155295E-04
-0.2263293E-01  0.9599302E-04
-0.7168642E-02  0.9479038E-05
 0.2001976E-01  0.7190806E-04
 0.4515274E-01  0.3565794E-03
-0.4130059E-01  0.3258254E-03
 0.4031838E-01  0.2857065E-03
-0.2640659E-01  0.1311781E-03
 0.2210324E-01  0.8746855E-04
 0.2753459E-01  0.1349899E-03
-0.4634612E-01  0.4124307E-03
 0.4778529E-03  0.4179168E-07
 0.4705382E-01  0.3864936E-03
 0.9120425E-02  0.1509059E-04
 0.1370298E-01  0.3390628E-04
 0.2566524E-01  0.1175058E-03
 0.4964375E-01  0.4290855E-03
 0.1792513E-01  0.5777089E-04
 0.1378756E-01  0.3432316E-04
 0.4155951E-01  0.3031858E-03
-0.3741057E-01  0.2662725E-03
 0.3076529E-01  0.1679740E-03
-0.4794109E-01  0.4420305E-03
-0.2047337E-01  0.7837486E-04
-0.2066338E-02  0.7834860E-06
-0.4959962E-01  0.4739516E-03
 0.1434938E-02  0.3764816E-06
 0.2160357E-01  0.8360100E-04
 0.1831545E-01  0.6029027E-04
 0.1465840E-01  0.3876151E-04
 0.2307812E-01  0.9526000E-04
-0.3915821E-01  0.2922555E-03
 0.4286666E-01  0.3221309E-03
-0.8944990E-02  0.1478557E-04
 0.3545675E-01  0.2220503E-03
-0.2867184E-01  0.1550088E-03
-0.2051349E-01  0.7868554E-04
 0.2601445E-01  0.1206823E-03
-0.4546402E-01  0.3965209E-03
-0.4810782E-01  0.4451868E-03
-0.3204504E-01  0.1942982E-03
-0.2087941E-01  0.8154830E-04
 0.1000830E-01  0.1815531E-04
 0.2933426E-01  0.1529330E-03
 0.4863246E-01  0.4122031E-03
-0.8318437E-02  0.1277862E-04
-0.3641929E-02  0.2437753E-05
 0.1247968E-01  0.2815771E-04
 0.4184483E-01  0.3072742E-03
 0.2350221E-01  0.9875074E-04
-0.3390382E-01  0.2179076E-03
 0.9057645E-02  0.1488450E-04
-0.2988886E-01  0.1686574E-03
-0.4367851E-01  0.3653164E-03
-0.2779291E-01  0.1455198E-03
-0.3215368E-01  0.1956395E-03
-0.1348699E-01  0.3376947E-04
 0.3688940E-01  0.2400082E-03
 0.4857920E-01  0.4113229E-03
-0.4611826E-01  0.4082896E-03
-0.4245700E-01  0.3447364E-03
 0.1990384E-01  0.7108609E-04
 0.1569423E-01  0.4438643E-04
-0.1241260E-02  0.2824805E-06
 0.1750784E-01  0.5513582E-04
-0.4314691E-02  0.3423926E-05
 0.2084546E-01  0.7789653E-04
-0.4552744E-01  0.3976539E-03
-0.3909748E-01  0.2913316E-03
 0.3332432E-01  0.1965692E-03
-0.5867749E-02  0.6342444E-05
 0.2855729E-01  0.1450532E-03
-0.5753201E-02  0.6096518E-05
 0.1602111E-01  0.4623928E-04
-0.1058463E-01  0.2073755E-04
 0.3146877E-02  0.1807503E-05
 0.2008557E-01  0.7237672E-04
-0.5020181E-02  0.4638490E-05
-0.2846655E-01  0.1527648E-03
-0.4900552E-02  0.4419516E-05
 0.5440103E-02  0.5389129E-05
-0.3183388E-01  0.1917044E-03
-0.4841520E-01  0.4510364E-03
 0.2188311E-01  0.8575418E-04
 0.3849443E-01  0.2609229E-03
 0.2784104E-01  0.1379686E-03
-0.5213759E-02  0.5004094E-05
 0.4640822E-01  0.3762063E-03
 0.8132717E-02  0.1201114E-04
-0.3448950E-01  0.2256367E-03
 0.2348818E-01  0.9863428E-04
 0.3158246E-01  0.1768691E-03
-0.4383938E-01  0.3680732E-03
 0.3653149E-01  0.2354590E-03
-0.3969894E-01  0.3005495E-03
 0.1418611E-02  0.3679691E-06
-0.2254896E-01  0.9527391E-04
-0.2903742E-01  0.1590464E-03
 0.7248723E-02  0.9550519E-05
 0.3898011E-01  0.2674169E-03
 0.2160932E-01  0.8364507E-04
 0.1506128E-01  0.4090472E-04
-0.2996072E-02  0.1648713E-05
-0.3294456E-01  0.2055488E-03
 0.1120805E-01  0.2274119E-04
 0.2766284E-01  0.1362327E-03
-0.1262694E-01  0.2957389E-04
 0.3065340E-01  0.1667734E-03
-0.2356791E-01  0.1041876E-03
-0.4520062E-01  0.3918336E-03
 0.4063434E-02  0.3010926E-05
 0.4627019E-01  0.3740239E-03
 0.1524738E-01  0.4191391E-04
 0.1564452E-01  0.4410791E-04
 0.1228298E-01  0.2728257E-04
-0.3692890E-01  0.2593318E-03
 0.1982953E-01  0.7056165E-04
-0.3747094E-01  0.2671492E-03
-0.7393861E-02  0.1008633E-04
-0.1152052E-01  0.2459039E-04
-0.1784643E-01  0.5939270E-04
 0.3712025E-01  0.2429646E-03
-0.2458199E-01  0.1134643E-03
-0.4942674E-01  0.4705697E-03
-0.4904095E-01  0.4630688E-03
-0.2333253E-01  0.1020923E-03
 0.3292958E-02  0.1978915E-05
 0.4687425E-01  0.3836190E-03
-0.3685021E-01  0.2582070E-03
-0.4725884E-01  0.4292378E-03
 0.3869817E-01  0.2636378E-03
 0.1489128E-01  0.3999346E-04
 0.4588568E-01  0.3679765E-03
-0.7379262E-02  0.1004638E-04
-0.1134167E-01  0.2382845E-04
-0.3229380E-02  0.1915942E-05
 0.1912414E-01  0.6567787E-04
-0.2685051E-01  0.1356873E-03
-0.1343717E-01  0.3351877E-04
 0.9704573E-02  0.1707538E-04
 0.1133582E-01  0.2325962E-04
-0.4367748E-01  0.3652989E-03
-0.1040821E-01  0.2004842E-04
-0.3047482E-01  0.1754406E-03
-0.1453989E-01  0.3929016E-04
-0.7789645E-02  0.1119957E-04
 0.3943629E-01  0.2735862E-03
 0.3750719E-01  0.2479592E-03
-0.3490499E-01  0.2312045E-03
 0.4727982E-01  0.3901258E-03
-0.3491262E-01  0.2313073E-03
 0.4276735E-02  0.3334600E-05
 0.4715647E-01  0.3881414E-03
 0.2136614E-01  0.8179324E-04
 0.3749575E-01  0.2478108E-03
-0.1375317E-01  0.3512517E-04
 0.2795091E-01  0.1390441E-03
 0.1311742E-01  0.3108893E-04
 0.3632162E-02  0.2406772E-05
 0.3779771E-02  0.2605974E-05
-0.4378515E-01  0.3671426E-03
 0.1357025E-01  0.3325707E-04
-0.3012434E-01  0.1713669E-03
-0.2482402E-01  0.1157383E-03
-0.2712203E-01  0.1384840E-03
-0.4469419E-01  0.3829032E-03
-0.6961395E-02  0.8936986E-05
 0.3627580E-01  0.2322347E-03
-0.6476591E-02  0.7731727E-05
-0.5176182E-02  0.4932033E-05
-0.1787560E-02  0.5861736E-06
 0.1844715E-01  0.6115228E-04
 0.1460305E-01  0.3847151E-04
-0.3448910E-01  0.2256314E-03
-0.2856251E-01  0.1538116E-03
 0.9114124E-02  0.1506984E-04
-0.2052673E-02  0.7731465E-06
-0.2032824E-01  0.7725618E-04
 0.4930937E-01  0.4234678E-03
-0.3076461E-01  0.1788461E-03
-0.1001174E-01  0.1854262E-04
 0.4359096E-01  0.3328645E-03
-0.2713062E-01  0.1385730E-03
 0.5609365E-02  0.5728708E-05
 0.2307418E-01  0.9522787E-04
 0.2193993E-01  0.8619508E-04
-0.4423656E-01  0.3749258E-03
-0.4518610E-01  0.3915761E-03
 0.4939146E-01  0.4248436E-03
-0.4069630E-01  0.3161643E-03
 0.5013695E-02  0.4579403E-05
 0.1387253E-01  0.3474452E-04
-0.4559635E-01  0.3988868E-03
 0.3895127E-01  0.2670291E-03
 0.3128712E-01  0.1736286E-03
 0.3758868E-01  0.2490172E-03
 0.1591091E-01  0.4561043E-04
 0.1391509E-02  0.3540531E-06
 0.1425338E-01  0.3666422E-04
-0.1627176E-01  0.4929470E-04
 0.4807775E-01  0.4030795E-03
-0.2560546E-01  0.1232383E-03
-0.4538427E-01  0.3950988E-03
 0.5241142E-03  0.5027276E-07
 0.4632012E-01  0.3748126E-03
 0.1546709E-01  0.4312089E-04
-0.1430300E-03  0.3746542E-08
-0.3801209E-01  0.2750740E-03
 0.4275335E-01  0.3204670E-03
 0.2174702E-01  0.8470260E-04
 0.2277005E-01  0.9276281E-04
 0.4350087E-01  0.3315203E-03
-0.2476822E-01  0.1152119E-03
-0.2471860E-01  0.1147450E-03
-0.3030445E-01  0.1734541E-03
 0.2084883E-01  0.7792148E-04
 0.1653010E-01  0.4919850E-04
-0.4467307E-02  0.3671000E-05
-0.4600740E-01  0.4062828E-03
 0.2871881E-01  0.1466746E-03
-0.3310688E-01  0.2076140E-03
 0.9081465E-02  0.1496253E-04
-0.2889728E-01  0.1574923E-03
 0.3812273E-01  0.2560048E-03
-0.7044901E-02  0.9153463E-05
 0.2868961E-01  0.1463808E-03
-0.1319932E-01  0.3233478E-04
 0.3277764E-01  0.1902781E-03
-0.2487407E-01  0.1162114E-03
-0.1368823E-01  0.3479189E-04
-0.1933958E-02  0.6862206E-06
 0.1608058E-01  0.4658036E-04
 0.4935986E-01  0.4243138E-03
 0.3040310E-01  0.1641026E-03
 0.3607831E-01  0.2297589E-03
 0.3672055E-01  0.2378568E-03
 0.1359449E-01  0.3337520E-04
 0.7043758E-02  0.9019937E-05
-0.3636744E-01  0.2513613E-03
 0.1755147E-01  0.5540855E-04
-0.1769601E-01  0.5838674E-04
 0.9899469E-02  0.1776459E-04
-0.7529096E-02  0.1046011E-04
-0.4946489E-01  0.4713149E-03
-0.1449564E-01  0.3904962E-04
-0.3754532E-01  0.2682314E-03
 0.1503237E-01  0.4074902E-04
 0.3341923E-02  0.2038102E-05
 0.2989074E-01  0.1587007E-03
-0.2990151E-01  0.1688024E-03
 0.2471628E-03  0.1118330E-07
 0.3804558E-01  0.2549896E-03
-0.3811644E-01  0.2766159E-03
 0.1717496E-01  0.5307711E-04
 0.3037697E-01  0.1638250E-03
 0.1895337E-01  0.6452136E-04
-0.3811423E-01  0.2765832E-03
-0.7043886E-02  0.9150816E-05
-0.2969757E-01  0.1664729E-03
-0.2528659E-01  0.1201487E-03
 0.2433428E-01  0.1057774E-03
 0.4180989E-01  0.3067722E-03
 0.3650104E-01  0.2350739E-03
-0.1602699E-01  0.4781083E-04
 0.3496817E-01  0.2160800E-03
-0.3181896E-01  0.1915218E-03
 0.1900869E-01  0.6489491E-04
-0.1264066E-01  0.2963864E-04
 0.2893293E-01  0.1488376E-03
 0.1660257E-02  0.5038814E-06
 0.2843797E-01  0.1438611E-03
 0.1458214E-01  0.3836225E-04
 0.3482709E-01  0.2143707E-03
-0.1688645E-01  0.5312277E-04
-0.2304514E-01  0.9956354E-04
-0.3884722E-01  0.2875400E-03
 0.3440574E-01  0.2093043E-03
-0.2217950E-01  0.9214255E-04
-0.2785511E-01  0.1461811E-03
-0.2362093E-01  0.1046626E-03
 0.2749183E-01  0.1345768E-03
-0.4859126E-02  0.4344930E-05
-0.1927595E-01  0.6939009E-04
 0.1158510E-01  0.2428767E-04
 0.2800115E-01  0.1395373E-03
-0.3094909E-01  0.1810317E-03
 0.3027178E-01  0.1627098E-03
-0.1456219E-01  0.3941168E-04
-0.4065347E-01  0.3154853E-03
-0.4127464E-01  0.3254075E-03
 0.4450416E-01  0.3466366E-03
-0.4773395E-01  0.4381258E-03
-0.2376256E-01  0.1059369E-03
 0.3372647E-01  0.2012600E-03
 0.1373314E-01  0.3405463E-04
-0.2190166E-01  0.8982287E-04
 0.4161084E-01  0.3039194E-03
-0.4804280E-01  0.4439546E-03
 0.3423001E-01  0.2072087E-03
-0.4696062E-01  0.4237076E-03
-0.3297854E-01  0.2059803E-03
 0.3389537E-02  0.2096489E-05
 0.9038971E-02  0.1482347E-04
-0.2369322E-02  0.1030412E-05
-0.3362393E-01  0.2142630E-03
-0.2884523E-01  0.1569171E-03
-0.1157060E-02  0.2454355E-06
 0.2811582E-02  0.1443342E-05
 0.3642661E-01  0.2341339E-03
-0.3797792E-02  0.2651296E-05
-0.5472776E-02  0.5515104E-05
 0.3400896E-02  0.2110540E-05
 0.3919468E-03  0.2811860E-07
-0.7235169E-02  0.9656446E-05
 0.4116741E-01  0.2976099E-03
 0.1614155E-01  0.4693131E-04
-0.4475804E-02  0.3685009E-05
-0.4462886E-01  0.3817590E-03
 0.3728064E-01  0.2450290E-03
 0.4474249E-01  0.3502747E-03
 0.5587133E-02  0.5683517E-05
 0.8218993E-02  0.1226625E-04
-0.3764740E-01  0.2697201E-03
 0.2637227E-01  0.1239801E-03
-0.8433563E-02  0.1313632E-04
-0.2701313E-01  0.1373589E-03
 0.2341757E-01  0.9804915E-04
 0.2118029E-01  0.8039171E-04
-0.6081099E-04  0.6771799E-09
 0.4703629E-02  0.4031775E-05
-0.7981021E-04  0.1166448E-08
 0.1100697E-01  0.2193702E-04
 0.1702370E-01  0.5215439E-04
 0.2260502E-03  0.9354545E-08
 0.3958236E-01  0.2755758E-03
 0.6857799E-03  0.8605551E-07
 0.3011607E-01  0.1610657E-03
 0.6263470E-02  0.7137890E-05
 0.5767682E-02  0.6055665E-05
-0.3739773E-01  0.2660863E-03
-0.9350259E-02  0.1616239E-04
-0.1672783E-02  0.5132554E-06
 0.4271335E-01  0.3198805E-03
-0.1719509E-01  0.5509981E-04
-0.4587337E-01  0.4038635E-03
-0.3469376E-01  0.2283651E-03
 0.2124124E-01  0.8085006E-04
-0.1454909E-01  0.3934028E-04
 0.1013268E-01  0.1860704E-04
 0.7404765E-02  0.9964544E-05
-0.3344247E-01  0.2119172E-03
-0.3115248E-01  0.1834572E-03
-0.3747398E-01  0.2671935E-03
-0.2457297E-01  0.1133800E-03
-0.2492748E-01  0.1167174E-03
-0.3996553E-01  0.3046831E-03
-0.1475457E-01  0.4046787E-04
-0.1932001E-01  0.6971082E-04
-0.1095274E-01  0.2221341E-04
-0.1716400E-01  0.5489902E-04
-0.4001986E-01  0.3055290E-03
 0.2228644E-02  0.9074181E-06
-0.4823935E-01  0.4476851E-03
 0.1385734E-01  0.3466901E-04
 0.3981086E-01  0.2787021E-03
 0.4869682E-01  0.4132680E-03
-0.8771479E-02  0.1421501E-04
-0.1844318E-02  0.6240248E-06
 0.1368023E-01  0.3379457E-04
 0.4541728E-01  0.3606733E-03
-0.3017910E-01  0.1720001E-03
 0.6449671E-02  0.7567154E-05
 0.2637544E-01  0.1240095E-03
 0.1767605E-01  0.5619077E-04
-0.1761270E-01  0.5783342E-04
 0.2374004E-01  0.1007351E-03
-0.2874362E-01  0.1557972E-03
 0.2211283E-01  0.8754365E-04
 0.9197368E-02  0.1534508E-04
 0.2662024E-01  0.1262907E-03
-0.1268454E-01  0.2984610E-04
 0.3646464E-01  0.2346139E-03
 0.4615570E-01  0.3722184E-03
 0.2957771E-01  0.1554435E-03
 0.2196939E-01  0.8642414E-04
-0.9509990E-02  0.1672204E-04
-0.1700443E-01  0.5387418E-04
 0.1989072E-01  0.7099332E-04
 0.3448073E-01  0.2102017E-03
-0.2627226E-01  0.1298291E-03
 0.3971416E-01  0.2773770E-03
-0.2706658E-01  0.1379105E-03
-0.1851513E-02  0.6289075E-06
 0.1949305E-01  0.6821063E-04
-0.9427372E-02  0.1643137E-04
 0.9578181E-02  0.1663564E-04
 0.9325697E-02  0.1577422E-04
 0.3340891E-01  0.1975514E-03
-0.2385054E-01  0.1067324E-03
-0.2374241E-01  0.1057551E-03
-0.2802903E-01  0.1480386E-03
 0.4882067E-02  0.4342689E-05
 0.4931326E-02  0.4430541E-05
-0.1357146E-01  0.3419677E-04
-0.7650055E-02  0.1080023E-04
 0.2390790E-01  0.1021472E-03
 0.2562470E-01  0.1171397E-03
 0.4123279E-01  0.2985363E-03
 0.2357985E-01  0.9939640E-04
 0.2499100E-01  0.1114893E-03
-0.2603946E-01  0.1275080E-03
 0.1789293E-01  0.5756543E-04
 0.4619797E-01  0.3728845E-03
-0.2823213E-01  0.1502231E-03
-0.1510070E-01  0.4240381E-04
 0.4458215E-01  0.3478251E-03
-0.3243720E-01  0.1991629E-03
 0.2438812E-01  0.1062401E-03
 0.4755272E-02  0.4120577E-05
 0.2369747E-01  0.1003785E-03
 0.2941965E-01  0.1538113E-03
-0.4597445E-01  0.4056873E-03
-0.2686253E-01  0.1358105E-03
 0.1938946E-01  0.6749468E-04
-0.7081359E-02  0.9248793E-05
 0.3508928E-01  0.2175527E-03
 0.2998443E-01  0.1596819E-03
 0.3691254E-01  0.2403037E-03
 0.1232277E-01  0.2745847E-04
-0.1508214E-01  0.4229887E-04
-0.3070919E-01  0.1781922E-03
 0.3564468E-01  0.2243677E-03
-0.3799926E-01  0.2748848E-03
-0.1501558E-01  0.4192348E-04
 0.2084279E-01  0.7787678E-04
 0.2787035E-01  0.1382551E-03
 0.3075472E-01  0.1678605E-03
-0.4627092E-01  0.4110617E-03
-0.4485756E-01  0.3857724E-03
 0.2228854E-01  0.8892454E-04
-0.4427149E-01  0.3755316E-03
 0.6244364E-02  0.7094548E-05
-0.4861340E-01  0.4548297E-03
 0.4572067E-01  0.3653958E-03
 0.4420891E-01  0.3421547E-03
 0.3179147E-01  0.1791799E-03
-0.3671778E-01  0.2563196E-03
-0.4310352E-01  0.3555514E-03
 0.1559489E-01  0.4383072E-04
-0.1213651E-01  0.2730754E-04
-0.1379792E-01  0.3535572E-04
 0.4881680E-01  0.4152565E-03
 0.4047219E-01  0.2878457E-03
 0.1229093E-01  0.2731765E-04
-0.7667412E-02  0.1084949E-04
-0.3805546E-02  0.2662155E-05
 0.4232017E-01  0.3141436E-03
 0.2495712E-01  0.1111911E-03
-0.2672271E-02  0.1311167E-05
 0.1725006E-01  0.5353823E-04
-0.4384698E-01  0.3682036E-03
 0.3591935E-01  0.2277754E-03
-0.2734996E-01  0.1408543E-03
-0.1788021E-01  0.5961986E-04
 0.2896207E-01  0.1491331E-03
-0.1914499E-01  0.6844128E-04
-0.4973913E-01  0.4766900E-03
-0.3296902E-01  0.2058593E-03
 0.4997524E-01  0.4346892E-03
-0.3543377E-01  0.2383919E-03
 0.4818011E-01  0.4047559E-03
 0.4046844E-01  0.2877934E-03
-0.2358872E-01  0.1043739E-03
-0.2440418E-01  0.1118084E-03
 0.3174317E-01  0.1786446E-03
-0.3506700E-01  0.2333945E-03
-0.3207469E-01  0.1946637E-03
 0.4478293E-01  0.3508937E-03
 0.4875691E-01  0.4142633E-03
-0.2833192E-01  0.1513024E-03
-0.3881779E-03  0.2760238E-07
 0.1354608E-01  0.3313955E-04
-0.4695976E-01  0.4236917E-03
 0.2554952E-01  0.1164622E-03
 0.2745555E-01  0.1342268E-03
-0.2270667E-02  0.9462940E-06
 0.9963824E-02  0.1799513E-04
 0.1671754E-01  0.5031098E-04
 0.4108610E-01  0.2964599E-03
 0.1509216E-01  0.4107135E-04
-0.1559976E-03  0.4456746E-08
 0.7462198E-02  0.1011913E-04
-0.4529436E-01  0.3934985E-03
 0.2017488E-01  0.7301519E-04
 0.4421161E-01  0.3421956E-03
-0.7413980E-02  0.1014150E-04
-0.2081215E-01  0.8101820E-04
 0.2138037E-01  0.8190108E-04
 0.2969873E-01  0.1566989E-03
-0.1452551E-01  0.3921195E-04
 0.2956780E-02  0.1596031E-05
 0.1383179E-01  0.3454219E-04
-0.1179756E-01  0.2579457E-04
-0.4233124E-01  0.3426528E-03
-0.7826109E-02  0.1130509E-04
-0.3326449E-01  0.2096293E-03
-0.4283310E-01  0.3510066E-03
 0.2168099E-01  0.8419472E-04
 0.4696682E-01  0.3850995E-03
-0.4836318E-03  0.4285060E-07
 0.9990085E-03  0.1825614E-06
 0.2413530E-01  0.1040756E-03
 0.3602404E-01  0.2290808E-03
 0.1611235E-01  0.4676310E-04
 0.3043884E-01  0.1644827E-03
-0.2932293E-03  0.1574917E-07
-0.2858174E-01  0.1540219E-03
 0.1113027E-01  0.2242840E-04
-0.3290778E-01  0.2050824E-03
 0.4359702E-01  0.3329550E-03
-0.2956602E-03  0.1601141E-07
-0.4672085E-01  0.4192886E-03
 0.1225799E-01  0.2717233E-04
-0.3759471E-01  0.2689511E-03
 0.2969927E-01  0.1567045E-03
-0.1572159E-01  0.4599172E-04
-0.1863418E-01  0.6480389E-04
 0.2819490E-01  0.1414472E-03
 0.1455926E-01  0.3824283E-04
-0.1142526E-01  0.2418308E-04
-0.1771798E-01  0.5853316E-04
 0.4930892E-01  0.4234602E-03
 0.4217832E-01  0.3120861E-03
-0.3639193E-01  0.2517063E-03
 0.1726836E-01  0.5365091E-04
-0.3248328E-01  0.1997385E-03
-0.3031252E-01  0.1735480E-03
 0.2165728E-01  0.8401269E-04
 0.9782351E-02  0.1734881E-04
-0.2167011E-01  0.8791281E-04
-0.3700876E-01  0.2604760E-03
-0.9753186E-02  0.1759260E-04
 0.1541025E-01  0.4280699E-04
 0.2760838E-01  0.1357043E-03
-0.7523956E-03  0.1037382E-06
-0.3125621E-02  0.1794612E-05
-0.2828353E-01  0.1507785E-03
 0.2124198E-01  0.8085565E-04
-0.3230940E-01  0.1975706E-03
-0.3910169E-01  0.2913956E-03
-0.2725332E-01  0.1398468E-03
-0.5865953E-02  0.6338551E-05
 0.7770379E-02  0.1096876E-04
 0.4485829E-01  0.3520488E-03
 0.5899759E-02  0.6335332E-05
 0.1532981E-01  0.4236475E-04
 0.6598056E-02  0.7918152E-05
 0.4859024E-01  0.4115053E-03
 0.4043285E-01  0.2872978E-03
-0.3969825E-02  0.2897443E-05
-0.3632872E-01  0.2508164E-03
 0.1667379E-01  0.5005020E-04
 0.3966633E-01  0.2767228E-03
-0.2749558E-01  0.1423794E-03
 0.1102634E-02  0.2223757E-06
 0.4646119E-02  0.3934018E-05
 0.1041665E-01  0.1965890E-04
 0.4335375E-01  0.3293307E-03
-0.4193105E-01  0.3360666E-03
-0.4185887E-01  0.3348857E-03
 0.1658230E-02  0.5026527E-06
-0.3162545E-01  0.1891619E-03
 0.4782120E-02  0.4167124E-05
 0.4498446E-01  0.3539867E-03
 0.2998447E-01  0.1596824E-03
 0.4198209E-01  0.3092503E-03
-0.2504484E-01  0.1178331E-03
-0.2487021E-01  0.1161749E-03
-0.3151259E-01  0.1877924E-03
 0.1232097E-01  0.2745050E-04
 0.3515426E-01  0.2183448E-03
-0.2959817E-02  0.1608993E-05
-0.2867763E-01  0.1550723E-03
 0.1856748E-01  0.6194509E-04
 0.5375822E-02  0.5262867E-05
 0.4158111E-01  0.3034943E-03
 0.1149131E-01  0.2389826E-04
-0.3970451E-01  0.3006355E-03
-0.4602150E-01  0.4065378E-03
-0.3669096E-02  0.2474327E-05
 0.3817800E-01  0.2567332E-03
 0.4361864E-02  0.3468373E-05
 0.4064708E-01  0.2902874E-03
-0.3503575E-01  0.2329711E-03
-0.6211775E-02  0.7110458E-05
-0.1139374E-01  0.2404903E-04
-0.1541535E-01  0.4420359E-04
-0.1334084E-01  0.3303663E-04
-0.4012470E-01  0.3071649E-03
-0.1552576E-01  0.4484410E-04
-0.2390793E-01  0.1072530E-03
-0.4250158E-01  0.3454765E-03
-0.2205657E-01  0.9111249E-04
 0.2573258E-01  0.1181152E-03
-0.2127089E-01  0.8466890E-04
-0.4497733E-02  0.3721291E-05
-0.2217758E-01  0.9212639E-04
 0.2152540E-01  0.8300374E-04
 0.1024537E-01  0.1902100E-04
 0.3457686E-01  0.2113548E-03
-0.2719748E-01  0.1392663E-03
 0.1245128E-01  0.2803051E-04
 0.4838288E-01  0.4080862E-03
 0.6931432E-02  0.8735551E-05
 0.3699333E-01  0.2413371E-03
-0.2974941E-02  0.1625504E-05
 0.4160583E-01  0.3038477E-03
 0.3054522E-01  0.1656166E-03
-0.2099084E-01  0.8243048E-04
 0.2848004E-01  0.1442808E-03
-0.1447527E-02  0.3842445E-06
 0.2965666E-01  0.1562620E-03
-0.5662405E-02  0.5905060E-05
-0.3284533E-01  0.2042917E-03
-0.1029934E-01  0.1962902E-04
