-0.4000000E+01  0.1048149E-06
-0.3991992E+01  0.1101992E-06
-0.3983984E+01  0.1158433E-06
-0.3975976E+01  0.1217590E-06
-0.3967968E+01  0.1279584E-06
-0.3959960E+01  0.1344542E-06
-0.3951952E+01  0.1412598E-06
-0.3943944E+01  0.1483888E-06
-0.3935936E+01  0.1558557E-06
-0.3927928E+01  0.1636753E-06
-0.3919920E+01  0.1718634E-06
-0.3911912E+01  0.1804360E-06
-0.3903904E+01  0.1894101E-06
-0.3895896E+01  0.1988032E-06
-0.3887888E+01  0.2086337E-06
-0.3879880E+01  0.2189206E-06
-0.3871872E+01  0.2296837E-06
-0.3863864E+01  0.2409438E-06
-0.3855856E+01  0.2527221E-06
-0.3847848E+01  0.2650413E-06
-0.3839840E+01  0.2779244E-06
-0.3831832E+01  0.2913957E-06
-0.3823824E+01  0.3054804E-06
-0.3815816E+01  0.3202048E-06
-0.3807808E+01  0.3355961E-06
-0.3799800E+01  0.3516826E-06
-0.3791792E+01  0.3684941E-06
-0.3783784E+01  0.3860611E-06
-0.3775776E+01  0.4044156E-06
-0.3767768E+01  0.4235909E-06
-0.3759760E+01  0.4436217E-06
-0.3751752E+01  0.4645439E-06
-0.3743744E+01  0.4863950E-06
-0.3735736E+01  0.5092140E-06
-0.3727728E+01  0.5330414E-06
-0.3719720E+01  0.5579195E-06
-0.3711712E+01  0.5838920E-06
-0.3703704E+01  0.6110048E-06
-0.3695696E+01  0.6393052E-06
-0.3687688E+01  0.6688428E-06
-0.3679680E+01  0.6996690E-06
-0.3671672E+01  0.7318373E-06
-0.3663664E+01  0.7654034E-06
-0.3655656E+01  0.8004253E-06
-0.3647648E+01  0.8369633E-06
-0.3639640E+01  0.8750802E-06
-0.3631632E+01  0.9148413E-06
-0.3623624E+01  0.9563146E-06
-0.3615616E+01  0.9995708E-06
-0.3607608E+01  0.1044684E-05
-0.3599600E+01  0.1091730E-05
-0.3591592E+01  0.1140789E-05
-0.3583584E+01  0.1191945E-05
-0.3575576E+01  0.1245283E-05
-0.3567568E+01  0.1300895E-05
-0.3559560E+01  0.1358873E-05
-0.3551552E+01  0.1419315E-05
-0.3543544E+01  0.1482323E-05
-0.3535536E+01  0.1548004E-05
-0.3527528E+01  0.1616466E-05
-0.3519520E+01  0.1687827E-05
-0.3511512E+01  0.1762204E-05
-0.3503504E+01  0.1839723E-05
-0.3495495E+01  0.1920514E-05
-0.3487487E+01  0.2004712E-05
-0.3479479E+01  0.2092458E-05
-0.3471471E+01  0.2183900E-05
-0.3463463E+01  0.2279190E-05
-0.3455455E+01  0.2378489E-05
-0.3447447E+01  0.2481962E-05
-0.3439439E+01  0.2589784E-05
-0.3431431E+01  0.2702135E-05
-0.3423423E+01  0.2819204E-05
-0.3415415E+01  0.2941187E-05
-0.3407407E+01  0.3068290E-05
-0.3399399E+01  0.3200726E-05
-0.3391391E+01  0.3338719E-05
-0.3383383E+01  0.3482500E-05
-0.3375375E+01  0.3632313E-05
-0.3367367E+01  0.3788410E-05
-0.3359359E+01  0.3951055E-05
-0.3351351E+01  0.4120523E-05
-0.3343343E+01  0.4297101E-05
-0.3335335E+01  0.4481089E-05
-0.3327327E+01  0.4672800E-05
-0.3319319E+01  0.4872559E-05
-0.3311311E+01  0.5080706E-05
-0.3303303E+01  0.5297596E-05
-0.3295295E+01  0.5523599E-05
-0.3287287E+01  0.5759102E-05
-0.3279279E+01  0.6004508E-05
-0.3271271E+01  0.6260238E-05
-0.3263263E+01  0.6526730E-05
-0.3255255E+01  0.6804442E-05
-0.3247247E+01  0.7093853E-05
-0.3239239E+01  0.7395461E-05
-0.3231231E+01  0.7709787E-05
-0.3223223E+01  0.8037373E-05
-0.3215215E+01  0.8378788E-05
-0.3207207E+01  0.8734622E-05
-0.3199199E+01  0.9105492E-05
-0.3191191E+01  0.9492042E-05
-0.3183183E+01  0.9894946E-05
-0.3175175E+01  0.1031490E-04
-0.3167167E+01  0.1075265E-04
-0.3159159E+01  0.1120894E-04
-0.3151151E+01  0.1168457E-04
-0.3143143E+01  0.1218039E-04
-0.3135135E+01  0.1269724E-04
-0.3127127E+01  0.1323605E-04
-0.3119119E+01  0.1379774E-04
-0.3111111E+01  0.1438331E-04
-0.3103103E+01  0.1499378E-04
-0.3095095E+01  0.1563022E-04
-0.3087087E+01  0.1629375E-04
-0.3079079E+01  0.1698553E-04
-0.3071071E+01  0.1770677E-04
-0.3063063E+01  0.1845875E-04
-0.3055055E+01  0.1924278E-04
-0.3047047E+01  0.2006023E-04
-0.3039039E+01  0.2091254E-04
-0.3031031E+01  0.2180120E-04
-0.3023023E+01  0.2272777E-04
-0.3015015E+01  0.2369388E-04
-0.3007007E+01  0.2470121E-04
-0.2998999E+01  0.2575152E-04
-0.2990991E+01  0.2684665E-04
-0.2982983E+01  0.2798852E-04
-0.2974975E+01  0.2917910E-04
-0.2966967E+01  0.3042048E-04
-0.2958959E+01  0.3171482E-04
-0.2950951E+01  0.3306435E-04
-0.2942943E+01  0.3447142E-04
-0.2934935E+01  0.3593847E-04
-0.2926927E+01  0.3746802E-04
-0.2918919E+01  0.3906272E-04
-0.2910911E+01  0.4072531E-04
-0.2902903E+01  0.4245863E-04
-0.2894895E+01  0.4426567E-04
-0.2886887E+01  0.4614951E-04
-0.2878879E+01  0.4811335E-04
-0.2870871E+01  0.5016053E-04
-0.2862863E+01  0.5229453E-04
-0.2854855E+01  0.5451895E-04
-0.2846847E+01  0.5683754E-04
-0.2838839E+01  0.5925418E-04
-0.2830831E+01  0.6177293E-04
-0.2822823E+01  0.6439799E-04
-0.2814815E+01  0.6713372E-04
-0.2806807E+01  0.6998465E-04
-0.2798799E+01  0.7295548E-04
-0.2790791E+01  0.7605111E-04
-0.2782783E+01  0.7927659E-04
-0.2774775E+01  0.8263718E-04
-0.2766767E+01  0.8613835E-04
-0.2758759E+01  0.8978575E-04
-0.2750751E+01  0.9358525E-04
-0.2742743E+01  0.9754295E-04
-0.2734735E+01  0.1016651E-03
-0.2726727E+01  0.1059584E-03
-0.2718719E+01  0.1104295E-03
-0.2710711E+01  0.1150854E-03
-0.2702703E+01  0.1199334E-03
-0.2694695E+01  0.1249812E-03
-0.2686687E+01  0.1302364E-03
-0.2678679E+01  0.1357072E-03
-0.2670671E+01  0.1414019E-03
-0.2662663E+01  0.1473293E-03
-0.2654655E+01  0.1534982E-03
-0.2646647E+01  0.1599180E-03
-0.2638639E+01  0.1665983E-03
-0.2630631E+01  0.1735490E-03
-0.2622623E+01  0.1807804E-03
-0.2614615E+01  0.1883030E-03
-0.2606607E+01  0.1961280E-03
-0.2598599E+01  0.2042666E-03
-0.2590591E+01  0.2127306E-03
-0.2582583E+01  0.2215320E-03
-0.2574575E+01  0.2306834E-03
-0.2566567E+01  0.2401978E-03
-0.2558559E+01  0.2500885E-03
-0.2550551E+01  0.2603692E-03
-0.2542543E+01  0.2710542E-03
-0.2534535E+01  0.2821582E-03
-0.2526527E+01  0.2936963E-03
-0.2518519E+01  0.3056842E-03
-0.2510511E+01  0.3181380E-03
-0.2502503E+01  0.3310743E-03
-0.2494494E+01  0.3445103E-03
-0.2486486E+01  0.3584636E-03
-0.2478478E+01  0.3729524E-03
-0.2470470E+01  0.3879956E-03
-0.2462462E+01  0.4036124E-03
-0.2454454E+01  0.4198228E-03
-0.2446446E+01  0.4366474E-03
-0.2438438E+01  0.4541071E-03
-0.2430430E+01  0.4722238E-03
-0.2422422E+01  0.4910199E-03
-0.2414414E+01  0.5105183E-03
-0.2406406E+01  0.5307429E-03
-0.2398398E+01  0.5517180E-03
-0.2390390E+01  0.5734686E-03
-0.2382382E+01  0.5960206E-03
-0.2374374E+01  0.6194005E-03
-0.2366366E+01  0.6436355E-03
-0.2358358E+01  0.6687536E-03
-0.2350350E+01  0.6947838E-03
-0.2342342E+01  0.7217554E-03
-0.2334334E+01  0.7496989E-03
-0.2326326E+01  0.7786456E-03
-0.2318318E+01  0.8086274E-03
-0.2310310E+01  0.8396772E-03
-0.2302302E+01  0.8718289E-03
-0.2294294E+01  0.9051169E-03
-0.2286286E+01  0.9395770E-03
-0.2278278E+01  0.9752455E-03
-0.2270270E+01  0.1012160E-02
-0.2262262E+01  0.1050359E-02
-0.2254254E+01  0.1089881E-02
-0.2246246E+01  0.1130767E-02
-0.2238238E+01  0.1173058E-02
-0.2230230E+01  0.1216797E-02
-0.2222222E+01  0.1262027E-02
-0.2214214E+01  0.1308792E-02
-0.2206206E+01  0.1357138E-02
-0.2198198E+01  0.1407112E-02
-0.2190190E+01  0.1458760E-02
-0.2182182E+01  0.1512133E-02
-0.2174174E+01  0.1567281E-02
-0.2166166E+01  0.1624253E-02
-0.2158158E+01  0.1683103E-02
-0.2150150E+01  0.1743884E-02
-0.2142142E+01  0.1806651E-02
-0.2134134E+01  0.1871461E-02
-0.2126126E+01  0.1938369E-02
-0.2118118E+01  0.2007435E-02
-0.2110110E+01  0.2078719E-02
-0.2102102E+01  0.2152282E-02
-0.2094094E+01  0.2228186E-02
-0.2086086E+01  0.2306495E-02
-0.2078078E+01  0.2387274E-02
-0.2070070E+01  0.2470590E-02
-0.2062062E+01  0.2556511E-02
-0.2054054E+01  0.2645106E-02
-0.2046046E+01  0.2736446E-02
-0.2038038E+01  0.2830604E-02
-0.2030030E+01  0.2927652E-02
-0.2022022E+01  0.3027666E-02
-0.2014014E+01  0.3130724E-02
-0.2006006E+01  0.3236902E-02
-0.1997998E+01  0.3346282E-02
-0.1989990E+01  0.3458944E-02
-0.1981982E+01  0.3574971E-02
-0.1973974E+01  0.3694448E-02
-0.1965966E+01  0.3817460E-02
-0.1957958E+01  0.3944097E-02
-0.1949950E+01  0.4074446E-02
-0.1941942E+01  0.4208599E-02
-0.1933934E+01  0.4346649E-02
-0.1925926E+01  0.4488690E-02
-0.1917918E+01  0.4634818E-02
-0.1909910E+01  0.4785131E-02
-0.1901902E+01  0.4939728E-02
-0.1893894E+01  0.5098710E-02
-0.1885886E+01  0.5262182E-02
-0.1877878E+01  0.5430246E-02
-0.1869870E+01  0.5603011E-02
-0.1861862E+01  0.5780584E-02
-0.1853854E+01  0.5963075E-02
-0.1845846E+01  0.6150596E-02
-0.1837838E+01  0.6343261E-02
-0.1829830E+01  0.6541186E-02
-0.1821822E+01  0.6744488E-02
-0.1813814E+01  0.6953287E-02
-0.1805806E+01  0.7167703E-02
-0.1797798E+01  0.7387859E-02
-0.1789790E+01  0.7613881E-02
-0.1781782E+01  0.7845896E-02
-0.1773774E+01  0.8084031E-02
-0.1765766E+01  0.8328418E-02
-0.1757758E+01  0.8579189E-02
-0.1749750E+01  0.8836478E-02
-0.1741742E+01  0.9100422E-02
-0.1733734E+01  0.9371160E-02
-0.1725726E+01  0.9648830E-02
-0.1717718E+01  0.9933575E-02
-0.1709710E+01  0.1022554E-01
-0.1701702E+01  0.1052487E-01
-0.1693694E+01  0.1083171E-01
-0.1685686E+01  0.1114622E-01
-0.1677678E+01  0.1146854E-01
-0.1669670E+01  0.1179882E-01
-0.1661662E+01  0.1213723E-01
-0.1653654E+01  0.1248392E-01
-0.1645646E+01  0.1283905E-01
-0.1637638E+01  0.1320279E-01
-0.1629630E+01  0.1357528E-01
-0.1621622E+01  0.1395670E-01
-0.1613614E+01  0.1434722E-01
-0.1605606E+01  0.1474700E-01
-0.1597598E+01  0.1515621E-01
-0.1589590E+01  0.1557503E-01
-0.1581582E+01  0.1600363E-01
-0.1573574E+01  0.1644219E-01
-0.1565566E+01  0.1689087E-01
-0.1557558E+01  0.1734987E-01
-0.1549550E+01  0.1781936E-01
-0.1541542E+01  0.1829952E-01
-0.1533534E+01  0.1879054E-01
-0.1525526E+01  0.1929261E-01
-0.1517518E+01  0.1980590E-01
-0.1509510E+01  0.2033061E-01
-0.1501502E+01  0.2086693E-01
-0.1493493E+01  0.2141506E-01
-0.1485485E+01  0.2197517E-01
-0.1477477E+01  0.2254748E-01
-0.1469469E+01  0.2313216E-01
-0.1461461E+01  0.2372943E-01
-0.1453453E+01  0.2433947E-01
-0.1445445E+01  0.2496250E-01
-0.1437437E+01  0.2559870E-01
-0.1429429E+01  0.2624828E-01
-0.1421421E+01  0.2691144E-01
-0.1413413E+01  0.2758838E-01
-0.1405405E+01  0.2827932E-01
-0.1397397E+01  0.2898445E-01
-0.1389389E+01  0.2970399E-01
-0.1381381E+01  0.3043813E-01
-0.1373373E+01  0.3118708E-01
-0.1365365E+01  0.3195106E-01
-0.1357357E+01  0.3273027E-01
-0.1349349E+01  0.3352492E-01
-0.1341341E+01  0.3433521E-01
-0.1333333E+01  0.3516137E-01
-0.1325325E+01  0.3600359E-01
-0.1317317E+01  0.3686209E-01
-0.1309309E+01  0.3773708E-01
-0.1301301E+01  0.3862876E-01
-0.1293293E+01  0.3953735E-01
-0.1285285E+01  0.4046305E-01
-0.1277277E+01  0.4140607E-01
-0.1269269E+01  0.4236662E-01
-0.1261261E+01  0.4334491E-01
-0.1253253E+01  0.4434114E-01
-0.1245245E+01  0.4535552E-01
-0.1237237E+01  0.4638825E-01
-0.1229229E+01  0.4743954E-01
-0.1221221E+01  0.4850959E-01
-0.1213213E+01  0.4959860E-01
-0.1205205E+01  0.5070678E-01
-0.1197197E+01  0.5183430E-01
-0.1189189E+01  0.5298139E-01
-0.1181181E+01  0.5414822E-01
-0.1173173E+01  0.5533499E-01
-0.1165165E+01  0.5654190E-01
-0.1157157E+01  0.5776912E-01
-0.1149149E+01  0.5901685E-01
-0.1141141E+01  0.6028527E-01
-0.1133133E+01  0.6157456E-01
-0.1125125E+01  0.6288490E-01
-0.1117117E+01  0.6421645E-01
-0.1109109E+01  0.6556941E-01
-0.1101101E+01  0.6694392E-01
-0.1093093E+01  0.6834016E-01
-0.1085085E+01  0.6975829E-01
-0.1077077E+01  0.7119847E-01
-0.1069069E+01  0.7266084E-01
-0.1061061E+01  0.7414557E-01
-0.1053053E+01  0.7565279E-01
-0.1045045E+01  0.7718265E-01
-0.1037037E+01  0.7873529E-01
-0.1029029E+01  0.8031083E-01
-0.1021021E+01  0.8190940E-01
-0.1013013E+01  0.8353113E-01
-0.1005005E+01  0.8517613E-01
-0.9969970E+00  0.8684452E-01
-0.9889890E+00  0.8853640E-01
-0.9809810E+00  0.9025187E-01
-0.9729730E+00  0.9199103E-01
-0.9649650E+00  0.9375397E-01
-0.9569570E+00  0.9554076E-01
-0.9489489E+00  0.9735149E-01
-0.9409409E+00  0.9918622E-01
-0.9329329E+00  0.1010450E+00
-0.9249249E+00  0.1029280E+00
-0.9169169E+00  0.1048351E+00
-0.9089089E+00  0.1067664E+00
-0.9009009E+00  0.1087220E+00
-0.8928929E+00  0.1107018E+00
-0.8848849E+00  0.1127060E+00
-0.8768769E+00  0.1147344E+00
-0.8688689E+00  0.1167872E+00
-0.8608609E+00  0.1188643E+00
-0.8528529E+00  0.1209658E+00
-0.8448448E+00  0.1230915E+00
-0.8368368E+00  0.1252414E+00
-0.8288288E+00  0.1274156E+00
-0.8208208E+00  0.1296140E+00
-0.8128128E+00  0.1318365E+00
-0.8048048E+00  0.1340830E+00
-0.7967968E+00  0.1363535E+00
-0.7887888E+00  0.1386480E+00
-0.7807808E+00  0.1409663E+00
-0.7727728E+00  0.1433082E+00
-0.7647648E+00  0.1456738E+00
-0.7567568E+00  0.1480629E+00
-0.7487487E+00  0.1504754E+00
-0.7407407E+00  0.1529110E+00
-0.7327327E+00  0.1553698E+00
-0.7247247E+00  0.1578515E+00
-0.7167167E+00  0.1603559E+00
-0.7087087E+00  0.1628829E+00
-0.7007007E+00  0.1654323E+00
-0.6926927E+00  0.1680039E+00
-0.6846847E+00  0.1705974E+00
-0.6766767E+00  0.1732127E+00
-0.6686687E+00  0.1758496E+00
-0.6606607E+00  0.1785078E+00
-0.6526527E+00  0.1811870E+00
-0.6446446E+00  0.1838869E+00
-0.6366366E+00  0.1866074E+00
-0.6286286E+00  0.1893482E+00
-0.6206206E+00  0.1921088E+00
-0.6126126E+00  0.1948892E+00
-0.6046046E+00  0.1976888E+00
-0.5965966E+00  0.2005075E+00
-0.5885886E+00  0.2033448E+00
-0.5805806E+00  0.2062004E+00
-0.5725726E+00  0.2090741E+00
-0.5645646E+00  0.2119653E+00
-0.5565566E+00  0.2148738E+00
-0.5485485E+00  0.2177991E+00
-0.5405405E+00  0.2207409E+00
-0.5325325E+00  0.2236987E+00
-0.5245245E+00  0.2266722E+00
-0.5165165E+00  0.2296609E+00
-0.5085085E+00  0.2326644E+00
-0.5005005E+00  0.2356822E+00
-0.4924925E+00  0.2387139E+00
-0.4844845E+00  0.2417590E+00
-0.4764765E+00  0.2448170E+00
-0.4684685E+00  0.2478875E+00
-0.4604605E+00  0.2509700E+00
-0.4524525E+00  0.2540639E+00
-0.4444444E+00  0.2571688E+00
-0.4364364E+00  0.2602841E+00
-0.4284284E+00  0.2634094E+00
-0.4204204E+00  0.2665440E+00
-0.4124124E+00  0.2696875E+00
-0.4044044E+00  0.2728392E+00
-0.3963964E+00  0.2759986E+00
-0.3883884E+00  0.2791653E+00
-0.3803804E+00  0.2823384E+00
-0.3723724E+00  0.2855176E+00
-0.3643644E+00  0.2887022E+00
-0.3563564E+00  0.2918916E+00
-0.3483483E+00  0.2950851E+00
-0.3403403E+00  0.2982823E+00
-0.3323323E+00  0.3014824E+00
-0.3243243E+00  0.3046849E+00
-0.3163163E+00  0.3078891E+00
-0.3083083E+00  0.3110944E+00
-0.3003003E+00  0.3143001E+00
-0.2922923E+00  0.3175056E+00
-0.2842843E+00  0.3207102E+00
-0.2762763E+00  0.3239133E+00
-0.2682683E+00  0.3271142E+00
-0.2602603E+00  0.3303123E+00
-0.2522523E+00  0.3335068E+00
-0.2442442E+00  0.3366972E+00
-0.2362362E+00  0.3398827E+00
-0.2282282E+00  0.3430626E+00
-0.2202202E+00  0.3462363E+00
-0.2122122E+00  0.3494031E+00
-0.2042042E+00  0.3525622E+00
-0.1961962E+00  0.3557130E+00
-0.1881882E+00  0.3588548E+00
-0.1801802E+00  0.3619869E+00
-0.1721722E+00  0.3651086E+00
-0.1641642E+00  0.3682192E+00
-0.1561562E+00  0.3713180E+00
-0.1481481E+00  0.3744043E+00
-0.1401401E+00  0.3774773E+00
-0.1321321E+00  0.3805364E+00
-0.1241241E+00  0.3835809E+00
-0.1161161E+00  0.3866101E+00
-0.1081081E+00  0.3896232E+00
-0.1001001E+00  0.3926195E+00
-0.9209209E-01  0.3955985E+00
-0.8408408E-01  0.3985593E+00
-0.7607608E-01  0.4015012E+00
-0.6806807E-01  0.4044236E+00
-0.6006006E-01  0.4073258E+00
-0.5205205E-01  0.4102070E+00
-0.4404404E-01  0.4130666E+00
-0.3603604E-01  0.4159039E+00
-0.2802803E-01  0.4187181E+00
-0.2002002E-01  0.4215087E+00
-0.1201201E-01  0.4242749E+00
-0.4004004E-02  0.4270161E+00
 0.4004004E-02  0.4297315E+00
 0.1201201E-01  0.4324206E+00
 0.2002002E-01  0.4350826E+00
 0.2802803E-01  0.4377169E+00
 0.3603604E-01  0.4403228E+00
 0.4404404E-01  0.4428997E+00
 0.5205205E-01  0.4454469E+00
 0.6006006E-01  0.4479638E+00
 0.6806807E-01  0.4504498E+00
 0.7607608E-01  0.4529042E+00
 0.8408408E-01  0.4553264E+00
 0.9209209E-01  0.4577159E+00
 0.1001001E+00  0.4600719E+00
 0.1081081E+00  0.4623938E+00
 0.1161161E+00  0.4646812E+00
 0.1241241E+00  0.4669334E+00
 0.1321321E+00  0.4691498E+00
 0.1401401E+00  0.4713298E+00
 0.1481481E+00  0.4734729E+00
 0.1561562E+00  0.4755785E+00
 0.1641642E+00  0.4776461E+00
 0.1721722E+00  0.4796751E+00
 0.1801802E+00  0.4816650E+00
 0.1881882E+00  0.4836152E+00
 0.1961962E+00  0.4855253E+00
 0.2042042E+00  0.4873948E+00
 0.2122122E+00  0.4892231E+00
 0.2202202E+00  0.4910098E+00
 0.2282282E+00  0.4927543E+00
 0.2362362E+00  0.4944562E+00
 0.2442442E+00  0.4961151E+00
 0.2522523E+00  0.4977305E+00
 0.2602603E+00  0.4993020E+00
 0.2682683E+00  0.5008290E+00
 0.2762763E+00  0.5023113E+00
 0.2842843E+00  0.5037484E+00
 0.2922923E+00  0.5051399E+00
 0.3003003E+00  0.5064854E+00
 0.3083083E+00  0.5077846E+00
 0.3163163E+00  0.5090371E+00
 0.3243243E+00  0.5102424E+00
 0.3323323E+00  0.5114004E+00
 0.3403403E+00  0.5125106E+00
 0.3483483E+00  0.5135727E+00
 0.3563564E+00  0.5145865E+00
 0.3643644E+00  0.5155516E+00
 0.3723724E+00  0.5164677E+00
 0.3803804E+00  0.5173347E+00
 0.3883884E+00  0.5181521E+00
 0.3963964E+00  0.5189198E+00
 0.4044044E+00  0.5196376E+00
 0.4124124E+00  0.5203052E+00
 0.4204204E+00  0.5209224E+00
 0.4284284E+00  0.5214890E+00
 0.4364364E+00  0.5220048E+00
 0.4444444E+00  0.5224697E+00
 0.4524525E+00  0.5228835E+00
 0.4604605E+00  0.5232460E+00
 0.4684685E+00  0.5235572E+00
 0.4764765E+00  0.5238169E+00
 0.4844845E+00  0.5240250E+00
 0.4924925E+00  0.5241814E+00
 0.5005005E+00  0.5242861E+00
 0.5085085E+00  0.5243389E+00
 0.5165165E+00  0.5243398E+00
 0.5245245E+00  0.5242889E+00
 0.5325325E+00  0.5241860E+00
 0.5405405E+00  0.5240311E+00
 0.5485485E+00  0.5238243E+00
 0.5565566E+00  0.5235656E+00
 0.5645646E+00  0.5232550E+00
 0.5725726E+00  0.5228926E+00
 0.5805806E+00  0.5224784E+00
 0.5885886E+00  0.5220124E+00
 0.5965966E+00  0.5214949E+00
 0.6046046E+00  0.5209258E+00
 0.6126126E+00  0.5203053E+00
 0.6206206E+00  0.5196336E+00
 0.6286286E+00  0.5189107E+00
 0.6366366E+00  0.5181369E+00
 0.6446446E+00  0.5173123E+00
 0.6526527E+00  0.5164371E+00
 0.6606607E+00  0.5155115E+00
 0.6686687E+00  0.5145357E+00
 0.6766767E+00  0.5135099E+00
 0.6846847E+00  0.5124344E+00
 0.6926927E+00  0.5113095E+00
 0.7007007E+00  0.5101353E+00
 0.7087087E+00  0.5089123E+00
 0.7167167E+00  0.5076407E+00
 0.7247247E+00  0.5063208E+00
 0.7327327E+00  0.5049529E+00
 0.7407407E+00  0.5035374E+00
 0.7487487E+00  0.5020746E+00
 0.7567568E+00  0.5005649E+00
 0.7647648E+00  0.4990087E+00
 0.7727728E+00  0.4974064E+00
 0.7807808E+00  0.4957584E+00
 0.7887888E+00  0.4940650E+00
 0.7967968E+00  0.4923268E+00
 0.8048048E+00  0.4905442E+00
 0.8128128E+00  0.4887176E+00
 0.8208208E+00  0.4868476E+00
 0.8288288E+00  0.4849345E+00
 0.8368368E+00  0.4829789E+00
 0.8448448E+00  0.4809813E+00
 0.8528529E+00  0.4789422E+00
 0.8608609E+00  0.4768622E+00
 0.8688689E+00  0.4747418E+00
 0.8768769E+00  0.4725815E+00
 0.8848849E+00  0.4703820E+00
 0.8928929E+00  0.4681437E+00
 0.9009009E+00  0.4658674E+00
 0.9089089E+00  0.4635535E+00
 0.9169169E+00  0.4612027E+00
 0.9249249E+00  0.4588156E+00
 0.9329329E+00  0.4563929E+00
 0.9409409E+00  0.4539351E+00
 0.9489489E+00  0.4514430E+00
 0.9569570E+00  0.4489172E+00
 0.9649650E+00  0.4463583E+00
 0.9729730E+00  0.4437671E+00
 0.9809810E+00  0.4411442E+00
 0.9889890E+00  0.4384903E+00
 0.9969970E+00  0.4358061E+00
 0.1005005E+01  0.4330923E+00
 0.1013013E+01  0.4303497E+00
 0.1021021E+01  0.4275789E+00
 0.1029029E+01  0.4247807E+00
 0.1037037E+01  0.4219559E+00
 0.1045045E+01  0.4191051E+00
 0.1053053E+01  0.4162291E+00
 0.1061061E+01  0.4133287E+00
 0.1069069E+01  0.4104046E+00
 0.1077077E+01  0.4074576E+00
 0.1085085E+01  0.4044884E+00
 0.1093093E+01  0.4014978E+00
 0.1101101E+01  0.3984867E+00
 0.1109109E+01  0.3954557E+00
 0.1117117E+01  0.3924057E+00
 0.1125125E+01  0.3893374E+00
 0.1133133E+01  0.3862517E+00
 0.1141141E+01  0.3831492E+00
 0.1149149E+01  0.3800309E+00
 0.1157157E+01  0.3768974E+00
 0.1165165E+01  0.3737497E+00
 0.1173173E+01  0.3705884E+00
 0.1181181E+01  0.3674143E+00
 0.1189189E+01  0.3642284E+00
 0.1197197E+01  0.3610312E+00
 0.1205205E+01  0.3578237E+00
 0.1213213E+01  0.3546066E+00
 0.1221221E+01  0.3513808E+00
 0.1229229E+01  0.3481469E+00
 0.1237237E+01  0.3449058E+00
 0.1245245E+01  0.3416582E+00
 0.1253253E+01  0.3384049E+00
 0.1261261E+01  0.3351468E+00
 0.1269269E+01  0.3318845E+00
 0.1277277E+01  0.3286188E+00
 0.1285285E+01  0.3253505E+00
 0.1293293E+01  0.3220804E+00
 0.1301301E+01  0.3188091E+00
 0.1309309E+01  0.3155374E+00
 0.1317317E+01  0.3122661E+00
 0.1325325E+01  0.3089959E+00
 0.1333333E+01  0.3057275E+00
 0.1341341E+01  0.3024616E+00
 0.1349349E+01  0.2991989E+00
 0.1357357E+01  0.2959401E+00
 0.1365365E+01  0.2926859E+00
 0.1373373E+01  0.2894371E+00
 0.1381381E+01  0.2861942E+00
 0.1389389E+01  0.2829579E+00
 0.1397397E+01  0.2797290E+00
 0.1405405E+01  0.2765079E+00
 0.1413413E+01  0.2732954E+00
 0.1421421E+01  0.2700922E+00
 0.1429429E+01  0.2668987E+00
 0.1437437E+01  0.2637156E+00
 0.1445445E+01  0.2605436E+00
 0.1453453E+01  0.2573831E+00
 0.1461461E+01  0.2542348E+00
 0.1469469E+01  0.2510992E+00
 0.1477477E+01  0.2479769E+00
 0.1485485E+01  0.2448684E+00
 0.1493493E+01  0.2417742E+00
 0.1501502E+01  0.2386949E+00
 0.1509510E+01  0.2356309E+00
 0.1517518E+01  0.2325828E+00
 0.1525526E+01  0.2295509E+00
 0.1533534E+01  0.2265359E+00
 0.1541542E+01  0.2235380E+00
 0.1549550E+01  0.2205578E+00
 0.1557558E+01  0.2175957E+00
 0.1565566E+01  0.2146521E+00
 0.1573574E+01  0.2117274E+00
 0.1581582E+01  0.2088220E+00
 0.1589590E+01  0.2059362E+00
 0.1597598E+01  0.2030704E+00
 0.1605606E+01  0.2002250E+00
 0.1613614E+01  0.1974003E+00
 0.1621622E+01  0.1945966E+00
 0.1629630E+01  0.1918142E+00
 0.1637638E+01  0.1890534E+00
 0.1645646E+01  0.1863145E+00
 0.1653654E+01  0.1835978E+00
 0.1661662E+01  0.1809035E+00
 0.1669670E+01  0.1782318E+00
 0.1677678E+01  0.1755830E+00
 0.1685686E+01  0.1729573E+00
 0.1693694E+01  0.1703549E+00
 0.1701702E+01  0.1677760E+00
 0.1709710E+01  0.1652207E+00
 0.1717718E+01  0.1626893E+00
 0.1725726E+01  0.1601819E+00
 0.1733734E+01  0.1576986E+00
 0.1741742E+01  0.1552395E+00
 0.1749750E+01  0.1528048E+00
 0.1757758E+01  0.1503946E+00
 0.1765766E+01  0.1480090E+00
 0.1773774E+01  0.1456480E+00
 0.1781782E+01  0.1433118E+00
 0.1789790E+01  0.1410003E+00
 0.1797798E+01  0.1387136E+00
 0.1805806E+01  0.1364519E+00
 0.1813814E+01  0.1342150E+00
 0.1821822E+01  0.1320031E+00
 0.1829830E+01  0.1298161E+00
 0.1837838E+01  0.1276540E+00
 0.1845846E+01  0.1255169E+00
 0.1853854E+01  0.1234047E+00
 0.1861862E+01  0.1213173E+00
 0.1869870E+01  0.1192548E+00
 0.1877878E+01  0.1172170E+00
 0.1885886E+01  0.1152040E+00
 0.1893894E+01  0.1132157E+00
 0.1901902E+01  0.1112520E+00
 0.1909910E+01  0.1093128E+00
 0.1917918E+01  0.1073981E+00
 0.1925926E+01  0.1055077E+00
 0.1933934E+01  0.1036415E+00
 0.1941942E+01  0.1017996E+00
 0.1949950E+01  0.9998162E-01
 0.1957958E+01  0.9818759E-01
 0.1965966E+01  0.9641736E-01
 0.1973974E+01  0.9467079E-01
 0.1981982E+01  0.9294776E-01
 0.1989990E+01  0.9124812E-01
 0.1997998E+01  0.8957173E-01
 0.2006006E+01  0.8791843E-01
 0.2014014E+01  0.8628808E-01
 0.2022022E+01  0.8468052E-01
 0.2030030E+01  0.8309558E-01
 0.2038038E+01  0.8153310E-01
 0.2046046E+01  0.7999291E-01
 0.2054054E+01  0.7847484E-01
 0.2062062E+01  0.7697871E-01
 0.2070070E+01  0.7550434E-01
 0.2078078E+01  0.7405155E-01
 0.2086086E+01  0.7262017E-01
 0.2094094E+01  0.7120999E-01
 0.2102102E+01  0.6982083E-01
 0.2110110E+01  0.6845251E-01
 0.2118118E+01  0.6710483E-01
 0.2126126E+01  0.6577760E-01
 0.2134134E+01  0.6447062E-01
 0.2142142E+01  0.6318370E-01
 0.2150150E+01  0.6191664E-01
 0.2158158E+01  0.6066924E-01
 0.2166166E+01  0.5944131E-01
 0.2174174E+01  0.5823264E-01
 0.2182182E+01  0.5704303E-01
 0.2190190E+01  0.5587228E-01
 0.2198198E+01  0.5472021E-01
 0.2206206E+01  0.5358659E-01
 0.2214214E+01  0.5247124E-01
 0.2222222E+01  0.5137394E-01
 0.2230230E+01  0.5029452E-01
 0.2238238E+01  0.4923275E-01
 0.2246246E+01  0.4818845E-01
 0.2254254E+01  0.4716142E-01
 0.2262262E+01  0.4615145E-01
 0.2270270E+01  0.4515835E-01
 0.2278278E+01  0.4418193E-01
 0.2286286E+01  0.4322198E-01
 0.2294294E+01  0.4227832E-01
 0.2302302E+01  0.4135075E-01
 0.2310310E+01  0.4043908E-01
 0.2318318E+01  0.3954311E-01
 0.2326326E+01  0.3866266E-01
 0.2334334E+01  0.3779754E-01
 0.2342342E+01  0.3694755E-01
 0.2350350E+01  0.3611252E-01
 0.2358358E+01  0.3529225E-01
 0.2366366E+01  0.3448657E-01
 0.2374374E+01  0.3369529E-01
 0.2382382E+01  0.3291823E-01
 0.2390390E+01  0.3215521E-01
 0.2398398E+01  0.3140605E-01
 0.2406406E+01  0.3067058E-01
 0.2414414E+01  0.2994861E-01
 0.2422422E+01  0.2923998E-01
 0.2430430E+01  0.2854451E-01
 0.2438438E+01  0.2786204E-01
 0.2446446E+01  0.2719239E-01
 0.2454454E+01  0.2653539E-01
 0.2462462E+01  0.2589087E-01
 0.2470470E+01  0.2525868E-01
 0.2478478E+01  0.2463865E-01
 0.2486486E+01  0.2403061E-01
 0.2494494E+01  0.2343440E-01
 0.2502503E+01  0.2284987E-01
 0.2510511E+01  0.2227686E-01
 0.2518519E+01  0.2171520E-01
 0.2526527E+01  0.2116474E-01
 0.2534535E+01  0.2062534E-01
 0.2542543E+01  0.2009683E-01
 0.2550551E+01  0.1957906E-01
 0.2558559E+01  0.1907189E-01
 0.2566567E+01  0.1857516E-01
 0.2574575E+01  0.1808872E-01
 0.2582583E+01  0.1761243E-01
 0.2590591E+01  0.1714615E-01
 0.2598599E+01  0.1668972E-01
 0.2606607E+01  0.1624302E-01
 0.2614615E+01  0.1580588E-01
 0.2622623E+01  0.1537817E-01
 0.2630631E+01  0.1495976E-01
 0.2638639E+01  0.1455050E-01
 0.2646647E+01  0.1415026E-01
 0.2654655E+01  0.1375889E-01
 0.2662663E+01  0.1337626E-01
 0.2670671E+01  0.1300225E-01
 0.2678679E+01  0.1263671E-01
 0.2686687E+01  0.1227951E-01
 0.2694695E+01  0.1193052E-01
 0.2702703E+01  0.1158961E-01
 0.2710711E+01  0.1125664E-01
 0.2718719E+01  0.1093150E-01
 0.2726727E+01  0.1061405E-01
 0.2734735E+01  0.1030417E-01
 0.2742743E+01  0.1000173E-01
 0.2750751E+01  0.9706602E-02
 0.2758759E+01  0.9418665E-02
 0.2766767E+01  0.9137796E-02
 0.2774775E+01  0.8863873E-02
 0.2782783E+01  0.8596775E-02
 0.2790791E+01  0.8336380E-02
 0.2798799E+01  0.8082570E-02
 0.2806807E+01  0.7835227E-02
 0.2814815E+01  0.7594232E-02
 0.2822823E+01  0.7359469E-02
 0.2830831E+01  0.7130823E-02
 0.2838839E+01  0.6908179E-02
 0.2846847E+01  0.6691423E-02
 0.2854855E+01  0.6480442E-02
 0.2862863E+01  0.6275125E-02
 0.2870871E+01  0.6075361E-02
 0.2878879E+01  0.5881040E-02
 0.2886887E+01  0.5692054E-02
 0.2894895E+01  0.5508294E-02
 0.2902903E+01  0.5329654E-02
 0.2910911E+01  0.5156028E-02
 0.2918919E+01  0.4987311E-02
 0.2926927E+01  0.4823401E-02
 0.2934935E+01  0.4664193E-02
 0.2942943E+01  0.4509588E-02
 0.2950951E+01  0.4359483E-02
 0.2958959E+01  0.4213781E-02
 0.2966967E+01  0.4072383E-02
 0.2974975E+01  0.3935192E-02
 0.2982983E+01  0.3802112E-02
 0.2990991E+01  0.3673048E-02
 0.2998999E+01  0.3547907E-02
 0.3007007E+01  0.3426595E-02
 0.3015015E+01  0.3309023E-02
 0.3023023E+01  0.3195100E-02
 0.3031031E+01  0.3084736E-02
 0.3039039E+01  0.2977845E-02
 0.3047047E+01  0.2874339E-02
 0.3055055E+01  0.2774134E-02
 0.3063063E+01  0.2677146E-02
 0.3071071E+01  0.2583292E-02
 0.3079079E+01  0.2492490E-02
 0.3087087E+01  0.2404661E-02
 0.3095095E+01  0.2319725E-02
 0.3103103E+01  0.2237605E-02
 0.3111111E+01  0.2158224E-02
 0.3119119E+01  0.2081507E-02
 0.3127127E+01  0.2007381E-02
 0.3135135E+01  0.1935772E-02
 0.3143143E+01  0.1866610E-02
 0.3151151E+01  0.1799825E-02
 0.3159159E+01  0.1735349E-02
 0.3167167E+01  0.1673113E-02
 0.3175175E+01  0.1613052E-02
 0.3183183E+01  0.1555101E-02
 0.3191191E+01  0.1499196E-02
 0.3199199E+01  0.1445277E-02
 0.3207207E+01  0.1393280E-02
 0.3215215E+01  0.1343149E-02
 0.3223223E+01  0.1294822E-02
 0.3231231E+01  0.1248245E-02
 0.3239239E+01  0.1203361E-02
 0.3247247E+01  0.1160116E-02
 0.3255255E+01  0.1118456E-02
 0.3263263E+01  0.1078329E-02
 0.3271271E+01  0.1039685E-02
 0.3279279E+01  0.1002475E-02
 0.3287287E+01  0.9666492E-03
 0.3295295E+01  0.9321616E-03
 0.3303303E+01  0.8989660E-03
 0.3311311E+01  0.8670178E-03
 0.3319319E+01  0.8362734E-03
 0.3327327E+01  0.8066906E-03
 0.3335335E+01  0.7782280E-03
 0.3343343E+01  0.7508456E-03
 0.3351351E+01  0.7245045E-03
 0.3359359E+01  0.6991668E-03
 0.3367367E+01  0.6747956E-03
 0.3375375E+01  0.6513554E-03
 0.3383383E+01  0.6288115E-03
 0.3391391E+01  0.6071302E-03
 0.3399399E+01  0.5862789E-03
 0.3407407E+01  0.5662262E-03
 0.3415415E+01  0.5469413E-03
 0.3423423E+01  0.5283946E-03
 0.3431431E+01  0.5105575E-03
 0.3439439E+01  0.4934022E-03
 0.3447447E+01  0.4769019E-03
 0.3455455E+01  0.4610306E-03
 0.3463463E+01  0.4457632E-03
 0.3471471E+01  0.4310756E-03
 0.3479479E+01  0.4169443E-03
 0.3487487E+01  0.4033469E-03
 0.3495495E+01  0.3902615E-03
 0.3503504E+01  0.3776672E-03
 0.3511512E+01  0.3655438E-03
 0.3519520E+01  0.3538718E-03
 0.3527528E+01  0.3426325E-03
 0.3535536E+01  0.3318078E-03
 0.3543544E+01  0.3213803E-03
 0.3551552E+01  0.3113335E-03
 0.3559560E+01  0.3016513E-03
 0.3567568E+01  0.2923182E-03
 0.3575576E+01  0.2833195E-03
 0.3583584E+01  0.2746410E-03
 0.3591592E+01  0.2662691E-03
 0.3599600E+01  0.2581907E-03
 0.3607608E+01  0.2503933E-03
 0.3615616E+01  0.2428649E-03
 0.3623624E+01  0.2355941E-03
 0.3631632E+01  0.2285699E-03
 0.3639640E+01  0.2217817E-03
 0.3647648E+01  0.2152195E-03
 0.3655656E+01  0.2088737E-03
 0.3663664E+01  0.2027351E-03
 0.3671672E+01  0.1967949E-03
 0.3679680E+01  0.1910448E-03
 0.3687688E+01  0.1854768E-03
 0.3695696E+01  0.1800833E-03
 0.3703704E+01  0.1748569E-03
 0.3711712E+01  0.1697909E-03
 0.3719720E+01  0.1648785E-03
 0.3727728E+01  0.1601135E-03
 0.3735736E+01  0.1554899E-03
 0.3743744E+01  0.1510021E-03
 0.3751752E+01  0.1466445E-03
 0.3759760E+01  0.1424121E-03
 0.3767768E+01  0.1383000E-03
 0.3775776E+01  0.1343035E-03
 0.3783784E+01  0.1304183E-03
 0.3791792E+01  0.1266400E-03
 0.3799800E+01  0.1229647E-03
 0.3807808E+01  0.1193887E-03
 0.3815816E+01  0.1159084E-03
 0.3823824E+01  0.1125203E-03
 0.3831832E+01  0.1092212E-03
 0.3839840E+01  0.1060080E-03
 0.3847848E+01  0.1028779E-03
 0.3855856E+01  0.9982816E-04
 0.3863864E+01  0.9685606E-04
 0.3871872E+01  0.9395916E-04
 0.3879880E+01  0.9113512E-04
 0.3887888E+01  0.8838171E-04
 0.3895896E+01  0.8569682E-04
 0.3903904E+01  0.8307845E-04
 0.3911912E+01  0.8052468E-04
 0.3919920E+01  0.7803373E-04
 0.3927928E+01  0.7560388E-04
 0.3935936E+01  0.7323350E-04
 0.3943944E+01  0.7092105E-04
 0.3951952E+01  0.6866506E-04
 0.3959960E+01  0.6646413E-04
 0.3967968E+01  0.6431694E-04
 0.3975976E+01  0.6222221E-04
 0.3983984E+01  0.6017875E-04
 0.3991992E+01  0.5818539E-04
 0.4000000E+01  0.5624105E-04
