 0.5000000E-02 -0.7832301E+00  0.4147057E+00 -0.2174611E+00  0.4064693E+00 -0.1382932E+01  0.1916805E+00 -0.1271539E+01 -0.3475744E+00  0.1250095E+00  0.5531052E+00  0.1559588E+00  0.4258173E+00 -0.1004949E+00  0.3866442E+00 -0.7764811E-01  0.7030210E+00 -0.2670226E+00  0.7625689E+00  0.2464404E+00 -0.8309499E+00
 0.1000000E-01 -0.7782586E+00  0.4197216E+00 -0.2124686E+00  0.4114848E+00 -0.1377983E+01  0.1966881E+00 -0.1266586E+01 -0.3425867E+00  0.1300147E+00  0.5581262E+00  0.1609651E+00  0.4308336E+00 -0.9549807E-01  0.3916590E+00 -0.7265045E-01  0.7080475E+00 -0.2620319E+00  0.7675977E+00  0.2514500E+00 -0.8259801E+00
 0.1500000E-01 -0.7733060E+00  0.4247480E+00 -0.2074812E+00  0.4165108E+00 -0.1373067E+01  0.2017008E+00 -0.1261663E+01 -0.3376073E+00  0.1350233E+00  0.5631612E+00  0.1659756E+00  0.4358608E+00 -0.9050338E-01  0.3966837E+00 -0.6765435E-01  0.7130918E+00 -0.2570475E+00  0.7726455E+00  0.2564661E+00 -0.8210304E+00
 0.2000000E-01 -0.7683723E+00  0.4297850E+00 -0.2024987E+00  0.4215471E+00 -0.1368185E+01  0.2067186E+00 -0.1256772E+01 -0.3326360E+00  0.1400353E+00  0.5682101E+00  0.1709903E+00  0.4408987E+00 -0.8551081E-01  0.4017183E+00 -0.6265981E-01  0.7181537E+00 -0.2520693E+00  0.7777126E+00  0.2614886E+00 -0.8161009E+00
 0.2500000E-01 -0.7634576E+00  0.4348326E+00 -0.1975212E+00  0.4265938E+00 -0.1363337E+01  0.2117415E+00 -0.1251911E+01 -0.3276730E+00  0.1450508E+00  0.5732731E+00  0.1760092E+00  0.4459476E+00 -0.8052036E-01  0.4067628E+00 -0.5766683E-01  0.7232333E+00 -0.2470973E+00  0.7827988E+00  0.2665175E+00 -0.8111915E+00
 0.3000000E-01 -0.7585618E+00  0.4398908E+00 -0.1925487E+00  0.4316508E+00 -0.1358523E+01  0.2167694E+00 -0.1247082E+01 -0.3227182E+00  0.1500697E+00  0.5783500E+00  0.1810323E+00  0.4510073E+00 -0.7553204E-01  0.4118172E+00 -0.5267540E-01  0.7283305E+00 -0.2421316E+00  0.7879041E+00  0.2715529E+00 -0.8063022E+00
 0.3500000E-01 -0.7536850E+00  0.4449596E+00 -0.1875813E+00  0.4367182E+00 -0.1353742E+01  0.2218024E+00 -0.1242283E+01 -0.3177715E+00  0.1550920E+00  0.5834409E+00  0.1860596E+00  0.4560778E+00 -0.7054583E-01  0.4168814E+00 -0.4768554E-01  0.7334454E+00 -0.2371720E+00  0.7930286E+00  0.2765947E+00 -0.8014330E+00
 0.4000000E-01 -0.7488271E+00  0.4500388E+00 -0.1826188E+00  0.4417960E+00 -0.1348995E+01  0.2268405E+00 -0.1237515E+01 -0.3128331E+00  0.1601178E+00  0.5885458E+00  0.1910911E+00  0.4611591E+00 -0.6556174E-01  0.4219556E+00 -0.4269723E-01  0.7385780E+00 -0.2322187E+00  0.7981721E+00  0.2816429E+00 -0.7965839E+00
 0.4500000E-01 -0.7439881E+00  0.4551287E+00 -0.1776613E+00  0.4468841E+00 -0.1344281E+01  0.2318836E+00 -0.1232779E+01 -0.3079029E+00  0.1651469E+00  0.5936646E+00  0.1961268E+00  0.4662513E+00 -0.6057978E-01  0.4270395E+00 -0.3771048E-01  0.7437282E+00 -0.2272716E+00  0.8033348E+00  0.2866975E+00 -0.7917549E+00
 0.5000000E-01 -0.7391680E+00  0.4602291E+00 -0.1727088E+00  0.4519826E+00 -0.1339602E+01  0.2369319E+00 -0.1228073E+01 -0.3029808E+00  0.1701796E+00  0.5987974E+00  0.2011666E+00  0.4713543E+00 -0.5559993E-01  0.4321334E+00 -0.3272528E-01  0.7488961E+00 -0.2223308E+00  0.8085166E+00  0.2917585E+00 -0.7869459E+00
 0.5500000E-01 -0.7343668E+00  0.4653400E+00 -0.1677614E+00  0.4570914E+00 -0.1334955E+01  0.2419851E+00 -0.1223398E+01 -0.2980670E+00  0.1752156E+00  0.6039441E+00  0.2062107E+00  0.4764681E+00 -0.5062219E-01  0.4372371E+00 -0.2774164E-01  0.7540816E+00 -0.2173961E+00  0.8137175E+00  0.2968259E+00 -0.7821571E+00
 0.6000000E-01 -0.7295844E+00  0.4704615E+00 -0.1628188E+00  0.4622106E+00 -0.1330343E+01  0.2470435E+00 -0.1218754E+01 -0.2931613E+00  0.1802551E+00  0.6091048E+00  0.2112589E+00  0.4815927E+00 -0.4564657E-01  0.4423506E+00 -0.2275955E-01  0.7592847E+00 -0.2124676E+00  0.8189375E+00  0.3018998E+00 -0.7773882E+00
 0.6500000E-01 -0.7248210E+00  0.4755935E+00 -0.1578813E+00  0.4673400E+00 -0.1325764E+01  0.2521069E+00 -0.1214140E+01 -0.2882638E+00  0.1852979E+00  0.6142794E+00  0.2163113E+00  0.4867282E+00 -0.4067306E-01  0.4474739E+00 -0.1777901E-01  0.7645054E+00 -0.2075453E+00  0.8241765E+00  0.3069800E+00 -0.7726394E+00
 0.7000000E-01 -0.7200763E+00  0.4807360E+00 -0.1529488E+00  0.4724798E+00 -0.1321218E+01  0.2571753E+00 -0.1209558E+01 -0.2833745E+00  0.1903442E+00  0.6194678E+00  0.2213679E+00  0.4918744E+00 -0.3570166E-01  0.4526071E+00 -0.1280002E-01  0.7697436E+00 -0.2026292E+00  0.8294345E+00  0.3120667E+00 -0.7679107E+00
 0.7500000E-01 -0.7153505E+00  0.4858890E+00 -0.1480212E+00  0.4776299E+00 -0.1316706E+01  0.2622488E+00 -0.1205006E+01 -0.2784933E+00  0.1953939E+00  0.6246702E+00  0.2264286E+00  0.4970313E+00 -0.3073237E-01  0.4577502E+00 -0.7822586E-02  0.7749995E+00 -0.1977193E+00  0.8347116E+00  0.3171597E+00 -0.7632018E+00
 0.8000000E-01 -0.7106435E+00  0.4910526E+00 -0.1430986E+00  0.4827903E+00 -0.1312228E+01  0.2673273E+00 -0.1200485E+01 -0.2736203E+00  0.2004471E+00  0.6298865E+00  0.2314935E+00  0.5021991E+00 -0.2576518E-01  0.4629030E+00 -0.2846694E-02  0.7802729E+00 -0.1928156E+00  0.8400077E+00  0.3222591E+00 -0.7585130E+00
 0.8500000E-01 -0.7059552E+00  0.4962266E+00 -0.1381809E+00  0.4879609E+00 -0.1307783E+01  0.2724109E+00 -0.1195995E+01 -0.2687554E+00  0.2055036E+00  0.6351166E+00  0.2365626E+00  0.5073776E+00 -0.2080010E-01  0.4680656E+00  0.2127653E-02  0.7855638E+00 -0.1879180E+00  0.8453227E+00  0.3273648E+00 -0.7538441E+00
 0.9000000E-01 -0.7012858E+00  0.5014110E+00 -0.1332682E+00  0.4931418E+00 -0.1303371E+01  0.2774994E+00 -0.1191536E+01 -0.2638986E+00  0.2105635E+00  0.6403605E+00  0.2416358E+00  0.5125668E+00 -0.1583712E-01  0.4732380E+00  0.7100455E-02  0.7908722E+00 -0.1830266E+00  0.8506567E+00  0.3324769E+00 -0.7491952E+00
 0.9500000E-01 -0.6966350E+00  0.5066059E+00 -0.1283605E+00  0.4983330E+00 -0.1298993E+01  0.2825931E+00 -0.1187107E+01 -0.2590500E+00  0.2156268E+00  0.6456183E+00  0.2467132E+00  0.5177668E+00 -0.1087624E-01  0.4784201E+00  0.1207172E-01  0.7961980E+00 -0.1781414E+00  0.8560097E+00  0.3375954E+00 -0.7445661E+00
 0.1000000E+00 -0.6920030E+00  0.5118113E+00 -0.1234577E+00  0.5035344E+00 -0.1294648E+01  0.2876917E+00 -0.1182708E+01 -0.2542094E+00  0.2206935E+00  0.6508899E+00  0.2517947E+00  0.5229775E+00 -0.5917449E-02  0.4836121E+00  0.1704144E-01  0.8015414E+00 -0.1732623E+00  0.8613815E+00  0.3427202E+00 -0.7399569E+00
 0.1050000E+00 -0.6873896E+00  0.5170271E+00 -0.1185598E+00  0.5087461E+00 -0.1290336E+01  0.2927953E+00 -0.1178340E+01 -0.2493770E+00  0.2257636E+00  0.6561753E+00  0.2568804E+00  0.5281988E+00 -0.9607532E-03  0.4888137E+00  0.2200962E-01  0.8069022E+00 -0.1683894E+00  0.8667722E+00  0.3478514E+00 -0.7353675E+00
 0.1100000E+00 -0.6827949E+00  0.5222533E+00 -0.1136668E+00  0.5139679E+00 -0.1286057E+01  0.2979039E+00 -0.1174003E+01 -0.2445526E+00  0.2308371E+00  0.6614744E+00  0.2619702E+00  0.5334309E+00  0.3993853E-02  0.4940251E+00  0.2697627E-01  0.8122803E+00 -0.1635225E+00  0.8721818E+00  0.3529889E+00 -0.7307980E+00
 0.1150000E+00 -0.6782188E+00  0.5274898E+00 -0.1087788E+00  0.5192000E+00 -0.1281812E+01  0.3030175E+00 -0.1169696E+01 -0.2397363E+00  0.2359140E+00  0.6667873E+00  0.2670641E+00  0.5386736E+00  0.8946374E-02  0.4992463E+00  0.3194139E-01  0.8176759E+00 -0.1586618E+00  0.8776102E+00  0.3581327E+00 -0.7262482E+00
 0.1200000E+00 -0.6736613E+00  0.5327368E+00 -0.1038957E+00  0.5244422E+00 -0.1277600E+01  0.3081361E+00 -0.1165420E+01 -0.2349281E+00  0.2409942E+00  0.6721139E+00  0.2721621E+00  0.5439269E+00  0.1389681E-01  0.5044771E+00  0.3690498E-01  0.8230888E+00 -0.1538072E+00  0.8830573E+00  0.3632828E+00 -0.7217182E+00
 0.1250000E+00 -0.6691224E+00  0.5379941E+00 -0.9901747E-01  0.5296946E+00 -0.1273420E+01  0.3132597E+00 -0.1161174E+01 -0.2301279E+00  0.2460778E+00  0.6774543E+00  0.2772643E+00  0.5491909E+00  0.1884517E-01  0.5097176E+00  0.4186704E-01  0.8285190E+00 -0.1489587E+00  0.8885233E+00  0.3684392E+00 -0.7172079E+00
 0.1300000E+00 -0.6646020E+00  0.5432618E+00 -0.9414415E-01  0.5349571E+00 -0.1269274E+01  0.3183883E+00 -0.1156958E+01 -0.2253358E+00  0.2511647E+00  0.6828082E+00  0.2823705E+00  0.5544655E+00  0.2379146E-01  0.5149677E+00  0.4682758E-01  0.8339665E+00 -0.1441163E+00  0.8940079E+00  0.3736019E+00 -0.7127172E+00
 0.1350000E+00 -0.6601001E+00  0.5485398E+00 -0.8927571E-01  0.5402297E+00 -0.1265161E+01  0.3235217E+00 -0.1152772E+01 -0.2205516E+00  0.2562550E+00  0.6881759E+00  0.2874809E+00  0.5597507E+00  0.2873567E-01  0.5202275E+00  0.5178659E-01  0.8394313E+00 -0.1392800E+00  0.8995113E+00  0.3787709E+00 -0.7082462E+00
 0.1400000E+00 -0.6556166E+00  0.5538280E+00 -0.8441215E-01  0.5455125E+00 -0.1261080E+01  0.3286602E+00 -0.1148617E+01 -0.2157755E+00  0.2613487E+00  0.6935572E+00  0.2925953E+00  0.5650464E+00  0.3367781E-01  0.5254969E+00  0.5674408E-01  0.8449133E+00 -0.1344497E+00  0.9050333E+00  0.3839461E+00 -0.7037948E+00
 0.1450000E+00 -0.6511516E+00  0.5591266E+00 -0.7955346E-01  0.5508053E+00 -0.1257032E+01  0.3338036E+00 -0.1144492E+01 -0.2110073E+00  0.2664457E+00  0.6989520E+00  0.2977139E+00  0.5703527E+00  0.3861790E-01  0.5307760E+00  0.6170006E-01  0.8504124E+00 -0.1296255E+00  0.9105739E+00  0.3891276E+00 -0.6993630E+00
 0.1500000E+00 -0.6467049E+00  0.5644354E+00 -0.7469962E-01  0.5561082E+00 -0.1253017E+01  0.3389519E+00 -0.1140397E+01 -0.2062471E+00  0.2715460E+00  0.7043604E+00  0.3028365E+00  0.5756696E+00  0.4355592E-01  0.5360646E+00  0.6665453E-01  0.8559288E+00 -0.1248074E+00  0.9161330E+00  0.3943153E+00 -0.6949507E+00
 0.1550000E+00 -0.6422766E+00  0.5697545E+00 -0.6985062E-01  0.5614211E+00 -0.1249035E+01  0.3441051E+00 -0.1136331E+01 -0.2014949E+00  0.2766497E+00  0.7097824E+00  0.3079631E+00  0.5809969E+00  0.4849189E-01  0.5413628E+00  0.7160749E-01  0.8614622E+00 -0.1199952E+00  0.9217108E+00  0.3995093E+00 -0.6905579E+00
 0.1600000E+00 -0.6378666E+00  0.5750838E+00 -0.6500646E-01  0.5667441E+00 -0.1245085E+01  0.3492632E+00 -0.1132296E+01 -0.1967505E+00  0.2817566E+00  0.7152179E+00  0.3130938E+00  0.5863347E+00  0.5342581E-01  0.5466705E+00  0.7655894E-01  0.8670127E+00 -0.1151891E+00  0.9273070E+00  0.4047094E+00 -0.6861845E+00
 0.1650000E+00 -0.6334749E+00  0.5804232E+00 -0.6016712E-01  0.5720770E+00 -0.1241168E+01  0.3544263E+00 -0.1128291E+01 -0.1920141E+00  0.2868669E+00  0.7206669E+00  0.3182286E+00  0.5916829E+00  0.5835768E-01  0.5519878E+00  0.8150889E-01  0.8725803E+00 -0.1103890E+00  0.9329217E+00  0.4099158E+00 -0.6818305E+00
 0.1700000E+00 -0.6291014E+00  0.5857729E+00 -0.5533260E-01  0.5774200E+00 -0.1237283E+01  0.3595942E+00 -0.1124315E+01 -0.1872856E+00  0.2919805E+00  0.7261293E+00  0.3233674E+00  0.5970416E+00  0.6328751E-01  0.5573146E+00  0.8645734E-01  0.8781649E+00 -0.1055948E+00  0.9385547E+00  0.4151283E+00 -0.6774959E+00
 0.1750000E+00 -0.6247460E+00  0.5911326E+00 -0.5050287E-01  0.5827728E+00 -0.1233431E+01  0.3647669E+00 -0.1120369E+01 -0.1825650E+00  0.2970974E+00  0.7316051E+00  0.3285102E+00  0.6024107E+00  0.6821531E-01  0.5626508E+00  0.9140429E-01  0.8837664E+00 -0.1008067E+00  0.9442062E+00  0.4203470E+00 -0.6731806E+00
 0.1800000E+00 -0.6204088E+00  0.5965025E+00 -0.4567794E-01  0.5881356E+00 -0.1229610E+01  0.3699446E+00 -0.1116453E+01 -0.1778522E+00  0.3022175E+00  0.7370943E+00  0.3336571E+00  0.6077902E+00  0.7314108E-01  0.5679965E+00  0.9634975E-01  0.8893848E+00 -0.9602445E-01  0.9498760E+00  0.4255718E+00 -0.6688845E+00
 0.1850000E+00 -0.6160897E+00  0.6018825E+00 -0.4085778E-01  0.5935083E+00 -0.1225822E+01  0.3751271E+00 -0.1112566E+01 -0.1731473E+00  0.3073410E+00  0.7425968E+00  0.3388079E+00  0.6131800E+00  0.7806482E-01  0.5733517E+00  0.1012937E+00  0.8950201E+00 -0.9124818E-01  0.9555640E+00  0.4308028E+00 -0.6646076E+00
 0.1900000E+00 -0.6117886E+00  0.6072726E+00 -0.3604238E-01  0.5988909E+00 -0.1222066E+01  0.3803144E+00 -0.1108709E+01 -0.1684502E+00  0.3124677E+00  0.7481127E+00  0.3439628E+00  0.6185802E+00  0.8298654E-01  0.5787162E+00  0.1062362E+00  0.9006723E+00 -0.8647784E-01  0.9612703E+00  0.4360399E+00 -0.6603499E+00
 0.1950000E+00 -0.6075055E+00  0.6126727E+00 -0.3123174E-01  0.6042833E+00 -0.1218342E+01  0.3855065E+00 -0.1104881E+01 -0.1637609E+00  0.3175977E+00  0.7536418E+00  0.3491216E+00  0.6239906E+00  0.8790625E-01  0.5840901E+00  0.1111772E+00  0.9063412E+00 -0.8171341E-01  0.9669947E+00  0.4412831E+00 -0.6561113E+00
 0.2000000E+00 -0.6032403E+00  0.6180828E+00 -0.2642583E-01  0.6096855E+00 -0.1214650E+01  0.3907035E+00 -0.1101083E+01 -0.1590793E+00  0.3227309E+00  0.7591842E+00  0.3542844E+00  0.6294114E+00  0.9282394E-01  0.5894734E+00  0.1161168E+00  0.9120269E+00 -0.7695487E-01  0.9727373E+00  0.4465324E+00 -0.6518917E+00
 0.2050000E+00 -0.5989931E+00  0.6235029E+00 -0.2162465E-01  0.6150976E+00 -0.1210990E+01  0.3959052E+00 -0.1097314E+01 -0.1544055E+00  0.3278673E+00  0.7647398E+00  0.3594512E+00  0.6348423E+00  0.9773964E-01  0.5948660E+00  0.1210548E+00  0.9177292E+00 -0.7220221E-01  0.9784980E+00  0.4517878E+00 -0.6476912E+00
 0.2100000E+00 -0.5947636E+00  0.6289329E+00 -0.1682819E-01  0.6205194E+00 -0.1207362E+01  0.4011117E+00 -0.1093573E+01 -0.1497395E+00  0.3330070E+00  0.7703086E+00  0.3646219E+00  0.6402835E+00  0.1026533E+00  0.6002680E+00  0.1259914E+00  0.9234482E+00 -0.6745542E-01  0.9842767E+00  0.4570492E+00 -0.6435096E+00
 0.2150000E+00 -0.5905520E+00  0.6343729E+00 -0.1203641E-01  0.6259509E+00 -0.1203765E+01  0.4063230E+00 -0.1089863E+01 -0.1450811E+00  0.3381500E+00  0.7758905E+00  0.3697966E+00  0.6457349E+00  0.1075650E+00  0.6056792E+00  0.1309265E+00  0.9291838E+00 -0.6271446E-01  0.9900733E+00  0.4623166E+00 -0.6393468E+00
 0.2200000E+00 -0.5863581E+00  0.6398228E+00 -0.7249327E-02  0.6313921E+00 -0.1200200E+01  0.4115391E+00 -0.1086181E+01 -0.1404304E+00  0.3432961E+00  0.7814854E+00  0.3749751E+00  0.6511964E+00  0.1124748E+00  0.6110996E+00  0.1358602E+00  0.9349360E+00 -0.5797934E-01  0.9958879E+00  0.4675901E+00 -0.6352029E+00
 0.2250000E+00 -0.5821818E+00  0.6452825E+00 -0.2466909E-02  0.6368430E+00 -0.1196666E+01  0.4167598E+00 -0.1082527E+01 -0.1357874E+00  0.3484455E+00  0.7870934E+00  0.3801577E+00  0.6566680E+00  0.1173825E+00  0.6165293E+00  0.1407924E+00  0.9407046E+00 -0.5325002E-01  0.1001720E+01  0.4728695E+00 -0.6310778E+00
 0.2300000E+00 -0.5780232E+00  0.6507521E+00  0.2310855E-02  0.6423036E+00 -0.1193164E+01  0.4219853E+00 -0.1078903E+01 -0.1311520E+00  0.3535980E+00  0.7927145E+00  0.3853441E+00  0.6621498E+00  0.1222883E+00  0.6219681E+00  0.1457232E+00  0.9464897E+00 -0.4852649E-01  0.1007571E+01  0.4781549E+00 -0.6269714E+00
 0.2350000E+00 -0.5738821E+00  0.6562314E+00  0.7083980E-02  0.6477737E+00 -0.1189693E+01  0.4272156E+00 -0.1075308E+01 -0.1265243E+00  0.3587537E+00  0.7983484E+00  0.3905344E+00  0.6676415E+00  0.1271921E+00  0.6274162E+00  0.1506525E+00  0.9522912E+00 -0.4380874E-01  0.1013439E+01  0.4834463E+00 -0.6228837E+00
 0.2400000E+00 -0.5697586E+00  0.6617206E+00  0.1185248E-01  0.6532535E+00 -0.1186253E+01  0.4324505E+00 -0.1071741E+01 -0.1219041E+00  0.3639126E+00  0.8039954E+00  0.3957285E+00  0.6731433E+00  0.1320939E+00  0.6328733E+00  0.1555804E+00  0.9581090E+00 -0.3909673E-01  0.1019324E+01  0.4887436E+00 -0.6188145E+00
 0.2450000E+00 -0.5656525E+00  0.6672194E+00  0.1661637E-01  0.6587428E+00 -0.1182844E+01  0.4376900E+00 -0.1068202E+01 -0.1172915E+00  0.3690747E+00  0.8096551E+00  0.4009266E+00  0.6786551E+00  0.1369938E+00  0.6383396E+00  0.1605068E+00  0.9639431E+00 -0.3439047E-01  0.1025228E+01  0.4940469E+00 -0.6147639E+00
 0.2500000E+00 -0.5615638E+00  0.6727280E+00  0.2137567E-01  0.6642416E+00 -0.1179466E+01  0.4429343E+00 -0.1064693E+01 -0.1126864E+00  0.3742399E+00  0.8153278E+00  0.4061285E+00  0.6841769E+00  0.1418917E+00  0.6438149E+00  0.1654319E+00  0.9697934E+00 -0.2968991E-01  0.1031148E+01  0.4993560E+00 -0.6107318E+00
 0.2550000E+00 -0.5574924E+00  0.6782463E+00  0.2613039E-01  0.6697499E+00 -0.1176119E+01  0.4481832E+00 -0.1061211E+01 -0.1080888E+00  0.3794083E+00  0.8210132E+00  0.4113342E+00  0.6897086E+00  0.1467877E+00  0.6492993E+00  0.1703554E+00  0.9756599E+00 -0.2499505E-01  0.1037087E+01  0.5046711E+00 -0.6067180E+00
 0.2600000E+00 -0.5534383E+00  0.6837742E+00  0.3088054E-01  0.6752677E+00 -0.1172803E+01  0.4534367E+00 -0.1057758E+01 -0.1034988E+00  0.3845798E+00  0.8267114E+00  0.4165438E+00  0.6952501E+00  0.1516818E+00  0.6547926E+00  0.1752776E+00  0.9815425E+00 -0.2030587E-01  0.1043043E+01  0.5099919E+00 -0.6027226E+00
 0.2650000E+00 -0.5494014E+00  0.6893117E+00  0.3562616E-01  0.6807949E+00 -0.1169517E+01  0.4586948E+00 -0.1054332E+01 -0.9891613E-01  0.3897544E+00  0.8324222E+00  0.4217572E+00  0.7008016E+00  0.1565739E+00  0.6602950E+00  0.1801984E+00  0.9874411E+00 -0.1562234E-01  0.1049016E+01  0.5153187E+00 -0.5987455E+00
 0.2700000E+00 -0.5453816E+00  0.6948587E+00  0.4036724E-01  0.6863314E+00 -0.1166262E+01  0.4639575E+00 -0.1050935E+01 -0.9434094E-01  0.3949321E+00  0.8381457E+00  0.4269744E+00  0.7063628E+00  0.1614641E+00  0.6658063E+00  0.1851177E+00  0.9933558E+00 -0.1094445E-01  0.1055007E+01  0.5206512E+00 -0.5947866E+00
 0.2750000E+00 -0.5413790E+00  0.7004154E+00  0.4510381E-01  0.6918774E+00 -0.1163037E+01  0.4692248E+00 -0.1047566E+01 -0.8977314E-01  0.4001129E+00  0.8438819E+00  0.4321953E+00  0.7119338E+00  0.1663524E+00  0.6713265E+00  0.1900356E+00  0.9992864E+00 -0.6272164E-02  0.1061014E+01  0.5259895E+00 -0.5908458E+00
 0.2800000E+00 -0.5373933E+00  0.7059815E+00  0.4983589E-01  0.6974326E+00 -0.1159843E+01  0.4744967E+00 -0.1044224E+01 -0.8521273E-01  0.4052968E+00  0.8496306E+00  0.4374201E+00  0.7175146E+00  0.1712388E+00  0.6768555E+00  0.1949522E+00  0.1005233E+01 -0.1605475E-02  0.1067039E+01  0.5313336E+00 -0.5869231E+00
 0.2850000E+00 -0.5334246E+00  0.7115570E+00  0.5456349E-01  0.7029971E+00 -0.1156678E+01  0.4797731E+00 -0.1040911E+01 -0.8065966E-01  0.4104838E+00  0.8553918E+00  0.4426485E+00  0.7231050E+00  0.1761233E+00  0.6823935E+00  0.1998673E+00  0.1011195E+01  0.3055644E-02  0.1073082E+01  0.5366835E+00 -0.5830184E+00
 0.2900000E+00 -0.5294728E+00  0.7171420E+00  0.5928663E-01  0.7085709E+00 -0.1153544E+01  0.4850540E+00 -0.1037625E+01 -0.7611391E-01  0.4156738E+00  0.8611654E+00  0.4478808E+00  0.7287052E+00  0.1810059E+00  0.6879402E+00  0.2047811E+00  0.1017173E+01  0.7711213E-02  0.1079141E+01  0.5420391E+00 -0.5791317E+00
 0.2950000E+00 -0.5255378E+00  0.7227364E+00  0.6400532E-01  0.7141538E+00 -0.1150440E+01  0.4903395E+00 -0.1034366E+01 -0.7157545E-01  0.4208669E+00  0.8669515E+00  0.4531167E+00  0.7343149E+00  0.1858866E+00  0.6934957E+00  0.2096934E+00  0.1023167E+01  0.1236125E-01  0.1085217E+01  0.5474004E+00 -0.5752628E+00
 0.3000000E+00 -0.5216196E+00  0.7283401E+00  0.6871959E-01  0.7197460E+00 -0.1147365E+01  0.4956294E+00 -0.1031135E+01 -0.6704425E-01  0.4260630E+00  0.8727500E+00  0.4583564E+00  0.7399343E+00  0.1907654E+00  0.6990599E+00  0.2146044E+00  0.1029176E+01  0.1700579E-01  0.1091310E+01  0.5527674E+00 -0.5714117E+00
 0.3050000E+00 -0.5177180E+00  0.7339531E+00  0.7342945E-01  0.7253472E+00 -0.1144321E+01  0.5009238E+00 -0.1027931E+01 -0.6252028E-01  0.4312622E+00  0.8785608E+00  0.4635998E+00  0.7455632E+00  0.1956424E+00  0.7046329E+00  0.2195140E+00  0.1035201E+01  0.2164484E-01  0.1097420E+01  0.5581400E+00 -0.5675783E+00
 0.3100000E+00 -0.5138331E+00  0.7395755E+00  0.7813492E-01  0.7309576E+00 -0.1141306E+01  0.5062226E+00 -0.1024754E+01 -0.5800351E-01  0.4364643E+00  0.8843838E+00  0.4688468E+00  0.7512017E+00  0.2005175E+00  0.7102145E+00  0.2244223E+00  0.1041242E+01  0.2627843E-01  0.1103547E+01  0.5635183E+00 -0.5637626E+00
 0.3150000E+00 -0.5099647E+00  0.7452070E+00  0.8283602E-01  0.7365770E+00 -0.1138320E+01  0.5115259E+00 -0.1021605E+01 -0.5349392E-01  0.4416695E+00  0.8902190E+00  0.4740975E+00  0.7568496E+00  0.2053908E+00  0.7158048E+00  0.2293291E+00  0.1047298E+01  0.3090659E-01  0.1109691E+01  0.5689022E+00 -0.5599645E+00
 0.3200000E+00 -0.5061128E+00  0.7508478E+00  0.8753277E-01  0.7422055E+00 -0.1135363E+01  0.5168336E+00 -0.1018482E+01 -0.4899147E-01  0.4468777E+00  0.8960665E+00  0.4793519E+00  0.7625069E+00  0.2102622E+00  0.7214036E+00  0.2342347E+00  0.1053369E+01  0.3552933E-01  0.1115851E+01  0.5742916E+00 -0.5561838E+00
 0.3250000E+00 -0.5022774E+00  0.7564977E+00  0.9222518E-01  0.7478429E+00 -0.1132436E+01  0.5221458E+00 -0.1015386E+01 -0.4449613E-01  0.4520888E+00  0.9019260E+00  0.4846099E+00  0.7681736E+00  0.2151318E+00  0.7270110E+00  0.2391388E+00  0.1059456E+01  0.4014667E-01  0.1122028E+01  0.5796867E+00 -0.5524206E+00
 0.3300000E+00 -0.4984582E+00  0.7621567E+00  0.9691328E-01  0.7534893E+00 -0.1129538E+01  0.5274622E+00 -0.1012317E+01 -0.4000787E-01  0.4573029E+00  0.9077976E+00  0.4898715E+00  0.7738497E+00  0.2199995E+00  0.7326269E+00  0.2440417E+00  0.1065557E+01  0.4475865E-01  0.1128221E+01  0.5850873E+00 -0.5486748E+00
 0.3350000E+00 -0.4946553E+00  0.7678248E+00  0.1015971E+00  0.7591446E+00 -0.1126669E+01  0.5327831E+00 -0.1009274E+01 -0.3552666E-01  0.4625199E+00  0.9136812E+00  0.4951368E+00  0.7795351E+00  0.2248654E+00  0.7382513E+00  0.2489432E+00  0.1071674E+01  0.4936528E-01  0.1134431E+01  0.5904934E+00 -0.5449462E+00
 0.3400000E+00 -0.4908686E+00  0.7735019E+00  0.1062766E+00  0.7648087E+00 -0.1123829E+01  0.5381083E+00 -0.1006258E+01 -0.3105247E-01  0.4677399E+00  0.9195767E+00  0.5004056E+00  0.7852298E+00  0.2297295E+00  0.7438842E+00  0.2538433E+00  0.1077807E+01  0.5396659E-01  0.1140657E+01  0.5959050E+00 -0.5412348E+00
 0.3450000E+00 -0.4870981E+00  0.7791881E+00  0.1109519E+00  0.7704817E+00 -0.1121017E+01  0.5434378E+00 -0.1003269E+01 -0.2658526E-01  0.4729628E+00  0.9254842E+00  0.5056780E+00  0.7909337E+00  0.2345918E+00  0.7495255E+00  0.2587422E+00  0.1083954E+01  0.5856260E-01  0.1146899E+01  0.6013221E+00 -0.5375406E+00
 0.3500000E+00 -0.4833436E+00  0.7848832E+00  0.1156229E+00  0.7761634E+00 -0.1118234E+01  0.5487716E+00 -0.1000305E+01 -0.2212501E-01  0.4781886E+00  0.9314035E+00  0.5109539E+00  0.7966468E+00  0.2394523E+00  0.7551751E+00  0.2636397E+00  0.1090116E+01  0.6315334E-01  0.1153158E+01  0.6067446E+00 -0.5338634E+00
 0.3550000E+00 -0.4796050E+00  0.7905872E+00  0.1202897E+00  0.7818540E+00 -0.1115480E+01  0.5541097E+00 -0.9973677E+00 -0.1767169E-01  0.4834173E+00  0.9373346E+00  0.5162334E+00  0.8023691E+00  0.2443110E+00  0.7608331E+00  0.2685359E+00  0.1096293E+01  0.6773883E-01  0.1159433E+01  0.6121725E+00 -0.5302031E+00
 0.3600000E+00 -0.4758824E+00  0.7963001E+00  0.1249523E+00  0.7875532E+00 -0.1112753E+01  0.5594520E+00 -0.9944563E+00 -0.1322526E-01  0.4886489E+00  0.9432774E+00  0.5215164E+00  0.8081004E+00  0.2491680E+00  0.7664994E+00  0.2734308E+00  0.1102485E+01  0.7231909E-01  0.1165723E+01  0.6176059E+00 -0.5265598E+00
 0.3650000E+00 -0.4721756E+00  0.8020218E+00  0.1296107E+00  0.7932610E+00 -0.1110055E+01  0.5647986E+00 -0.9915709E+00 -0.8785684E-02  0.4938833E+00  0.9492319E+00  0.5268029E+00  0.8138408E+00  0.2540231E+00  0.7721739E+00  0.2783244E+00  0.1108691E+01  0.7689415E-01  0.1172030E+01  0.6230446E+00 -0.5229332E+00
 0.3700000E+00 -0.4684845E+00  0.8077523E+00  0.1342650E+00  0.7989775E+00 -0.1107385E+01  0.5701495E+00 -0.9887112E+00 -0.4352938E-02  0.4991207E+00  0.9551980E+00  0.5320929E+00  0.8195903E+00  0.2588765E+00  0.7778566E+00  0.2832166E+00  0.1114913E+01  0.8146403E-01  0.1178353E+01  0.6284886E+00 -0.5193234E+00
 0.3750000E+00 -0.4648092E+00  0.8134916E+00  0.1389151E+00  0.8047026E+00 -0.1104743E+01  0.5755045E+00 -0.9858771E+00  0.7301490E-04  0.5043608E+00  0.9611758E+00  0.5373864E+00  0.8253487E+00  0.2637282E+00  0.7835475E+00  0.2881076E+00  0.1121149E+01  0.8602877E-01  0.1184692E+01  0.6339380E+00 -0.5157303E+00
 0.3800000E+00 -0.4611494E+00  0.8192396E+00  0.1435611E+00  0.8104362E+00 -0.1102129E+01  0.5808637E+00 -0.9830685E+00  0.4492206E-02  0.5096038E+00  0.9671650E+00  0.5426833E+00  0.8311160E+00  0.2685781E+00  0.7892466E+00  0.2929974E+00  0.1127399E+01  0.9058837E-01  0.1191046E+01  0.6393926E+00 -0.5121537E+00
 0.3850000E+00 -0.4575052E+00  0.8249962E+00  0.1482030E+00  0.8161783E+00 -0.1099542E+01  0.5862270E+00 -0.9802853E+00  0.8904669E-02  0.5148496E+00  0.9731657E+00  0.5479837E+00  0.8368922E+00  0.2734262E+00  0.7949537E+00  0.2978858E+00  0.1133664E+01  0.9514288E-01  0.1197416E+01  0.6448526E+00 -0.5085936E+00
 0.3900000E+00 -0.4538764E+00  0.8307615E+00  0.1528408E+00  0.8219289E+00 -0.1096983E+01  0.5915945E+00 -0.9775274E+00  0.1331044E-01  0.5200982E+00  0.9791778E+00  0.5532875E+00  0.8426773E+00  0.2782726E+00  0.8006690E+00  0.3027730E+00  0.1139944E+01  0.9969231E-01  0.1203802E+01  0.6503177E+00 -0.5050499E+00
 0.3950000E+00 -0.4502629E+00  0.8365353E+00  0.1574746E+00  0.8276879E+00 -0.1094451E+01  0.5969662E+00 -0.9747946E+00  0.1770954E-01  0.5253496E+00  0.9852012E+00  0.5585947E+00  0.8484712E+00  0.2831173E+00  0.8063922E+00  0.3076589E+00  0.1146238E+01  0.1042367E+00  0.1210203E+01  0.6557881E+00 -0.5015225E+00
 0.4000000E+00 -0.4466648E+00  0.8423177E+00  0.1621043E+00  0.8334552E+00 -0.1091946E+01  0.6023419E+00 -0.9720869E+00  0.2210202E-01  0.5306037E+00  0.9912359E+00  0.5639053E+00  0.8542738E+00  0.2879603E+00  0.8121234E+00  0.3125435E+00  0.1152546E+01  0.1087760E+00  0.1216620E+01  0.6612637E+00 -0.4980114E+00
 0.4050000E+00 -0.4430819E+00  0.8481085E+00  0.1667300E+00  0.8392309E+00 -0.1089468E+01  0.6077217E+00 -0.9694040E+00  0.2648790E-01  0.5358607E+00  0.9972819E+00  0.5692192E+00  0.8600852E+00  0.2928016E+00  0.8178625E+00  0.3174269E+00  0.1158868E+01  0.1133104E+00  0.1223052E+01  0.6667444E+00 -0.4945164E+00
 0.4100000E+00 -0.4395141E+00  0.8539078E+00  0.1713517E+00  0.8450149E+00 -0.1087018E+01  0.6131056E+00 -0.9667458E+00  0.3086723E-01  0.5411203E+00  0.1003339E+01  0.5745366E+00  0.8659052E+00  0.2976412E+00  0.8236096E+00  0.3223091E+00  0.1165204E+01  0.1178398E+00  0.1229499E+01  0.6722303E+00 -0.4910376E+00
 0.4150000E+00 -0.4359614E+00  0.8597156E+00  0.1759694E+00  0.8508071E+00 -0.1084594E+01  0.6184935E+00 -0.9641123E+00  0.3524002E-01  0.5463827E+00  0.1009407E+01  0.5798572E+00  0.8717338E+00  0.3024791E+00  0.8293645E+00  0.3271900E+00  0.1171555E+01  0.1223642E+00  0.1235961E+01  0.6777212E+00 -0.4875747E+00
 0.4200000E+00 -0.4324237E+00  0.8655316E+00  0.1805832E+00  0.8566075E+00 -0.1082197E+01  0.6238854E+00 -0.9615033E+00  0.3960633E-01  0.5516478E+00  0.1015487E+01  0.5851812E+00  0.8775710E+00  0.3073153E+00  0.8351272E+00  0.3320696E+00  0.1177919E+01  0.1268837E+00  0.1242439E+01  0.6832173E+00 -0.4841277E+00
 0.4250000E+00 -0.4289009E+00  0.8713560E+00  0.1851930E+00  0.8624161E+00 -0.1079826E+01  0.6292813E+00 -0.9589186E+00  0.4396617E-01  0.5569156E+00  0.1021577E+01  0.5905085E+00  0.8834168E+00  0.3121499E+00  0.8408977E+00  0.3369481E+00  0.1184298E+01  0.1313983E+00  0.1248932E+01  0.6887184E+00 -0.4806966E+00
 0.4300000E+00 -0.4253929E+00  0.8771887E+00  0.1897989E+00  0.8682328E+00 -0.1077482E+01  0.6346811E+00 -0.9563582E+00  0.4831959E-01  0.5621861E+00  0.1027678E+01  0.5958390E+00  0.8892710E+00  0.3169828E+00  0.8466759E+00  0.3418253E+00  0.1190690E+01  0.1359080E+00  0.1255440E+01  0.6942246E+00 -0.4772812E+00
 0.4350000E+00 -0.4218996E+00  0.8830296E+00  0.1944009E+00  0.8740576E+00 -0.1075164E+01  0.6400850E+00 -0.9538219E+00  0.5266662E-01  0.5674593E+00  0.1033790E+01  0.6011728E+00  0.8951337E+00  0.3218140E+00  0.8524618E+00  0.3467013E+00  0.1197096E+01  0.1404129E+00  0.1261962E+01  0.6997357E+00 -0.4738814E+00
 0.4400000E+00 -0.4184210E+00  0.8888787E+00  0.1989991E+00  0.8798903E+00 -0.1072872E+01  0.6454927E+00 -0.9513096E+00  0.5700729E-01  0.5727351E+00  0.1039913E+01  0.6065099E+00  0.9010048E+00  0.3266436E+00  0.8582554E+00  0.3515761E+00  0.1203515E+01  0.1449130E+00  0.1268500E+01  0.7052518E+00 -0.4704973E+00
 0.4450000E+00 -0.4149570E+00  0.8947359E+00  0.2035934E+00  0.8857311E+00 -0.1070606E+01  0.6509044E+00 -0.9488212E+00  0.6134164E-01  0.5780136E+00  0.1046047E+01  0.6118502E+00  0.9068842E+00  0.3314716E+00  0.8640565E+00  0.3564498E+00  0.1209949E+01  0.1494083E+00  0.1275052E+01  0.7107729E+00 -0.4671286E+00
 0.4500000E+00 -0.4115075E+00  0.9006013E+00  0.2081838E+00  0.8915798E+00 -0.1068366E+01  0.6563200E+00 -0.9463564E+00  0.6566971E-01  0.5832947E+00  0.1052191E+01  0.6171937E+00  0.9127719E+00  0.3362979E+00  0.8698653E+00  0.3613222E+00  0.1216395E+01  0.1538988E+00  0.1281619E+01  0.7162989E+00 -0.4637753E+00
 0.4550000E+00 -0.4080724E+00  0.9064746E+00  0.2127705E+00  0.8974364E+00 -0.1066152E+01  0.6617394E+00 -0.9439153E+00  0.6999152E-01  0.5885784E+00  0.1058346E+01  0.6225405E+00  0.9186679E+00  0.3411226E+00  0.8756815E+00  0.3661934E+00  0.1222856E+01  0.1583846E+00  0.1288200E+01  0.7218298E+00 -0.4604374E+00
 0.4600000E+00 -0.4046517E+00  0.9123560E+00  0.2173534E+00  0.9033009E+00 -0.1063963E+01  0.6671627E+00 -0.9414976E+00  0.7430712E-01  0.5938648E+00  0.1064512E+01  0.6278904E+00  0.9245721E+00  0.3459458E+00  0.8815053E+00  0.3710634E+00  0.1229329E+01  0.1628656E+00  0.1294796E+01  0.7273655E+00 -0.4571147E+00
 0.4650000E+00 -0.4012453E+00  0.9182454E+00  0.2219324E+00  0.9091732E+00 -0.1061799E+01  0.6725898E+00 -0.9391032E+00  0.7861653E-01  0.5991537E+00  0.1070688E+01  0.6332434E+00  0.9304845E+00  0.3507673E+00  0.8873365E+00  0.3759323E+00  0.1235816E+01  0.1673420E+00  0.1301406E+01  0.7329061E+00 -0.4538071E+00
 0.4700000E+00 -0.3978530E+00  0.9241426E+00  0.2265078E+00  0.9150532E+00 -0.1059661E+01  0.6780207E+00 -0.9367320E+00  0.8291980E-01  0.6044452E+00  0.1076875E+01  0.6385996E+00  0.9364050E+00  0.3555872E+00  0.8931750E+00  0.3808000E+00  0.1242316E+01  0.1718137E+00  0.1308031E+01  0.7384515E+00 -0.4505147E+00
 0.4750000E+00 -0.3944748E+00  0.9300478E+00  0.2310794E+00  0.9209410E+00 -0.1057548E+01  0.6834553E+00 -0.9343839E+00  0.8721695E-01  0.6097392E+00  0.1083072E+01  0.6439589E+00  0.9423336E+00  0.3604056E+00  0.8990210E+00  0.3856666E+00  0.1248830E+01  0.1762808E+00  0.1314670E+01  0.7440017E+00 -0.4472372E+00
 0.4800000E+00 -0.3911107E+00  0.9359607E+00  0.2356473E+00  0.9268364E+00 -0.1055460E+01  0.6888938E+00 -0.9320587E+00  0.9150803E-01  0.6150358E+00  0.1089279E+01  0.6493214E+00  0.9482702E+00  0.3652223E+00  0.9048742E+00  0.3905320E+00  0.1255356E+01  0.1807432E+00  0.1321323E+01  0.7495567E+00 -0.4439745E+00
 0.4850000E+00 -0.3877605E+00  0.9418815E+00  0.2402116E+00  0.9327395E+00 -0.1053396E+01  0.6943359E+00 -0.9297564E+00  0.9579306E-01  0.6203349E+00  0.1095497E+01  0.6546869E+00  0.9542148E+00  0.3700376E+00  0.9107348E+00  0.3953962E+00  0.1261895E+01  0.1852011E+00  0.1327990E+01  0.7551163E+00 -0.4407267E+00
 0.4900000E+00 -0.3844241E+00  0.9478099E+00  0.2447721E+00  0.9386501E+00 -0.1051358E+01  0.6997818E+00 -0.9274767E+00  0.1000721E+00  0.6256365E+00  0.1101725E+01  0.6600555E+00  0.9601673E+00  0.3748512E+00  0.9166025E+00  0.4002593E+00  0.1268448E+01  0.1896544E+00  0.1334671E+01  0.7606807E+00 -0.4374937E+00
 0.4950000E+00 -0.3811016E+00  0.9537461E+00  0.2493291E+00  0.9445683E+00 -0.1049344E+01  0.7052314E+00 -0.9252195E+00  0.1043451E+00  0.6309406E+00  0.1107963E+01  0.6654271E+00  0.9661277E+00  0.3796634E+00  0.9224775E+00  0.4051213E+00  0.1275013E+01  0.1941032E+00  0.1341367E+01  0.7662498E+00 -0.4342752E+00
 0.5000000E+00 -0.3777927E+00  0.9596899E+00  0.2538824E+00  0.9504940E+00 -0.1047354E+01  0.7106847E+00 -0.9229847E+00  0.1086123E+00  0.6362472E+00  0.1114211E+01  0.6708018E+00  0.9720960E+00  0.3844739E+00  0.9283596E+00  0.4099821E+00  0.1281591E+01  0.1985475E+00  0.1348076E+01  0.7718235E+00 -0.4310714E+00
 0.5050000E+00 -0.3744975E+00  0.9656414E+00  0.2584321E+00  0.9564272E+00 -0.1045388E+01  0.7161416E+00 -0.9207722E+00  0.1128735E+00  0.6415563E+00  0.1120470E+01  0.6761795E+00  0.9780720E+00  0.3892830E+00  0.9342488E+00  0.4148418E+00  0.1288182E+01  0.2029873E+00  0.1354798E+01  0.7774018E+00 -0.4278819E+00
 0.5100000E+00 -0.3712158E+00  0.9716003E+00  0.2629782E+00  0.9623678E+00 -0.1043447E+01  0.7216021E+00 -0.9185819E+00  0.1171288E+00  0.6468678E+00  0.1126738E+01  0.6815602E+00  0.9840558E+00  0.3940905E+00  0.9401450E+00  0.4197005E+00  0.1294785E+01  0.2074227E+00  0.1361535E+01  0.7829847E+00 -0.4247069E+00
 0.5150000E+00 -0.3679476E+00  0.9775668E+00  0.2675208E+00  0.9683157E+00 -0.1041529E+01  0.7270662E+00 -0.9164135E+00  0.1213783E+00  0.6521818E+00  0.1133016E+01  0.6869439E+00  0.9900474E+00  0.3988966E+00  0.9460483E+00  0.4245579E+00  0.1301401E+01  0.2118537E+00  0.1368285E+01  0.7885722E+00 -0.4215461E+00
 0.5200000E+00 -0.3646928E+00  0.9835408E+00  0.2720598E+00  0.9742710E+00 -0.1039636E+01  0.7325340E+00 -0.9142670E+00  0.1256220E+00  0.6574982E+00  0.1139304E+01  0.6923305E+00  0.9960465E+00  0.4037011E+00  0.9519586E+00  0.4294143E+00  0.1308029E+01  0.2162802E+00  0.1375048E+01  0.7941642E+00 -0.4183996E+00
 0.5250000E+00 -0.3614512E+00  0.9895222E+00  0.2765954E+00  0.9802335E+00 -0.1037766E+01  0.7380053E+00 -0.9121423E+00  0.1298600E+00  0.6628170E+00  0.1145602E+01  0.6977201E+00  0.1002053E+01  0.4085042E+00  0.9578758E+00  0.4342697E+00  0.1314670E+01  0.2207024E+00  0.1381825E+01  0.7997608E+00 -0.4152672E+00
 0.5300000E+00 -0.3582229E+00  0.9955109E+00  0.2811274E+00  0.9862033E+00 -0.1035919E+01  0.7434801E+00 -0.9100392E+00  0.1340922E+00  0.6681382E+00  0.1151910E+01  0.7031126E+00  0.1008068E+01  0.4133057E+00  0.9637999E+00  0.4391239E+00  0.1321323E+01  0.2251202E+00  0.1388616E+01  0.8053618E+00 -0.4121488E+00
 0.5350000E+00 -0.3550077E+00  0.1001507E+01  0.2856560E+00  0.9921802E+00 -0.1034096E+01  0.7489585E+00 -0.9079575E+00  0.1383187E+00  0.6734618E+00  0.1158227E+01  0.7085081E+00  0.1014090E+01  0.4181058E+00  0.9697308E+00  0.4439770E+00  0.1327989E+01  0.2295338E+00  0.1395419E+01  0.8109672E+00 -0.4090444E+00
 0.5400000E+00 -0.3518055E+00  0.1007510E+01  0.2901811E+00  0.9981644E+00 -0.1032297E+01  0.7544403E+00 -0.9058973E+00  0.1425396E+00  0.6787877E+00  0.1164554E+01  0.7139064E+00  0.1020119E+01  0.4229045E+00  0.9756686E+00  0.4488291E+00  0.1334666E+01  0.2339430E+00  0.1402236E+01  0.8165771E+00 -0.4059538E+00
 0.5450000E+00 -0.3486164E+00  0.1013521E+01  0.2947028E+00  0.1004156E+01 -0.1030520E+01  0.7599256E+00 -0.9038582E+00  0.1467549E+00  0.6841161E+00  0.1170891E+01  0.7193076E+00  0.1026156E+01  0.4277017E+00  0.9816131E+00  0.4536801E+00  0.1341356E+01  0.2383480E+00  0.1409066E+01  0.8221915E+00 -0.4028771E+00
 0.5500000E+00 -0.3454401E+00  0.1019539E+01  0.2992211E+00  0.1010154E+01 -0.1028766E+01  0.7654144E+00 -0.9018402E+00  0.1509645E+00  0.6894467E+00  0.1177237E+01  0.7247116E+00  0.1032200E+01  0.4324974E+00  0.9875643E+00  0.4585300E+00  0.1348057E+01  0.2427487E+00  0.1415909E+01  0.8278101E+00 -0.3998140E+00
 0.5550000E+00 -0.3422766E+00  0.1025564E+01  0.3037360E+00  0.1016159E+01 -0.1027035E+01  0.7709066E+00 -0.8998431E+00  0.1551686E+00  0.6947797E+00  0.1183593E+01  0.7301185E+00  0.1038251E+01  0.4372917E+00  0.9935222E+00  0.4633789E+00  0.1354771E+01  0.2471452E+00  0.1422765E+01  0.8334332E+00 -0.3967645E+00
 0.5600000E+00 -0.3391259E+00  0.1031596E+01  0.3082476E+00  0.1022171E+01 -0.1025327E+01  0.7764023E+00 -0.8978669E+00  0.1593672E+00  0.7001149E+00  0.1189958E+01  0.7355283E+00  0.1044310E+01  0.4420846E+00  0.9994868E+00  0.4682267E+00  0.1361497E+01  0.2515375E+00  0.1429634E+01  0.8390605E+00 -0.3937286E+00
 0.5650000E+00 -0.3359878E+00  0.1037635E+01  0.3127558E+00  0.1028191E+01 -0.1023641E+01  0.7819013E+00 -0.8959114E+00  0.1635603E+00  0.7054525E+00  0.1196332E+01  0.7409408E+00  0.1050376E+01  0.4468760E+00  0.1005458E+01  0.4730735E+00  0.1368234E+01  0.2559257E+00  0.1436515E+01  0.8446921E+00 -0.3907061E+00
 0.5700000E+00 -0.3328623E+00  0.1043681E+01  0.3172606E+00  0.1034217E+01 -0.1021978E+01  0.7874037E+00 -0.8939764E+00  0.1677480E+00  0.7107923E+00  0.1202715E+01  0.7463561E+00  0.1056449E+01  0.4516661E+00  0.1011436E+01  0.4779192E+00  0.1374983E+01  0.2603098E+00  0.1443409E+01  0.8503280E+00 -0.3876969E+00
 0.5750000E+00 -0.3297493E+00  0.1049734E+01  0.3217622E+00  0.1040250E+01 -0.1020337E+01  0.7929094E+00 -0.8920619E+00  0.1719302E+00  0.7161345E+00  0.1209108E+01  0.7517741E+00  0.1062530E+01  0.4564548E+00  0.1017420E+01  0.4827640E+00  0.1381744E+01  0.2646897E+00  0.1450316E+01  0.8559682E+00 -0.3847010E+00
 0.5800000E+00 -0.3266487E+00  0.1055794E+01  0.3262605E+00  0.1046289E+01 -0.1018717E+01  0.7984185E+00 -0.8901677E+00  0.1761071E+00  0.7214788E+00  0.1215510E+01  0.7571950E+00  0.1068617E+01  0.4612420E+00  0.1023411E+01  0.4876077E+00  0.1388516E+01  0.2690656E+00  0.1457236E+01  0.8616125E+00 -0.3817183E+00
 0.5850000E+00 -0.3235605E+00  0.1061861E+01  0.3307556E+00  0.1052336E+01 -0.1017120E+01  0.8039309E+00 -0.8882936E+00  0.1802786E+00  0.7268254E+00  0.1221921E+01  0.7626185E+00  0.1074712E+01  0.4660279E+00  0.1029408E+01  0.4924504E+00  0.1395300E+01  0.2734374E+00  0.1464168E+01  0.8672611E+00 -0.3787487E+00
 0.5900000E+00 -0.3204845E+00  0.1067935E+01  0.3352474E+00  0.1058389E+01 -0.1015545E+01  0.8094466E+00 -0.8864396E+00  0.1844448E+00  0.7321742E+00  0.1228341E+01  0.7680448E+00  0.1080813E+01  0.4708124E+00  0.1035411E+01  0.4972920E+00  0.1402095E+01  0.2778052E+00  0.1471112E+01  0.8729138E+00 -0.3757922E+00
 0.5950000E+00 -0.3174207E+00  0.1074016E+01  0.3397360E+00  0.1064449E+01 -0.1013992E+01  0.8149655E+00 -0.8846054E+00  0.1886057E+00  0.7375253E+00  0.1234770E+01  0.7734738E+00  0.1086922E+01  0.4755956E+00  0.1041421E+01  0.5021327E+00  0.1408902E+01  0.2821689E+00  0.1478068E+01  0.8785706E+00 -0.3728485E+00
 0.6000000E+00 -0.3143689E+00  0.1080103E+01  0.3442214E+00  0.1070515E+01 -0.1012459E+01  0.8204876E+00 -0.8827911E+00  0.1927614E+00  0.7428785E+00  0.1241208E+01  0.7789054E+00  0.1093037E+01  0.4803773E+00  0.1047438E+01  0.5069724E+00  0.1415720E+01  0.2865288E+00  0.1485037E+01  0.8842315E+00 -0.3699177E+00
 0.6050000E+00 -0.3113292E+00  0.1086197E+01  0.3487036E+00  0.1076588E+01 -0.1010949E+01  0.8260130E+00 -0.8809964E+00  0.1969119E+00  0.7482339E+00  0.1247655E+01  0.7843397E+00  0.1099160E+01  0.4851578E+00  0.1053460E+01  0.5118111E+00  0.1422549E+01  0.2908846E+00  0.1492018E+01  0.8898965E+00 -0.3669997E+00
 0.6100000E+00 -0.3083015E+00  0.1092298E+01  0.3531826E+00  0.1082668E+01 -0.1009459E+01  0.8315416E+00 -0.8792212E+00  0.2010572E+00  0.7535915E+00  0.1254111E+01  0.7897767E+00  0.1105289E+01  0.4899369E+00  0.1059489E+01  0.5166488E+00  0.1429389E+01  0.2952365E+00  0.1499011E+01  0.8955656E+00 -0.3640943E+00
 0.6150000E+00 -0.3052856E+00  0.1098405E+01  0.3576586E+00  0.1088754E+01 -0.1007991E+01  0.8370734E+00 -0.8774655E+00  0.2051973E+00  0.7589512E+00  0.1260576E+01  0.7952163E+00  0.1111425E+01  0.4947147E+00  0.1065524E+01  0.5214856E+00  0.1436241E+01  0.2995846E+00  0.1506016E+01  0.9012387E+00 -0.3612015E+00
 0.6200000E+00 -0.3022814E+00  0.1104519E+01  0.3621314E+00  0.1094846E+01 -0.1006544E+01  0.8426083E+00 -0.8757290E+00  0.2093324E+00  0.7643130E+00  0.1267049E+01  0.8006585E+00  0.1117568E+01  0.4994911E+00  0.1071565E+01  0.5263213E+00  0.1443103E+01  0.3039287E+00  0.1513033E+01  0.9069158E+00 -0.3583213E+00
 0.6250000E+00 -0.2992890E+00  0.1110639E+01  0.3666011E+00  0.1100945E+01 -0.1005117E+01  0.8481464E+00 -0.8740116E+00  0.2134624E+00  0.7696770E+00  0.1273530E+01  0.8061032E+00  0.1123717E+01  0.5042663E+00  0.1077612E+01  0.5311561E+00  0.1449976E+01  0.3082691E+00  0.1520062E+01  0.9125968E+00 -0.3554535E+00
 0.6300000E+00 -0.2963082E+00  0.1116766E+01  0.3710678E+00  0.1107050E+01 -0.1003711E+01  0.8536876E+00 -0.8723133E+00  0.2175873E+00  0.7750431E+00  0.1280021E+01  0.8115506E+00  0.1129873E+01  0.5090401E+00  0.1083665E+01  0.5359900E+00  0.1456860E+01  0.3126056E+00  0.1527102E+01  0.9182818E+00 -0.3525980E+00
 0.6350000E+00 -0.2933390E+00  0.1122899E+01  0.3755314E+00  0.1113162E+01 -0.1002326E+01  0.8592318E+00 -0.8706338E+00  0.2217073E+00  0.7804113E+00  0.1286520E+01  0.8170005E+00  0.1136036E+01  0.5138127E+00  0.1089724E+01  0.5408229E+00  0.1463755E+01  0.3169383E+00  0.1534155E+01  0.9239707E+00 -0.3497548E+00
 0.6400000E+00 -0.2903812E+00  0.1129039E+01  0.3799920E+00  0.1119280E+01 -0.1000961E+01  0.8647792E+00 -0.8689731E+00  0.2258222E+00  0.7857815E+00  0.1293027E+01  0.8224530E+00  0.1142205E+01  0.5185839E+00  0.1095789E+01  0.5456548E+00  0.1470661E+01  0.3212672E+00  0.1541218E+01  0.9296635E+00 -0.3469238E+00
 0.6450000E+00 -0.2874348E+00  0.1135185E+01  0.3844495E+00  0.1125404E+01 -0.9996168E+00  0.8703296E+00 -0.8673310E+00  0.2299323E+00  0.7911538E+00  0.1299543E+01  0.8279080E+00  0.1148381E+01  0.5233539E+00  0.1101861E+01  0.5504858E+00  0.1477577E+01  0.3255924E+00  0.1548294E+01  0.9353602E+00 -0.3441049E+00
 0.6500000E+00 -0.2844998E+00  0.1141338E+01  0.3889041E+00  0.1131534E+01 -0.9982924E+00  0.8758830E+00 -0.8657074E+00  0.2340374E+00  0.7965282E+00  0.1306067E+01  0.8333655E+00  0.1154563E+01  0.5281226E+00  0.1107938E+01  0.5553159E+00  0.1484504E+01  0.3299138E+00  0.1555380E+01  0.9410607E+00 -0.3412980E+00
 0.6550000E+00 -0.2815760E+00  0.1147496E+01  0.3933557E+00  0.1137671E+01 -0.9969880E+00  0.8814395E+00 -0.8641023E+00  0.2381376E+00  0.8019046E+00  0.1312600E+01  0.8388255E+00  0.1160752E+01  0.5328901E+00  0.1114021E+01  0.5601451E+00  0.1491441E+01  0.3342316E+00  0.1562478E+01  0.9467650E+00 -0.3385031E+00
 0.6600000E+00 -0.2786633E+00  0.1153661E+01  0.3978044E+00  0.1143813E+01 -0.9957035E+00  0.8869989E+00 -0.8625153E+00  0.2422331E+00  0.8072831E+00  0.1319140E+01  0.8442879E+00  0.1166947E+01  0.5376563E+00  0.1120109E+01  0.5649733E+00  0.1498389E+01  0.3385457E+00  0.1569588E+01  0.9524731E+00 -0.3357200E+00
 0.6650000E+00 -0.2757618E+00  0.1159833E+01  0.4022501E+00  0.1149962E+01 -0.9944387E+00  0.8925613E+00 -0.8609465E+00  0.2463237E+00  0.8126635E+00  0.1325689E+01  0.8497529E+00  0.1173149E+01  0.5424213E+00  0.1126204E+01  0.5698006E+00  0.1505347E+01  0.3428562E+00  0.1576708E+01  0.9581850E+00 -0.3329487E+00
 0.6700000E+00 -0.2728712E+00  0.1166010E+01  0.4066929E+00  0.1156117E+01 -0.9931936E+00  0.8981267E+00 -0.8593958E+00  0.2504095E+00  0.8180460E+00  0.1332246E+01  0.8552202E+00  0.1179356E+01  0.5471850E+00  0.1132304E+01  0.5746271E+00  0.1512315E+01  0.3471630E+00  0.1583840E+01  0.9639006E+00 -0.3301891E+00
 0.6750000E+00 -0.2699916E+00  0.1172193E+01  0.4111329E+00  0.1162277E+01 -0.9919679E+00  0.9036950E+00 -0.8578629E+00  0.2544906E+00  0.8234304E+00  0.1338811E+01  0.8606900E+00  0.1185570E+01  0.5519475E+00  0.1138410E+01  0.5794526E+00  0.1519294E+01  0.3514663E+00  0.1590983E+01  0.9696199E+00 -0.3274411E+00
 0.6800000E+00 -0.2671229E+00  0.1178383E+01  0.4155699E+00  0.1168444E+01 -0.9907616E+00  0.9092662E+00 -0.8563477E+00  0.2585670E+00  0.8288168E+00  0.1345384E+01  0.8661622E+00  0.1191791E+01  0.5567088E+00  0.1144522E+01  0.5842772E+00  0.1526282E+01  0.3557659E+00  0.1598136E+01  0.9753430E+00 -0.3247046E+00
 0.6850000E+00 -0.2642650E+00  0.1184578E+01  0.4200041E+00  0.1174617E+01 -0.9895744E+00  0.9148403E+00 -0.8548502E+00  0.2626387E+00  0.8342051E+00  0.1351965E+01  0.8716368E+00  0.1198017E+01  0.5614689E+00  0.1150639E+01  0.5891009E+00  0.1533281E+01  0.3600621E+00  0.1605301E+01  0.9810696E+00 -0.3219796E+00
 0.6900000E+00 -0.2614177E+00  0.1190780E+01  0.4244355E+00  0.1180795E+01 -0.9884064E+00  0.9204173E+00 -0.8533703E+00  0.2667057E+00  0.8395954E+00  0.1358554E+01  0.8771137E+00  0.1204250E+01  0.5662278E+00  0.1156762E+01  0.5939238E+00  0.1540290E+01  0.3643547E+00  0.1612477E+01  0.9867999E+00 -0.3192660E+00
 0.6950000E+00 -0.2585812E+00  0.1196987E+01  0.4288641E+00  0.1186979E+01 -0.9872572E+00  0.9259971E+00 -0.8519077E+00  0.2707682E+00  0.8449877E+00  0.1365151E+01  0.8825930E+00  0.1210488E+01  0.5709855E+00  0.1162890E+01  0.5987458E+00  0.1547308E+01  0.3686438E+00  0.1619663E+01  0.9925338E+00 -0.3165637E+00
 0.7000000E+00 -0.2557551E+00  0.1203200E+01  0.4332899E+00  0.1193169E+01 -0.9861269E+00  0.9315798E+00 -0.8504624E+00  0.2748261E+00  0.8503818E+00  0.1371756E+01  0.8880747E+00  0.1216733E+01  0.5757420E+00  0.1169024E+01  0.6035669E+00  0.1554337E+01  0.3729294E+00  0.1626860E+01  0.9982713E+00 -0.3138726E+00
 0.7050000E+00 -0.2529396E+00  0.1209419E+01  0.4377129E+00  0.1199365E+01 -0.9850153E+00  0.9371653E+00 -0.8490343E+00  0.2788794E+00  0.8557779E+00  0.1378368E+01  0.8935587E+00  0.1222984E+01  0.5804973E+00  0.1175164E+01  0.6083871E+00  0.1561375E+01  0.3772116E+00  0.1634067E+01  0.1004012E+01 -0.3111926E+00
 0.7100000E+00 -0.2501345E+00  0.1215644E+01  0.4421331E+00  0.1205566E+01 -0.9839222E+00  0.9427535E+00 -0.8476232E+00  0.2829282E+00  0.8611758E+00  0.1384988E+01  0.8990450E+00  0.1229240E+01  0.5852515E+00  0.1181309E+01  0.6132065E+00  0.1568423E+01  0.3814904E+00  0.1641285E+01  0.1009757E+01 -0.3085238E+00
 0.7150000E+00 -0.2473397E+00  0.1221875E+01  0.4465506E+00  0.1211773E+01 -0.9828475E+00  0.9483446E+00 -0.8462290E+00  0.2869725E+00  0.8665756E+00  0.1391616E+01  0.9045335E+00  0.1235503E+01  0.5900045E+00  0.1187459E+01  0.6180251E+00  0.1575481E+01  0.3857657E+00  0.1648514E+01  0.1015505E+01 -0.3058659E+00
 0.7200000E+00 -0.2445553E+00  0.1228111E+01  0.4509655E+00  0.1217986E+01 -0.9817912E+00  0.9539384E+00 -0.8448517E+00  0.2910124E+00  0.8719773E+00  0.1398251E+01  0.9100244E+00  0.1241771E+01  0.5947564E+00  0.1193614E+01  0.6228428E+00  0.1582548E+01  0.3900377E+00  0.1655753E+01  0.1021257E+01 -0.3032189E+00
 0.7250000E+00 -0.2417810E+00  0.1234354E+01  0.4553776E+00  0.1224204E+01 -0.9807530E+00  0.9595349E+00 -0.8434910E+00  0.2950478E+00  0.8773808E+00  0.1404894E+01  0.9155175E+00  0.1248046E+01  0.5995071E+00  0.1199775E+01  0.6276596E+00  0.1589625E+01  0.3943064E+00  0.1663002E+01  0.1027012E+01 -0.3005828E+00
 0.7300000E+00 -0.2390168E+00  0.1240601E+01  0.4597870E+00  0.1230428E+01 -0.9797328E+00  0.9651341E+00 -0.8421469E+00  0.2990789E+00  0.8827862E+00  0.1411544E+01  0.9210129E+00  0.1254326E+01  0.6042567E+00  0.1205942E+01  0.6324756E+00  0.1596711E+01  0.3985717E+00  0.1670261E+01  0.1032770E+01 -0.2979574E+00
 0.7350000E+00 -0.2362628E+00  0.1246855E+01  0.4641938E+00  0.1236658E+01 -0.9787305E+00  0.9707361E+00 -0.8408192E+00  0.3031056E+00  0.8881933E+00  0.1418202E+01  0.9265105E+00  0.1260612E+01  0.6090051E+00  0.1212113E+01  0.6372908E+00  0.1603807E+01  0.4028337E+00  0.1677531E+01  0.1038532E+01 -0.2953427E+00
 0.7400000E+00 -0.2335187E+00  0.1253114E+01  0.4685979E+00  0.1242892E+01 -0.9777460E+00  0.9763407E+00 -0.8395079E+00  0.3071280E+00  0.8936023E+00  0.1424867E+01  0.9320103E+00  0.1266903E+01  0.6137525E+00  0.1218290E+01  0.6421052E+00  0.1610912E+01  0.4070924E+00  0.1684810E+01  0.1044297E+01 -0.2927386E+00
 0.7450000E+00 -0.2307845E+00  0.1259378E+01  0.4729994E+00  0.1249133E+01 -0.9767792E+00  0.9819480E+00 -0.8382128E+00  0.3111460E+00  0.8990131E+00  0.1431539E+01  0.9375123E+00  0.1273201E+01  0.6184987E+00  0.1224472E+01  0.6469188E+00  0.1618026E+01  0.4113479E+00  0.1692100E+01  0.1050066E+01 -0.2901451E+00
 0.7500000E+00 -0.2280602E+00  0.1265648E+01  0.4773984E+00  0.1255378E+01 -0.9758299E+00  0.9875579E+00 -0.8369338E+00  0.3151598E+00  0.9044257E+00  0.1438219E+01  0.9430165E+00  0.1279504E+01  0.6232438E+00  0.1230659E+01  0.6517315E+00  0.1625149E+01  0.4156001E+00  0.1699400E+01  0.1055838E+01 -0.2875620E+00
 0.7550000E+00 -0.2253456E+00  0.1271924E+01  0.4817947E+00  0.1261629E+01 -0.9748980E+00  0.9931704E+00 -0.8356708E+00  0.3191694E+00  0.9098401E+00  0.1444906E+01  0.9485228E+00  0.1285812E+01  0.6279878E+00  0.1236851E+01  0.6565434E+00  0.1632282E+01  0.4198491E+00  0.1706709E+01  0.1061613E+01 -0.2849893E+00
 0.7600000E+00 -0.2226408E+00  0.1278205E+01  0.4861885E+00  0.1267886E+01 -0.9739834E+00  0.9987856E+00 -0.8344236E+00  0.3231748E+00  0.9152562E+00  0.1451600E+01  0.9540313E+00  0.1292126E+01  0.6327308E+00  0.1243048E+01  0.6613546E+00  0.1639424E+01  0.4240949E+00  0.1714029E+01  0.1067392E+01 -0.2824269E+00
 0.7650000E+00 -0.2199456E+00  0.1284491E+01  0.4905797E+00  0.1274147E+01 -0.9730859E+00  0.1004403E+01 -0.8331922E+00  0.3271759E+00  0.9206740E+00  0.1458301E+01  0.9595420E+00  0.1298446E+01  0.6374726E+00  0.1249250E+01  0.6661649E+00  0.1646574E+01  0.4283376E+00  0.1721358E+01  0.1073174E+01 -0.2798748E+00
 0.7700000E+00 -0.2172599E+00  0.1290783E+01  0.4949684E+00  0.1280414E+01 -0.9722055E+00  0.1010024E+01 -0.8319765E+00  0.3311730E+00  0.9260936E+00  0.1465009E+01  0.9650547E+00  0.1304771E+01  0.6422134E+00  0.1255457E+01  0.6709745E+00  0.1653734E+01  0.4325771E+00  0.1728697E+01  0.1078959E+01 -0.2773328E+00
 0.7750000E+00 -0.2145838E+00  0.1297080E+01  0.4993546E+00  0.1286686E+01 -0.9713420E+00  0.1015646E+01 -0.8307763E+00  0.3351659E+00  0.9315150E+00  0.1471725E+01  0.9705696E+00  0.1311101E+01  0.6469531E+00  0.1261669E+01  0.6757833E+00  0.1660902E+01  0.4368135E+00  0.1736045E+01  0.1084747E+01 -0.2748009E+00
 0.7800000E+00 -0.2119171E+00  0.1303382E+01  0.5037383E+00  0.1292963E+01 -0.9704953E+00  0.1021272E+01 -0.8295916E+00  0.3391547E+00  0.9369380E+00  0.1478447E+01  0.9760865E+00  0.1317437E+01  0.6516918E+00  0.1267886E+01  0.6805913E+00  0.1668079E+01  0.4410467E+00  0.1743403E+01  0.1090539E+01 -0.2722790E+00
 0.7850000E+00 -0.2092598E+00  0.1309689E+01  0.5081195E+00  0.1299246E+01 -0.9696653E+00  0.1026900E+01 -0.8284221E+00  0.3431395E+00  0.9423627E+00  0.1485176E+01  0.9816056E+00  0.1323779E+01  0.6564294E+00  0.1274108E+01  0.6853985E+00  0.1675265E+01  0.4452770E+00  0.1750770E+01  0.1096334E+01 -0.2697671E+00
 0.7900000E+00 -0.2066118E+00  0.1316002E+01  0.5124983E+00  0.1305533E+01 -0.9688518E+00  0.1032530E+01 -0.8272679E+00  0.3471202E+00  0.9477891E+00  0.1491912E+01  0.9871267E+00  0.1330125E+01  0.6611660E+00  0.1280335E+01  0.6902050E+00  0.1682460E+01  0.4495041E+00  0.1758147E+01  0.1102131E+01 -0.2672651E+00
 0.7950000E+00 -0.2039730E+00  0.1322320E+01  0.5168746E+00  0.1311826E+01 -0.9680547E+00  0.1038163E+01 -0.8261287E+00  0.3510969E+00  0.9532172E+00  0.1498655E+01  0.9926498E+00  0.1336477E+01  0.6659015E+00  0.1286567E+01  0.6950107E+00  0.1689663E+01  0.4537282E+00  0.1765533E+01  0.1107933E+01 -0.2647728E+00
 0.8000000E+00 -0.2013433E+00  0.1328643E+01  0.5212485E+00  0.1318123E+01 -0.9672740E+00  0.1043798E+01 -0.8250045E+00  0.3550697E+00  0.9586470E+00  0.1505404E+01  0.9981750E+00  0.1342834E+01  0.6706360E+00  0.1292803E+01  0.6998156E+00  0.1696875E+01  0.4579493E+00  0.1772928E+01  0.1113737E+01 -0.2622903E+00
 0.8050000E+00 -0.1987228E+00  0.1334971E+01  0.5256200E+00  0.1324426E+01 -0.9665095E+00  0.1049436E+01 -0.8238953E+00  0.3590385E+00  0.9640784E+00  0.1512161E+01  0.1003702E+01  0.1349197E+01  0.6753695E+00  0.1299044E+01  0.7046198E+00  0.1704095E+01  0.4621674E+00  0.1780333E+01  0.1119544E+01 -0.2598175E+00
 0.8100000E+00 -0.1961113E+00  0.1341304E+01  0.5299891E+00  0.1330733E+01 -0.9657610E+00  0.1055076E+01 -0.8228007E+00  0.3630034E+00  0.9695114E+00  0.1518924E+01  0.1009231E+01  0.1355564E+01  0.6801020E+00  0.1305290E+01  0.7094233E+00  0.1711324E+01  0.4663826E+00  0.1787747E+01  0.1125354E+01 -0.2573542E+00
 0.8150000E+00 -0.1935088E+00  0.1347642E+01  0.5343558E+00  0.1337045E+01 -0.9650285E+00  0.1060719E+01 -0.8217209E+00  0.3669645E+00  0.9749461E+00  0.1525693E+01  0.1014762E+01  0.1361937E+01  0.6848335E+00  0.1311540E+01  0.7142260E+00  0.1718561E+01  0.4705948E+00  0.1795169E+01  0.1131167E+01 -0.2549005E+00
 0.8200000E+00 -0.1909152E+00  0.1353985E+01  0.5387202E+00  0.1343363E+01 -0.9643118E+00  0.1066364E+01 -0.8206556E+00  0.3709216E+00  0.9803823E+00  0.1532469E+01  0.1020296E+01  0.1368315E+01  0.6895640E+00  0.1317795E+01  0.7190280E+00  0.1725806E+01  0.4748041E+00  0.1802601E+01  0.1136984E+01 -0.2524562E+00
 0.8250000E+00 -0.1883304E+00  0.1360333E+01  0.5430823E+00  0.1349685E+01 -0.9636109E+00  0.1072011E+01 -0.8196048E+00  0.3748749E+00  0.9858202E+00  0.1539252E+01  0.1025831E+01  0.1374697E+01  0.6942935E+00  0.1324055E+01  0.7238292E+00  0.1733060E+01  0.4790104E+00  0.1810042E+01  0.1142803E+01 -0.2500213E+00
 0.8300000E+00 -0.1857544E+00  0.1366685E+01  0.5474420E+00  0.1356011E+01 -0.9629256E+00  0.1077661E+01 -0.8185683E+00  0.3788245E+00  0.9912597E+00  0.1546041E+01  0.1031368E+01  0.1381085E+01  0.6990220E+00  0.1330320E+01  0.7286298E+00  0.1740321E+01  0.4832139E+00  0.1817491E+01  0.1148625E+01 -0.2475958E+00
 0.8350000E+00 -0.1831871E+00  0.1373043E+01  0.5517995E+00  0.1362343E+01 -0.9622558E+00  0.1083313E+01 -0.8175460E+00  0.3827702E+00  0.9967007E+00  0.1552837E+01  0.1036907E+01  0.1387478E+01  0.7037495E+00  0.1336588E+01  0.7334296E+00  0.1747591E+01  0.4874146E+00  0.1824950E+01  0.1154451E+01 -0.2451795E+00
 0.8400000E+00 -0.1806284E+00  0.1379405E+01  0.5561546E+00  0.1368679E+01 -0.9616014E+00  0.1088967E+01 -0.8165379E+00  0.3867122E+00  0.1002143E+01  0.1559639E+01  0.1042448E+01  0.1393876E+01  0.7084761E+00  0.1342862E+01  0.7382287E+00  0.1754869E+01  0.4916123E+00  0.1832417E+01  0.1160279E+01 -0.2427723E+00
 0.8450000E+00 -0.1780783E+00  0.1385773E+01  0.5605075E+00  0.1375020E+01 -0.9609623E+00  0.1094623E+01 -0.8155438E+00  0.3906505E+00  0.1007588E+01  0.1566447E+01  0.1047990E+01  0.1400279E+01  0.7132017E+00  0.1349140E+01  0.7430271E+00  0.1762155E+01  0.4958073E+00  0.1839892E+01  0.1166110E+01 -0.2403743E+00
 0.8500000E+00 -0.1755368E+00  0.1392145E+01  0.5648582E+00  0.1381366E+01 -0.9603384E+00  0.1100282E+01 -0.8145637E+00  0.3945851E+00  0.1013033E+01  0.1573262E+01  0.1053535E+01  0.1406686E+01  0.7179263E+00  0.1355422E+01  0.7478248E+00  0.1769449E+01  0.4999995E+00  0.1847377E+01  0.1171944E+01 -0.2379854E+00
 0.8550000E+00 -0.1730037E+00  0.1398522E+01  0.5692066E+00  0.1387717E+01 -0.9597295E+00  0.1105944E+01 -0.8135974E+00  0.3985160E+00  0.1018480E+01  0.1580082E+01  0.1059082E+01  0.1413099E+01  0.7226500E+00  0.1361709E+01  0.7526218E+00  0.1776751E+01  0.5041889E+00  0.1854870E+01  0.1177781E+01 -0.2356054E+00
 0.8600000E+00 -0.1704790E+00  0.1404903E+01  0.5735528E+00  0.1394071E+01 -0.9591355E+00  0.1111607E+01 -0.8126448E+00  0.4024433E+00  0.1023929E+01  0.1586909E+01  0.1064630E+01  0.1419516E+01  0.7273728E+00  0.1368000E+01  0.7574182E+00  0.1784061E+01  0.5083755E+00  0.1862371E+01  0.1183621E+01 -0.2332343E+00
 0.8650000E+00 -0.1679626E+00  0.1411289E+01  0.5778968E+00  0.1400431E+01 -0.9585564E+00  0.1117273E+01 -0.8117058E+00  0.4063670E+00  0.1029380E+01  0.1593743E+01  0.1070180E+01  0.1425938E+01  0.7320946E+00  0.1374295E+01  0.7622138E+00  0.1791378E+01  0.5125594E+00  0.1869881E+01  0.1189463E+01 -0.2308721E+00
 0.8700000E+00 -0.1654545E+00  0.1417680E+01  0.5822386E+00  0.1406795E+01 -0.9579920E+00  0.1122940E+01 -0.8107804E+00  0.4102871E+00  0.1034831E+01  0.1600582E+01  0.1075732E+01  0.1432364E+01  0.7368155E+00  0.1380595E+01  0.7670087E+00  0.1798703E+01  0.5167405E+00  0.1877399E+01  0.1195308E+01 -0.2285187E+00
 0.8750000E+00 -0.1629547E+00  0.1424075E+01  0.5865782E+00  0.1413163E+01 -0.9574422E+00  0.1128611E+01 -0.8098684E+00  0.4142036E+00  0.1040285E+01  0.1607427E+01  0.1081286E+01  0.1438796E+01  0.7415355E+00  0.1386899E+01  0.7718030E+00  0.1806036E+01  0.5209190E+00  0.1884926E+01  0.1201157E+01 -0.2261740E+00
 0.8800000E+00 -0.1604630E+00  0.1430475E+01  0.5909157E+00  0.1419536E+01 -0.9569070E+00  0.1134283E+01 -0.8089697E+00  0.4181166E+00  0.1045739E+01  0.1614279E+01  0.1086842E+01  0.1445232E+01  0.7462546E+00  0.1393207E+01  0.7765966E+00  0.1813377E+01  0.5250948E+00  0.1892460E+01  0.1207008E+01 -0.2238379E+00
 0.8850000E+00 -0.1579793E+00  0.1436879E+01  0.5952510E+00  0.1425914E+01 -0.9563861E+00  0.1139957E+01 -0.8080843E+00  0.4220261E+00  0.1051196E+01  0.1621136E+01  0.1092400E+01  0.1451673E+01  0.7509727E+00  0.1399520E+01  0.7813895E+00  0.1820725E+01  0.5292679E+00  0.1900003E+01  0.1212861E+01 -0.2215105E+00
 0.8900000E+00 -0.1555037E+00  0.1443288E+01  0.5995842E+00  0.1432296E+01 -0.9558796E+00  0.1145634E+01 -0.8072120E+00  0.4259321E+00  0.1056653E+01  0.1627999E+01  0.1097959E+01  0.1458118E+01  0.7556900E+00  0.1405837E+01  0.7861818E+00  0.1828080E+01  0.5334384E+00  0.1907554E+01  0.1218718E+01 -0.2191916E+00
 0.8950000E+00 -0.1530361E+00  0.1449702E+01  0.6039153E+00  0.1438682E+01 -0.9553872E+00  0.1151313E+01 -0.8063528E+00  0.4298347E+00  0.1062112E+01  0.1634868E+01  0.1103520E+01  0.1464568E+01  0.7604064E+00  0.1412158E+01  0.7909734E+00  0.1835443E+01  0.5376063E+00  0.1915113E+01  0.1224577E+01 -0.2168811E+00
 0.9000000E+00 -0.1505764E+00  0.1456119E+01  0.6082444E+00  0.1445072E+01 -0.9549089E+00  0.1156993E+01 -0.8055064E+00  0.4337338E+00  0.1067573E+01  0.1641743E+01  0.1109083E+01  0.1471022E+01  0.7651219E+00  0.1418483E+01  0.7957644E+00  0.1842814E+01  0.5417716E+00  0.1922680E+01  0.1230438E+01 -0.2145791E+00
 0.9050000E+00 -0.1481246E+00  0.1462541E+01  0.6125713E+00  0.1451467E+01 -0.9544446E+00  0.1162676E+01 -0.8046730E+00  0.4376295E+00  0.1073035E+01  0.1648624E+01  0.1114647E+01  0.1477481E+01  0.7698365E+00  0.1424812E+01  0.8005547E+00  0.1850191E+01  0.5459342E+00  0.1930255E+01  0.1236303E+01 -0.2122854E+00
 0.9100000E+00 -0.1456805E+00  0.1468968E+01  0.6168962E+00  0.1457866E+01 -0.9539942E+00  0.1168361E+01 -0.8038523E+00  0.4415219E+00  0.1078498E+01  0.1655511E+01  0.1120214E+01  0.1483945E+01  0.7745502E+00  0.1431145E+01  0.8053444E+00  0.1857576E+01  0.5500944E+00  0.1937838E+01  0.1242170E+01 -0.2100000E+00
 0.9150000E+00 -0.1432442E+00  0.1475399E+01  0.6212190E+00  0.1464270E+01 -0.9535576E+00  0.1174048E+01 -0.8030442E+00  0.4454108E+00  0.1083963E+01  0.1662403E+01  0.1125782E+01  0.1490413E+01  0.7792630E+00  0.1437482E+01  0.8101335E+00  0.1864968E+01  0.5542519E+00  0.1945429E+01  0.1248040E+01 -0.2077228E+00
 0.9200000E+00 -0.1408156E+00  0.1481834E+01  0.6255399E+00  0.1470677E+01 -0.9531347E+00  0.1179738E+01 -0.8022487E+00  0.4492965E+00  0.1089429E+01  0.1669301E+01  0.1131351E+01  0.1496885E+01  0.7839750E+00  0.1443823E+01  0.8149219E+00  0.1872368E+01  0.5584070E+00  0.1953028E+01  0.1253912E+01 -0.2054538E+00
 0.9250000E+00 -0.1383946E+00  0.1488273E+01  0.6298587E+00  0.1477089E+01 -0.9527253E+00  0.1185429E+01 -0.8014657E+00  0.4531788E+00  0.1094897E+01  0.1676205E+01  0.1136923E+01  0.1503361E+01  0.7886862E+00  0.1450168E+01  0.8197097E+00  0.1879774E+01  0.5625596E+00  0.1960634E+01  0.1259787E+01 -0.2031929E+00
 0.9300000E+00 -0.1359812E+00  0.1494717E+01  0.6341754E+00  0.1483505E+01 -0.9523294E+00  0.1191122E+01 -0.8006951E+00  0.4570579E+00  0.1100366E+01  0.1683114E+01  0.1142496E+01  0.1509842E+01  0.7933965E+00  0.1456518E+01  0.8244968E+00  0.1887188E+01  0.5667096E+00  0.1968248E+01  0.1265664E+01 -0.2009400E+00
 0.9350000E+00 -0.1335753E+00  0.1501164E+01  0.6384903E+00  0.1489925E+01 -0.9519469E+00  0.1196817E+01 -0.7999367E+00  0.4609337E+00  0.1105836E+01  0.1690028E+01  0.1148070E+01  0.1516328E+01  0.7981059E+00  0.1462871E+01  0.8292834E+00  0.1894608E+01  0.5708572E+00  0.1975869E+01  0.1271544E+01 -0.1986951E+00
 0.9400000E+00 -0.1311768E+00  0.1507616E+01  0.6428031E+00  0.1496349E+01 -0.9515777E+00  0.1202515E+01 -0.7991906E+00  0.4648063E+00  0.1111308E+01  0.1696949E+01  0.1153647E+01  0.1522817E+01  0.8028146E+00  0.1469228E+01  0.8340693E+00  0.1902036E+01  0.5750023E+00  0.1983498E+01  0.1277427E+01 -0.1964581E+00
 0.9450000E+00 -0.1287858E+00  0.1514072E+01  0.6471140E+00  0.1502777E+01 -0.9512216E+00  0.1208214E+01 -0.7984565E+00  0.4686757E+00  0.1116781E+01  0.1703874E+01  0.1159225E+01  0.1529311E+01  0.8075224E+00  0.1475588E+01  0.8388546E+00  0.1909470E+01  0.5791451E+00  0.1991134E+01  0.1283312E+01 -0.1942290E+00
 0.9500000E+00 -0.1264021E+00  0.1520532E+01  0.6514229E+00  0.1509209E+01 -0.9508787E+00  0.1213915E+01 -0.7977345E+00  0.4725419E+00  0.1122255E+01  0.1710805E+01  0.1164805E+01  0.1535809E+01  0.8122293E+00  0.1481953E+01  0.8436393E+00  0.1916911E+01  0.5832853E+00  0.1998778E+01  0.1289199E+01 -0.1920077E+00
 0.9550000E+00 -0.1240257E+00  0.1526997E+01  0.6557300E+00  0.1515645E+01 -0.9505487E+00  0.1219618E+01 -0.7970244E+00  0.4764049E+00  0.1127731E+01  0.1717742E+01  0.1170386E+01  0.1542311E+01  0.8169355E+00  0.1488322E+01  0.8484234E+00  0.1924359E+01  0.5874232E+00  0.2006430E+01  0.1295089E+01 -0.1897942E+00
 0.9600000E+00 -0.1216566E+00  0.1533465E+01  0.6600351E+00  0.1522085E+01 -0.9502316E+00  0.1225323E+01 -0.7963261E+00  0.4802648E+00  0.1133208E+01  0.1724684E+01  0.1175969E+01  0.1548817E+01  0.8216408E+00  0.1494694E+01  0.8532069E+00  0.1931814E+01  0.5915588E+00  0.2014088E+01  0.1300982E+01 -0.1875883E+00
 0.9650000E+00 -0.1192946E+00  0.1539937E+01  0.6643383E+00  0.1528529E+01 -0.9499273E+00  0.1231030E+01 -0.7956396E+00  0.4841215E+00  0.1138686E+01  0.1731631E+01  0.1181553E+01  0.1555328E+01  0.8263454E+00  0.1501070E+01  0.8579899E+00  0.1939276E+01  0.5956919E+00  0.2021754E+01  0.1306877E+01 -0.1853901E+00
 0.9700000E+00 -0.1169398E+00  0.1546413E+01  0.6686396E+00  0.1534977E+01 -0.9496357E+00  0.1236739E+01 -0.7949648E+00  0.4879752E+00  0.1144166E+01  0.1738583E+01  0.1187139E+01  0.1561842E+01  0.8310491E+00  0.1507450E+01  0.8627722E+00  0.1946744E+01  0.5998227E+00  0.2029427E+01  0.1312774E+01 -0.1831994E+00
 0.9750000E+00 -0.1145920E+00  0.1552894E+01  0.6729390E+00  0.1541429E+01 -0.9493567E+00  0.1242450E+01 -0.7943015E+00  0.4918258E+00  0.1149646E+01  0.1745541E+01  0.1192727E+01  0.1568361E+01  0.8357520E+00  0.1513833E+01  0.8675540E+00  0.1954219E+01  0.6039512E+00  0.2037107E+01  0.1318674E+01 -0.1810163E+00
 0.9800000E+00 -0.1122513E+00  0.1559378E+01  0.6772366E+00  0.1547884E+01 -0.9490902E+00  0.1248163E+01 -0.7936498E+00  0.4956734E+00  0.1155129E+01  0.1752504E+01  0.1198316E+01  0.1574883E+01  0.8404542E+00  0.1520220E+01  0.8723351E+00  0.1961700E+01  0.6080774E+00  0.2044795E+01  0.1324576E+01 -0.1788406E+00
 0.9850000E+00 -0.1099175E+00  0.1565866E+01  0.6815324E+00  0.1554344E+01 -0.9488362E+00  0.1253877E+01 -0.7930094E+00  0.4995179E+00  0.1160612E+01  0.1759472E+01  0.1203907E+01  0.1581410E+01  0.8451556E+00  0.1526611E+01  0.8771157E+00  0.1969188E+01  0.6122013E+00  0.2052489E+01  0.1330481E+01 -0.1766723E+00
 0.9900000E+00 -0.1075907E+00  0.1572358E+01  0.6858263E+00  0.1560807E+01 -0.9485944E+00  0.1259594E+01 -0.7923804E+00  0.5033594E+00  0.1166097E+01  0.1766445E+01  0.1209499E+01  0.1587940E+01  0.8498562E+00  0.1533005E+01  0.8818958E+00  0.1976682E+01  0.6163229E+00  0.2060190E+01  0.1336387E+01 -0.1745114E+00
 0.9950000E+00 -0.1052708E+00  0.1578853E+01  0.6901184E+00  0.1567274E+01 -0.9483649E+00  0.1265312E+01 -0.7917626E+00  0.5071980E+00  0.1171583E+01  0.1773423E+01  0.1215093E+01  0.1594475E+01  0.8545560E+00  0.1539403E+01  0.8866753E+00  0.1984183E+01  0.6204422E+00  0.2067899E+01  0.1342297E+01 -0.1723578E+00
 0.1000000E+01 -0.1029576E+00  0.1585353E+01  0.6944087E+00  0.1573745E+01 -0.9481476E+00  0.1271032E+01 -0.7911559E+00  0.5110336E+00  0.1177070E+01  0.1780406E+01  0.1220688E+01  0.1601013E+01  0.8592551E+00  0.1545804E+01  0.8914542E+00  0.1991690E+01  0.6245593E+00  0.2075614E+01  0.1348208E+01 -0.1702115E+00
