 0.5000000E-02  0.3234425E+01 -0.1538082E+00  0.1634208E+01 -0.1305123E+00  0.4930618E+01  0.4769947E+00  0.4615555E+01  0.2002220E+01  0.6655664E+00 -0.5452563E+00  0.5780296E+00 -0.1852363E+00  0.6922364-309  0.5582942-321  0.1000206E+01  0.9998195E+00  0.1000024E+01  0.9998221E+00  0.1000400E+01  0.9998915E+00
 0.1000000E-01  0.3239427E+01 -0.1488096E+00  0.1639208E+01 -0.1255137E+00  0.4935621E+01  0.4819939E+00  0.4620558E+01  0.2007220E+01  0.6705658E+00 -0.5402580E+00  0.5830289E+00 -0.1802377E+00  0.6922364-309  0.5582942-321  0.1000413E+01  0.9996389E+00  0.1000047E+01  0.9996443E+00  0.1000800E+01  0.9997830E+00
 0.1500000E-01  0.3244429E+01 -0.1438118E+00  0.1644209E+01 -0.1205159E+00  0.4940626E+01  0.4869926E+00  0.4625563E+01  0.2012221E+01  0.6755647E+00 -0.5352608E+00  0.5880277E+00 -0.1752400E+00  0.6922364-309  0.5582942-321  0.1000619E+01  0.9994584E+00  0.1000071E+01  0.9994664E+00  0.1001200E+01  0.9996745E+00
 0.2000000E-01  0.3249433E+01 -0.1388150E+00  0.1649209E+01 -0.1155190E+00  0.4945633E+01  0.4919907E+00  0.4630569E+01  0.2017222E+01  0.6805632E+00 -0.5302648E+00  0.5930260E+00 -0.1702432E+00  0.6922364-309  0.5582942-321  0.1000826E+01  0.9992779E+00  0.1000095E+01  0.9992885E+00  0.1001601E+01  0.9995661E+00
 0.2500000E-01  0.3254438E+01 -0.1338190E+00  0.1654210E+01 -0.1105230E+00  0.4950642E+01  0.4969882E+00  0.4635577E+01  0.2022224E+01  0.6855612E+00 -0.5252699E+00  0.5980238E+00 -0.1652474E+00  0.6922364-309  0.5582942-321  0.1001032E+01  0.9990974E+00  0.1000118E+01  0.9991107E+00  0.1002001E+01  0.9994576E+00
 0.3000000E-01  0.3259443E+01 -0.1288240E+00  0.1659210E+01 -0.1055279E+00  0.4955653E+01  0.5019852E+00  0.4640587E+01  0.2027225E+01  0.6905588E+00 -0.5202760E+00  0.6030212E+00 -0.1602524E+00  0.6922364-309  0.5582942-321  0.1001239E+01  0.9989168E+00  0.1000142E+01  0.9989328E+00  0.1002401E+01  0.9993491E+00
 0.3500000E-01  0.3264450E+01 -0.1238299E+00  0.1664211E+01 -0.1005337E+00  0.4960666E+01  0.5069817E+00  0.4645599E+01  0.2032227E+01  0.6955560E+00 -0.5152834E+00  0.6080180E+00 -0.1552584E+00  0.6922364-309  0.5582942-321  0.1001445E+01  0.9987363E+00  0.1000166E+01  0.9987549E+00  0.1002801E+01  0.9992406E+00
 0.4000000E-01  0.3269458E+01 -0.1188366E+00  0.1669212E+01 -0.9554033E-01  0.4965681E+01  0.5119776E+00  0.4650613E+01  0.2037230E+01  0.7005527E+00 -0.5102918E+00  0.6130144E+00 -0.1502653E+00  0.6922364-309  0.5582942-321  0.1001651E+01  0.9985558E+00  0.1000189E+01  0.9985771E+00  0.1003201E+01  0.9991321E+00
 0.4500000E-01  0.3274467E+01 -0.1138443E+00  0.1674213E+01 -0.9054789E-01  0.4970698E+01  0.5169730E+00  0.4655628E+01  0.2042233E+01  0.7055491E+00 -0.5053014E+00  0.6180102E+00 -0.1452731E+00  0.6922364-309  0.5582942-321  0.1001858E+01  0.9983753E+00  0.1000213E+01  0.9983992E+00  0.1003601E+01  0.9990236E+00
 0.5000000E-01  0.3279476E+01 -0.1088529E+00  0.1679214E+01 -0.8555634E-01  0.4975717E+01  0.5219679E+00  0.4660645E+01  0.2047236E+01  0.7105449E+00 -0.5003121E+00  0.6230056E+00 -0.1402819E+00  0.6922364-309  0.5582942-321  0.1002064E+01  0.9981948E+00  0.1000237E+01  0.9982214E+00  0.1004001E+01  0.9989152E+00
 0.5500000E-01  0.3284487E+01 -0.1038624E+00  0.1684215E+01 -0.8056568E-01  0.4980739E+01  0.5269622E+00  0.4665665E+01  0.2052239E+01  0.7155404E+00 -0.4953239E+00  0.6280005E+00 -0.1352915E+00  0.6922364-309  0.5582942-321  0.1002271E+01  0.9980142E+00  0.1000260E+01  0.9980435E+00  0.1004402E+01  0.9988067E+00
 0.6000000E-01  0.3289499E+01 -0.9887274E-01  0.1689217E+01 -0.7557591E-01  0.4985762E+01  0.5319559E+00  0.4670686E+01  0.2057243E+01  0.7205354E+00 -0.4903369E+00  0.6329950E+00 -0.1303021E+00  0.6922364-309  0.5582942-321  0.1002477E+01  0.9978337E+00  0.1000284E+01  0.9978657E+00  0.1004802E+01  0.9986982E+00
 0.6500000E-01  0.3294512E+01 -0.9388403E-01  0.1694218E+01 -0.7058702E-01  0.4990787E+01  0.5369492E+00  0.4675708E+01  0.2062247E+01  0.7255299E+00 -0.4853509E+00  0.6379889E+00 -0.1253136E+00  0.6922364-309  0.5582942-321  0.1002684E+01  0.9976532E+00  0.1000308E+01  0.9976878E+00  0.1005202E+01  0.9985897E+00
 0.7000000E-01  0.3299526E+01 -0.8889621E-01  0.1699220E+01 -0.6559903E-01  0.4995814E+01  0.5419418E+00  0.4680733E+01  0.2067252E+01  0.7305241E+00 -0.4803661E+00  0.6429824E+00 -0.1203261E+00  0.6922364-309  0.5582942-321  0.1002890E+01  0.9974727E+00  0.1000331E+01  0.9975100E+00  0.1005602E+01  0.9984813E+00
 0.7500000E-01  0.3304541E+01 -0.8390930E-01  0.1704221E+01 -0.6061192E-01  0.5000843E+01  0.5469340E+00  0.4685759E+01  0.2072256E+01  0.7355177E+00 -0.4753825E+00  0.6479753E+00 -0.1153394E+00  0.6922364-309  0.5582942-321  0.1003096E+01  0.9972922E+00  0.1000355E+01  0.9973321E+00  0.1006002E+01  0.9983728E+00
 0.8000000E-01  0.3309557E+01 -0.7892329E-01  0.1709223E+01 -0.5562571E-01  0.5005874E+01  0.5519256E+00  0.4690788E+01  0.2077261E+01  0.7405110E+00 -0.4703999E+00  0.6529678E+00 -0.1103537E+00  0.6922364-309  0.5582942-321  0.1003303E+01  0.9971117E+00  0.1000379E+01  0.9971543E+00  0.1006402E+01  0.9982643E+00
 0.8500000E-01  0.3314574E+01 -0.7393818E-01  0.1714225E+01 -0.5064038E-01  0.5010907E+01  0.5569166E+00  0.4695818E+01  0.2082267E+01  0.7455038E+00 -0.4654185E+00  0.6579598E+00 -0.1053689E+00  0.6922364-309  0.5582942-321  0.1003509E+01  0.9969312E+00  0.1000402E+01  0.9969765E+00  0.1006802E+01  0.9981559E+00
 0.9000000E-01  0.3319592E+01 -0.6895398E-01  0.1719227E+01 -0.4565594E-01  0.5015942E+01  0.5619071E+00  0.4700849E+01  0.2087273E+01  0.7504962E+00 -0.4604382E+00  0.6629514E+00 -0.1003850E+00  0.6922364-309  0.5582942-321  0.1003715E+01  0.9967508E+00  0.1000426E+01  0.9967987E+00  0.1007202E+01  0.9980474E+00
 0.9500000E-01  0.3324611E+01 -0.6397067E-01  0.1724229E+01 -0.4067239E-01  0.5020979E+01  0.5668971E+00  0.4705883E+01  0.2092279E+01  0.7554882E+00 -0.4554590E+00  0.6679424E+00 -0.9540201E-01  0.6922364-309  0.5582942-321  0.1003922E+01  0.9965703E+00  0.1000450E+01  0.9966208E+00  0.1007602E+01  0.9979390E+00
 0.1000000E+00  0.3329631E+01 -0.5898827E-01  0.1729232E+01 -0.3568973E-01  0.5026018E+01  0.5718865E+00  0.4710919E+01  0.2097285E+01  0.7604797E+00 -0.4504810E+00  0.6729329E+00 -0.9041996E-01  0.6922364-309  0.5582942-321  0.1004128E+01  0.9963898E+00  0.1000473E+01  0.9964430E+00  0.1008002E+01  0.9978305E+00
 0.1050000E+00  0.3334652E+01 -0.5400678E-01  0.1734234E+01 -0.3070796E-01  0.5031059E+01  0.5768754E+00  0.4715956E+01  0.2102292E+01  0.7654708E+00 -0.4455041E+00  0.6779230E+00 -0.8543883E-01  0.6922364-309  0.5582942-321  0.1004335E+01  0.9962094E+00  0.1000497E+01  0.9962652E+00  0.1008402E+01  0.9977221E+00
 0.1100000E+00  0.3339674E+01 -0.4902618E-01  0.1739237E+01 -0.2572708E-01  0.5036102E+01  0.5818637E+00  0.4720995E+01  0.2107299E+01  0.7704615E+00 -0.4405283E+00  0.6829126E+00 -0.8045862E-01  0.6922364-309  0.5582942-321  0.1004541E+01  0.9960289E+00  0.1000521E+01  0.9960874E+00  0.1008802E+01  0.9976136E+00
 0.1150000E+00  0.3344698E+01 -0.4404649E-01  0.1744239E+01 -0.2074709E-01  0.5041147E+01  0.5868515E+00  0.4726036E+01  0.2112306E+01  0.7754517E+00 -0.4355536E+00  0.6879017E+00 -0.7547933E-01  0.6922364-309  0.5582942-321  0.1004747E+01  0.9958484E+00  0.1000544E+01  0.9959096E+00  0.1009202E+01  0.9975052E+00
 0.1200000E+00  0.3349722E+01 -0.3906770E-01  0.1749242E+01 -0.1576799E-01  0.5046194E+01  0.5918388E+00  0.4731079E+01  0.2117314E+01  0.7804415E+00 -0.4305801E+00  0.6928903E+00 -0.7050096E-01  0.6922364-309  0.5582942-321  0.1004954E+01  0.9956680E+00  0.1000568E+01  0.9957318E+00  0.1009602E+01  0.9973967E+00
 0.1250000E+00  0.3354747E+01 -0.3408981E-01  0.1754245E+01 -0.1078977E-01  0.5051243E+01  0.5968255E+00  0.4736123E+01  0.2122322E+01  0.7854308E+00 -0.4256077E+00  0.6978784E+00 -0.6552351E-01  0.6922364-309  0.5582942-321  0.1005160E+01  0.9954876E+00  0.1000592E+01  0.9955541E+00  0.1010002E+01  0.9972883E+00
 0.1300000E+00  0.3359774E+01 -0.2911282E-01  0.1759248E+01 -0.5812445E-02  0.5056294E+01  0.6018117E+00  0.4741170E+01  0.2127330E+01  0.7904197E+00 -0.4206364E+00  0.7028660E+00 -0.6054698E-01  0.6922364-309  0.5582942-321  0.1005366E+01  0.9953071E+00  0.1000615E+01  0.9953763E+00  0.1010402E+01  0.9971799E+00
 0.1350000E+00  0.3364801E+01 -0.2413674E-01  0.1764251E+01 -0.8360080E-03  0.5061347E+01  0.6067973E+00  0.4746218E+01  0.2132339E+01  0.7954082E+00 -0.4156662E+00  0.7078532E+00 -0.5557138E-01  0.6922364-309  0.5582942-321  0.1005573E+01  0.9951267E+00  0.1000639E+01  0.9951985E+00  0.1010802E+01  0.9970715E+00
 0.1400000E+00  0.3369829E+01 -0.1916155E-01  0.1769254E+01  0.4139540E-02  0.5066402E+01  0.6117824E+00  0.4751268E+01  0.2137348E+01  0.8003963E+00 -0.4106972E+00  0.7128399E+00 -0.5059669E-01  0.6922364-309  0.5582942-321  0.1005779E+01  0.9949463E+00  0.1000663E+01  0.9950208E+00  0.1011202E+01  0.9969630E+00
 0.1450000E+00  0.3374859E+01 -0.1418727E-01  0.1774258E+01  0.9114200E-02  0.5071459E+01  0.6167669E+00  0.4756320E+01  0.2142358E+01  0.8053839E+00 -0.4057293E+00  0.7178261E+00 -0.4562292E-01  0.6922364-309  0.5582942-321  0.1005985E+01  0.9947659E+00  0.1000686E+01  0.9948430E+00  0.1011602E+01  0.9968546E+00
 0.1500000E+00  0.3379889E+01 -0.9213894E-02  0.1779261E+01  0.1408797E-01  0.5076518E+01  0.6217509E+00  0.4761374E+01  0.2147367E+01  0.8103710E+00 -0.4007625E+00  0.7228118E+00 -0.4065007E-01  0.6922364-309  0.5582942-321  0.1006191E+01  0.9945855E+00  0.1000710E+01  0.9946653E+00  0.1012002E+01  0.9967462E+00
 0.1550000E+00  0.3384921E+01 -0.4241418E-02  0.1784265E+01  0.1906085E-01  0.5081579E+01  0.6267344E+00  0.4766429E+01  0.2152377E+01  0.8153578E+00 -0.3957968E+00  0.7277970E+00 -0.3567814E-01  0.6922364-309  0.5582942-321  0.1006398E+01  0.9944051E+00  0.1000734E+01  0.9944876E+00  0.1012401E+01  0.9966378E+00
 0.1600000E+00  0.3389953E+01  0.7301568E-03  0.1789269E+01  0.2403285E-01  0.5086642E+01  0.6317173E+00  0.4771487E+01  0.2157388E+01  0.8203441E+00 -0.3908323E+00  0.7327817E+00 -0.3070713E-01  0.6922364-309  0.5582942-321  0.1006604E+01  0.9942247E+00  0.1000757E+01  0.9943099E+00  0.1012801E+01  0.9965294E+00
 0.1650000E+00  0.3394987E+01  0.5700830E-02  0.1794272E+01  0.2900395E-01  0.5091707E+01  0.6366997E+00  0.4776546E+01  0.2162398E+01  0.8253300E+00 -0.3858689E+00  0.7377660E+00 -0.2573704E-01  0.6922364-309  0.5582942-321  0.1006810E+01  0.9940444E+00  0.1000781E+01  0.9941321E+00  0.1013201E+01  0.9964210E+00
 0.1700000E+00  0.3400021E+01  0.1067060E-01  0.1799276E+01  0.3397417E-01  0.5096774E+01  0.6416815E+00  0.4781607E+01  0.2167409E+01  0.8303154E+00 -0.3809066E+00  0.7427497E+00 -0.2076787E-01  0.6922364-309  0.5582942-321  0.1007016E+01  0.9938640E+00  0.1000805E+01  0.9939544E+00  0.1013601E+01  0.9963127E+00
 0.1750000E+00  0.3405057E+01  0.1563947E-01  0.1804281E+01  0.3894350E-01  0.5101843E+01  0.6466628E+00  0.4786670E+01  0.2172421E+01  0.8353004E+00 -0.3759454E+00  0.7477330E+00 -0.1579962E-01  0.6922364-309  0.5582942-321  0.1007223E+01  0.9936837E+00  0.1000828E+01  0.9937768E+00  0.1014000E+01  0.9962043E+00
 0.1800000E+00  0.3410093E+01  0.2060744E-01  0.1809285E+01  0.4391194E-01  0.5106914E+01  0.6516436E+00  0.4791734E+01  0.2177432E+01  0.8402850E+00 -0.3709854E+00  0.7527158E+00 -0.1083229E-01  0.6922364-309  0.5582942-321  0.1007429E+01  0.9935033E+00  0.1000852E+01  0.9935991E+00  0.1014400E+01  0.9960959E+00
 0.1850000E+00  0.3415131E+01  0.2557450E-01  0.1814289E+01  0.4887949E-01  0.5111987E+01  0.6566238E+00  0.4796801E+01  0.2182444E+01  0.8452691E+00 -0.3660265E+00  0.7576981E+00 -0.5865878E-02  0.6922364-309  0.5582942-321  0.1007635E+01  0.9933230E+00  0.1000876E+01  0.9934214E+00  0.1014800E+01  0.9959876E+00
 0.1900000E+00  0.3420170E+01  0.3054067E-01  0.1819293E+01  0.5384615E-01  0.5117062E+01  0.6616034E+00  0.4801869E+01  0.2187457E+01  0.8502528E+00 -0.3610687E+00  0.7626800E+00 -0.9003862E-03  0.6922364-309  0.5582942-321  0.1007841E+01  0.9931427E+00  0.1000899E+01  0.9932438E+00  0.1015200E+01  0.9958792E+00
 0.1950000E+00  0.3425210E+01  0.3550593E-01  0.1824298E+01  0.5881192E-01  0.5122139E+01  0.6665826E+00  0.4806939E+01  0.2192469E+01  0.8552361E+00 -0.3561121E+00  0.7676613E+00  0.4064186E-02  0.6922364-309  0.5582942-321  0.1008047E+01  0.9929624E+00  0.1000923E+01  0.9930661E+00  0.1015599E+01  0.9957708E+00
 0.2000000E+00  0.3430250E+01  0.4047029E-01  0.1829303E+01  0.6377681E-01  0.5127218E+01  0.6715611E+00  0.4812011E+01  0.2197482E+01  0.8602189E+00 -0.3511565E+00  0.7726422E+00  0.9027839E-02  0.6922364-309  0.5582942-321  0.1008254E+01  0.9927821E+00  0.1000947E+01  0.9928885E+00  0.1015999E+01  0.9956625E+00
 0.2050000E+00  0.3435292E+01  0.4543375E-01  0.1834308E+01  0.6874081E-01  0.5132299E+01  0.6765392E+00  0.4817085E+01  0.2202496E+01  0.8652013E+00 -0.3462021E+00  0.7776225E+00  0.1399057E-01  0.6922364-309  0.5582942-321  0.1008460E+01  0.9926018E+00  0.1000970E+01  0.9927109E+00  0.1016398E+01  0.9955542E+00
 0.2100000E+00  0.3440335E+01  0.5039631E-01  0.1839312E+01  0.7370392E-01  0.5137382E+01  0.6815167E+00  0.4822160E+01  0.2207509E+01  0.8701833E+00 -0.3412488E+00  0.7826024E+00  0.1895239E-01  0.6922364-309  0.5582942-321  0.1008666E+01  0.9924216E+00  0.1000994E+01  0.9925333E+00  0.1016798E+01  0.9954458E+00
 0.2150000E+00  0.3445379E+01  0.5535797E-01  0.1844317E+01  0.7866614E-01  0.5142467E+01  0.6864936E+00  0.4827237E+01  0.2212523E+01  0.8751648E+00 -0.3362967E+00  0.7875819E+00  0.2391328E-01  0.6922364-309  0.5582942-321  0.1008872E+01  0.9922413E+00  0.1001018E+01  0.9923557E+00  0.1017198E+01  0.9953375E+00
 0.2200000E+00  0.3450424E+01  0.6031872E-01  0.1849323E+01  0.8362748E-01  0.5147554E+01  0.6914701E+00  0.4832317E+01  0.2217537E+01  0.8801459E+00 -0.3313456E+00  0.7925608E+00  0.2887326E-01  0.6922364-309  0.5582942-321  0.1009078E+01  0.9920611E+00  0.1001041E+01  0.9921781E+00  0.1017597E+01  0.9952292E+00
 0.2250000E+00  0.3455469E+01  0.6527858E-01  0.1854328E+01  0.8858792E-01  0.5152643E+01  0.6964459E+00  0.4837398E+01  0.2222552E+01  0.8851266E+00 -0.3263957E+00  0.7975392E+00  0.3383231E-01  0.6922364-309  0.5582942-321  0.1009284E+01  0.9918809E+00  0.1001065E+01  0.9920005E+00  0.1017996E+01  0.9951209E+00
 0.2300000E+00  0.3460516E+01  0.7023753E-01  0.1859333E+01  0.9354748E-01  0.5157734E+01  0.7014213E+00  0.4842480E+01  0.2227567E+01  0.8901068E+00 -0.3214469E+00  0.8025172E+00  0.3879045E-01  0.6922364-309  0.5582942-321  0.1009490E+01  0.9917006E+00  0.1001088E+01  0.9918230E+00  0.1018396E+01  0.9950126E+00
 0.2350000E+00  0.3465564E+01  0.7519558E-01  0.1864339E+01  0.9850615E-01  0.5162827E+01  0.7063961E+00  0.4847565E+01  0.2232582E+01  0.8950866E+00 -0.3164993E+00  0.8074946E+00  0.4374767E-01  0.6922364-309  0.5582942-321  0.1009696E+01  0.9915205E+00  0.1001112E+01  0.9916454E+00  0.1018795E+01  0.9949043E+00
 0.2400000E+00  0.3470613E+01  0.8015274E-01  0.1869344E+01  0.1034639E+00  0.5167922E+01  0.7113703E+00  0.4852651E+01  0.2237598E+01  0.9000660E+00 -0.3115527E+00  0.8124716E+00  0.4870397E-01  0.6922364-309  0.5582942-321  0.1009902E+01  0.9913403E+00  0.1001136E+01  0.9914679E+00  0.1019195E+01  0.9947961E+00
 0.2450000E+00  0.3475663E+01  0.8510899E-01  0.1874350E+01  0.1084208E+00  0.5173019E+01  0.7163440E+00  0.4857740E+01  0.2242614E+01  0.9050449E+00 -0.3066073E+00  0.8174481E+00  0.5365935E-01  0.6922364-309  0.5582942-321  0.1010108E+01  0.9911601E+00  0.1001159E+01  0.9912904E+00  0.1019594E+01  0.9946878E+00
 0.2500000E+00  0.3480714E+01  0.9006434E-01  0.1879356E+01  0.1133768E+00  0.5178118E+01  0.7213172E+00  0.4862830E+01  0.2247630E+01  0.9100234E+00 -0.3016630E+00  0.8224242E+00  0.5861381E-01  0.6922364-309  0.5582942-321  0.1010314E+01  0.9909800E+00  0.1001183E+01  0.9911129E+00  0.1019993E+01  0.9945795E+00
 0.2550000E+00  0.3485767E+01  0.9501879E-01  0.1884362E+01  0.1183320E+00  0.5183218E+01  0.7262898E+00  0.4867922E+01  0.2252647E+01  0.9150015E+00 -0.2967198E+00  0.8273997E+00  0.6356736E-01  0.6922364-309  0.5582942-321  0.1010520E+01  0.9907998E+00  0.1001207E+01  0.9909354E+00  0.1020393E+01  0.9944713E+00
 0.2600000E+00  0.3490820E+01  0.9997234E-01  0.1889368E+01  0.1232862E+00  0.5188321E+01  0.7312619E+00  0.4873015E+01  0.2257663E+01  0.9199791E+00 -0.2917778E+00  0.8323748E+00  0.6851998E-01  0.6922364-309  0.5582942-321  0.1010726E+01  0.9906197E+00  0.1001230E+01  0.9907579E+00  0.1020792E+01  0.9943630E+00
 0.2650000E+00  0.3495874E+01  0.1049250E+00  0.1894374E+01  0.1282395E+00  0.5193426E+01  0.7362335E+00  0.4878111E+01  0.2262681E+01  0.9249563E+00 -0.2868369E+00  0.8373493E+00  0.7347169E-01  0.6922364-309  0.5582942-321  0.1010932E+01  0.9904396E+00  0.1001254E+01  0.9905805E+00  0.1021191E+01  0.9942548E+00
 0.2700000E+00  0.3500929E+01  0.1098767E+00  0.1899381E+01  0.1331920E+00  0.5198533E+01  0.7412045E+00  0.4883208E+01  0.2267698E+01  0.9299331E+00 -0.2818971E+00  0.8423234E+00  0.7842248E-01  0.6922364-309  0.5582942-321  0.1011138E+01  0.9902595E+00  0.1001277E+01  0.9904031E+00  0.1021590E+01  0.9941466E+00
 0.2750000E+00  0.3505985E+01  0.1148276E+00  0.1904387E+01  0.1381436E+00  0.5203642E+01  0.7461749E+00  0.4888307E+01  0.2272716E+01  0.9349094E+00 -0.2769584E+00  0.8472970E+00  0.8337235E-01  0.6922364-309  0.5582942-321  0.1011344E+01  0.9900794E+00  0.1001301E+01  0.9902256E+00  0.1021989E+01  0.9940384E+00
 0.2800000E+00  0.3511042E+01  0.1197775E+00  0.1909394E+01  0.1430943E+00  0.5208753E+01  0.7511448E+00  0.4893408E+01  0.2277734E+01  0.9398853E+00 -0.2720208E+00  0.8522701E+00  0.8832130E-01  0.6922364-309  0.5582942-321  0.1011550E+01  0.9898994E+00  0.1001325E+01  0.9900482E+00  0.1022389E+01  0.9939302E+00
 0.2850000E+00  0.3516101E+01  0.1247266E+00  0.1914400E+01  0.1480441E+00  0.5213866E+01  0.7561142E+00  0.4898511E+01  0.2282753E+01  0.9448607E+00 -0.2670844E+00  0.8572428E+00  0.9326933E-01  0.6922364-309  0.5582942-321  0.1011756E+01  0.9897193E+00  0.1001348E+01  0.9898709E+00  0.1022788E+01  0.9938220E+00
 0.2900000E+00  0.3521160E+01  0.1296747E+00  0.1919407E+01  0.1529930E+00  0.5218981E+01  0.7610831E+00  0.4903616E+01  0.2287772E+01  0.9498358E+00 -0.2621491E+00  0.8622149E+00  0.9821645E-01  0.6922364-309  0.5582942-321  0.1011962E+01  0.9895393E+00  0.1001372E+01  0.9896935E+00  0.1023187E+01  0.9937138E+00
 0.2950000E+00  0.3526220E+01  0.1346220E+00  0.1924414E+01  0.1579410E+00  0.5224098E+01  0.7660514E+00  0.4908722E+01  0.2292791E+01  0.9548103E+00 -0.2572149E+00  0.8671866E+00  0.1031626E+00  0.6922364-309  0.5582942-321  0.1012168E+01  0.9893593E+00  0.1001396E+01  0.9895161E+00  0.1023586E+01  0.9936056E+00
 0.3000000E+00  0.3531282E+01  0.1395683E+00  0.1929421E+01  0.1628881E+00  0.5229217E+01  0.7710191E+00  0.4913830E+01  0.2297810E+01  0.9597845E+00 -0.2522819E+00  0.8721578E+00  0.1081079E+00  0.6922364-309  0.5582942-321  0.1012373E+01  0.9891793E+00  0.1001419E+01  0.9893388E+00  0.1023985E+01  0.9934975E+00
 0.3050000E+00  0.3536344E+01  0.1445138E+00  0.1934428E+01  0.1678344E+00  0.5234338E+01  0.7759863E+00  0.4918940E+01  0.2302830E+01  0.9647582E+00 -0.2473499E+00  0.8771285E+00  0.1130523E+00  0.6922364-309  0.5582942-321  0.1012579E+01  0.9889994E+00  0.1001443E+01  0.9891615E+00  0.1024383E+01  0.9933893E+00
 0.3100000E+00  0.3541407E+01  0.1494583E+00  0.1939435E+01  0.1727797E+00  0.5239461E+01  0.7809530E+00  0.4924052E+01  0.2307851E+01  0.9697315E+00 -0.2424191E+00  0.8820987E+00  0.1179957E+00  0.6922364-309  0.5582942-321  0.1012785E+01  0.9888194E+00  0.1001466E+01  0.9889842E+00  0.1024782E+01  0.9932812E+00
 0.3150000E+00  0.3546472E+01  0.1544020E+00  0.1944443E+01  0.1777242E+00  0.5244586E+01  0.7859191E+00  0.4929166E+01  0.2312871E+01  0.9747044E+00 -0.2374894E+00  0.8870685E+00  0.1229383E+00  0.6922364-309  0.5582942-321  0.1012991E+01  0.9886395E+00  0.1001490E+01  0.9888069E+00  0.1025181E+01  0.9931731E+00
 0.3200000E+00  0.3551537E+01  0.1593447E+00  0.1949450E+01  0.1826678E+00  0.5249713E+01  0.7908847E+00  0.4934281E+01  0.2317892E+01  0.9796768E+00 -0.2325608E+00  0.8920377E+00  0.1278799E+00  0.6922364-309  0.5582942-321  0.1013196E+01  0.9884596E+00  0.1001514E+01  0.9886297E+00  0.1025580E+01  0.9930649E+00
 0.3250000E+00  0.3556604E+01  0.1642865E+00  0.1954458E+01  0.1876105E+00  0.5254842E+01  0.7958498E+00  0.4939399E+01  0.2322913E+01  0.9846488E+00 -0.2276334E+00  0.8970065E+00  0.1328206E+00  0.6922364-309  0.5582942-321  0.1013402E+01  0.9882797E+00  0.1001537E+01  0.9884524E+00  0.1025979E+01  0.9929568E+00
 0.3300000E+00  0.3561671E+01  0.1692275E+00  0.1959466E+01  0.1925523E+00  0.5259972E+01  0.8008143E+00  0.4944518E+01  0.2327935E+01  0.9896204E+00 -0.2227071E+00  0.9019748E+00  0.1377603E+00  0.6922364-309  0.5582942-321  0.1013608E+01  0.9880998E+00  0.1001561E+01  0.9882752E+00  0.1026377E+01  0.9928488E+00
 0.3350000E+00  0.3566740E+01  0.1741675E+00  0.1964474E+01  0.1974933E+00  0.5265105E+01  0.8057783E+00  0.4949639E+01  0.2332956E+01  0.9945915E+00 -0.2177819E+00  0.9069426E+00  0.1426992E+00  0.6922364-309  0.5582942-321  0.1013813E+01  0.9879200E+00  0.1001584E+01  0.9880980E+00  0.1026776E+01  0.9927407E+00
 0.3400000E+00  0.3571810E+01  0.1791067E+00  0.1969482E+01  0.2024333E+00  0.5270240E+01  0.8107417E+00  0.4954761E+01  0.2337979E+01  0.9995622E+00 -0.2128578E+00  0.9119099E+00  0.1476371E+00  0.6922364-309  0.5582942-321  0.1014019E+01  0.9877402E+00  0.1001608E+01  0.9879208E+00  0.1027175E+01  0.9926326E+00
 0.3450000E+00  0.3576880E+01  0.1840449E+00  0.1974490E+01  0.2073725E+00  0.5275377E+01  0.8157046E+00  0.4959886E+01  0.2343001E+01  0.1004532E+01 -0.2079348E+00  0.9168767E+00  0.1525742E+00  0.6922364-309  0.5582942-321  0.1014225E+01  0.9875603E+00  0.1001631E+01  0.9877437E+00  0.1027573E+01  0.9925246E+00
 0.3500000E+00  0.3581952E+01  0.1889823E+00  0.1979498E+01  0.2123107E+00  0.5280516E+01  0.8206670E+00  0.4965012E+01  0.2348024E+01  0.1009502E+01 -0.2030130E+00  0.9218431E+00  0.1575103E+00  0.6922364-309  0.5582942-321  0.1014430E+01  0.9873806E+00  0.1001655E+01  0.9875665E+00  0.1027972E+01  0.9924165E+00
 0.3550000E+00  0.3587024E+01  0.1939188E+00  0.1984506E+01  0.2172481E+00  0.5285657E+01  0.8256288E+00  0.4970141E+01  0.2353047E+01  0.1014472E+01 -0.1980923E+00  0.9268090E+00  0.1624455E+00  0.6922364-309  0.5582942-321  0.1014636E+01  0.9872008E+00  0.1001679E+01  0.9873894E+00  0.1028370E+01  0.9923085E+00
 0.3600000E+00  0.3592098E+01  0.1988543E+00  0.1989515E+01  0.2221846E+00  0.5290800E+01  0.8305900E+00  0.4975271E+01  0.2358070E+01  0.1019441E+01 -0.1931727E+00  0.9317744E+00  0.1673797E+00  0.6922364-309  0.5582942-321  0.1014841E+01  0.9870211E+00  0.1001702E+01  0.9872123E+00  0.1028768E+01  0.9922005E+00
 0.3650000E+00  0.3597173E+01  0.2037890E+00  0.1994523E+01  0.2271203E+00  0.5295944E+01  0.8355508E+00  0.4980402E+01  0.2363094E+01  0.1024409E+01 -0.1882542E+00  0.9367393E+00  0.1723131E+00  0.6922364-309  0.5582942-321  0.1015047E+01  0.9868413E+00  0.1001726E+01  0.9870353E+00  0.1029167E+01  0.9920925E+00
 0.3700000E+00  0.3602249E+01  0.2087227E+00  0.1999532E+01  0.2320550E+00  0.5301091E+01  0.8405110E+00  0.4985536E+01  0.2368118E+01  0.1029377E+01 -0.1833369E+00  0.9417037E+00  0.1772455E+00  0.6922364-309  0.5582942-321  0.1015252E+01  0.9866616E+00  0.1001749E+01  0.9868582E+00  0.1029565E+01  0.9919845E+00
 0.3750000E+00  0.3607325E+01  0.2136556E+00  0.2004541E+01  0.2369888E+00  0.5306240E+01  0.8454706E+00  0.4990671E+01  0.2373143E+01  0.1034345E+01 -0.1784206E+00  0.9466676E+00  0.1821770E+00  0.6922364-309  0.5582942-321  0.1015458E+01  0.9864820E+00  0.1001773E+01  0.9866812E+00  0.1029963E+01  0.9918765E+00
 0.3800000E+00  0.3612403E+01  0.2185875E+00  0.2009550E+01  0.2419218E+00  0.5311391E+01  0.8504297E+00  0.4995809E+01  0.2378167E+01  0.1039312E+01 -0.1735055E+00  0.9516311E+00  0.1871077E+00  0.6922364-309  0.5582942-321  0.1015663E+01  0.9863023E+00  0.1001796E+01  0.9865042E+00  0.1030362E+01  0.9917686E+00
 0.3850000E+00  0.3617482E+01  0.2235186E+00  0.2014559E+01  0.2468539E+00  0.5316544E+01  0.8553883E+00  0.5000948E+01  0.2383193E+01  0.1044279E+01 -0.1685915E+00  0.9565941E+00  0.1920373E+00  0.6922364-309  0.5582942-321  0.1015869E+01  0.9861227E+00  0.1001820E+01  0.9863272E+00  0.1030760E+01  0.9916606E+00
 0.3900000E+00  0.3622562E+01  0.2284488E+00  0.2019568E+01  0.2517851E+00  0.5321699E+01  0.8603463E+00  0.5006089E+01  0.2388218E+01  0.1049245E+01 -0.1636786E+00  0.9615566E+00  0.1969661E+00  0.6922364-309  0.5582942-321  0.1016074E+01  0.9859431E+00  0.1001844E+01  0.9861502E+00  0.1031158E+01  0.9915527E+00
 0.3950000E+00  0.3627643E+01  0.2333780E+00  0.2024577E+01  0.2567154E+00  0.5326855E+01  0.8653038E+00  0.5011231E+01  0.2393244E+01  0.1054211E+01 -0.1587669E+00  0.9665186E+00  0.2018940E+00  0.6922364-309  0.5582942-321  0.1016279E+01  0.9857635E+00  0.1001867E+01  0.9859733E+00  0.1031556E+01  0.9914448E+00
 0.4000000E+00  0.3632725E+01  0.2383064E+00  0.2029587E+01  0.2616448E+00  0.5332014E+01  0.8702608E+00  0.5016376E+01  0.2398270E+01  0.1059177E+01 -0.1538563E+00  0.9714801E+00  0.2068209E+00  0.6922364-309  0.5582942-321  0.1016485E+01  0.9855839E+00  0.1001891E+01  0.9857964E+00  0.1031954E+01  0.9913369E+00
 0.4050000E+00  0.3637808E+01  0.2432339E+00  0.2034596E+01  0.2665734E+00  0.5337175E+01  0.8752172E+00  0.5021522E+01  0.2403296E+01  0.1064142E+01 -0.1489468E+00  0.9764412E+00  0.2117470E+00  0.6922364-309  0.5582942-321  0.1016690E+01  0.9854044E+00  0.1001914E+01  0.9856195E+00  0.1032352E+01  0.9912290E+00
 0.4100000E+00  0.3642892E+01  0.2481604E+00  0.2039606E+01  0.2715010E+00  0.5342338E+01  0.8801731E+00  0.5026670E+01  0.2408323E+01  0.1069106E+01 -0.1440384E+00  0.9814017E+00  0.2166721E+00  0.6922364-309  0.5582942-321  0.1016895E+01  0.9852249E+00  0.1001938E+01  0.9854427E+00  0.1032750E+01  0.9911211E+00
 0.4150000E+00  0.3647977E+01  0.2530861E+00  0.2044615E+01  0.2764278E+00  0.5347502E+01  0.8851284E+00  0.5031820E+01  0.2413350E+01  0.1074071E+01 -0.1391311E+00  0.9863618E+00  0.2215963E+00  0.6922364-309  0.5582942-321  0.1017100E+01  0.9850454E+00  0.1001961E+01  0.9852658E+00  0.1033148E+01  0.9910132E+00
 0.4200000E+00  0.3653063E+01  0.2580109E+00  0.2049625E+01  0.2813537E+00  0.5352669E+01  0.8900832E+00  0.5036972E+01  0.2418377E+01  0.1079034E+01 -0.1342249E+00  0.9913214E+00  0.2265196E+00  0.6922364-309  0.5582942-321  0.1017306E+01  0.9848660E+00  0.1001985E+01  0.9850890E+00  0.1033545E+01  0.9909054E+00
 0.4250000E+00  0.3658150E+01  0.2629348E+00  0.2054635E+01  0.2862787E+00  0.5357838E+01  0.8950375E+00  0.5042126E+01  0.2423405E+01  0.1083998E+01 -0.1293199E+00  0.9962806E+00  0.2314419E+00  0.6922364-309  0.5582942-321  0.1017511E+01  0.9846865E+00  0.1002008E+01  0.9849122E+00  0.1033943E+01  0.9907976E+00
 0.4300000E+00  0.3663238E+01  0.2678578E+00  0.2059645E+01  0.2912028E+00  0.5363008E+01  0.8999912E+00  0.5047281E+01  0.2428433E+01  0.1088961E+01 -0.1244160E+00  0.1001239E+01  0.2363634E+00  0.6922364-309  0.5582942-321  0.1017716E+01  0.9845071E+00  0.1002032E+01  0.9847355E+00  0.1034341E+01  0.9906898E+00
 0.4350000E+00  0.3668327E+01  0.2727799E+00  0.2064656E+01  0.2961260E+00  0.5368181E+01  0.9049444E+00  0.5052438E+01  0.2433461E+01  0.1093923E+01 -0.1195132E+00  0.1006197E+01  0.2412839E+00  0.6922364-309  0.5582942-321  0.1017921E+01  0.9843277E+00  0.1002055E+01  0.9845587E+00  0.1034738E+01  0.9905820E+00
 0.4400000E+00  0.3673417E+01  0.2777010E+00  0.2069666E+01  0.3010484E+00  0.5373356E+01  0.9098970E+00  0.5057597E+01  0.2438490E+01  0.1098885E+01 -0.1146115E+00  0.1011155E+01  0.2462035E+00  0.6922364-309  0.5582942-321  0.1018126E+01  0.9841484E+00  0.1002079E+01  0.9843820E+00  0.1035136E+01  0.9904742E+00
 0.4450000E+00  0.3678508E+01  0.2826213E+00  0.2074676E+01  0.3059698E+00  0.5378533E+01  0.9148491E+00  0.5062758E+01  0.2443519E+01  0.1103847E+01 -0.1097110E+00  0.1016112E+01  0.2511222E+00  0.6922364-309  0.5582942-321  0.1018331E+01  0.9839691E+00  0.1002102E+01  0.9842053E+00  0.1035533E+01  0.9903664E+00
 0.4500000E+00  0.3683600E+01  0.2875407E+00  0.2079687E+01  0.3108904E+00  0.5383711E+01  0.9198007E+00  0.5067920E+01  0.2448548E+01  0.1108808E+01 -0.1048115E+00  0.1021069E+01  0.2560400E+00  0.6922364-309  0.5582942-321  0.1018536E+01  0.9837898E+00  0.1002126E+01  0.9840287E+00  0.1035931E+01  0.9902587E+00
 0.4550000E+00  0.3688693E+01  0.2924592E+00  0.2084698E+01  0.3158101E+00  0.5388892E+01  0.9247517E+00  0.5073085E+01  0.2453578E+01  0.1113769E+01 -0.9991323E-01  0.1026025E+01  0.2609569E+00  0.6922364-309  0.5582942-321  0.1018741E+01  0.9836105E+00  0.1002149E+01  0.9838520E+00  0.1036328E+01  0.9901510E+00
 0.4600000E+00  0.3693788E+01  0.2973768E+00  0.2089708E+01  0.3207289E+00  0.5394074E+01  0.9297022E+00  0.5078251E+01  0.2458608E+01  0.1118729E+01 -0.9501603E-01  0.1030981E+01  0.2658729E+00  0.6922364-309  0.5582942-321  0.1018946E+01  0.9834313E+00  0.1002173E+01  0.9836754E+00  0.1036725E+01  0.9900432E+00
 0.4650000E+00  0.3698883E+01  0.3022935E+00  0.2094719E+01  0.3256469E+00  0.5399259E+01  0.9346521E+00  0.5083419E+01  0.2463638E+01  0.1123689E+01 -0.9011995E-01  0.1035936E+01  0.2707879E+00  0.6922364-309  0.5582942-321  0.1019151E+01  0.9832520E+00  0.1002196E+01  0.9834989E+00  0.1037123E+01  0.9899355E+00
 0.4700000E+00  0.3703979E+01  0.3072094E+00  0.2099730E+01  0.3305639E+00  0.5404446E+01  0.9396015E+00  0.5088589E+01  0.2468669E+01  0.1128648E+01 -0.8522499E-01  0.1040891E+01  0.2757021E+00  0.6922364-309  0.5582942-321  0.1019356E+01  0.9830729E+00  0.1002220E+01  0.9833223E+00  0.1037520E+01  0.9898279E+00
 0.4750000E+00  0.3709076E+01  0.3121243E+00  0.2104742E+01  0.3354801E+00  0.5409634E+01  0.9445504E+00  0.5093760E+01  0.2473700E+01  0.1133607E+01 -0.8033114E-01  0.1045845E+01  0.2806153E+00  0.6922364-309  0.5582942-321  0.1019561E+01  0.9828937E+00  0.1002243E+01  0.9831458E+00  0.1037917E+01  0.9897202E+00
 0.4800000E+00  0.3714175E+01  0.3170383E+00  0.2109753E+01  0.3403954E+00  0.5414825E+01  0.9494987E+00  0.5098934E+01  0.2478731E+01  0.1138566E+01 -0.7543841E-01  0.1050799E+01  0.2855276E+00  0.6922364-309  0.5582942-321  0.1019766E+01  0.9827146E+00  0.1002267E+01  0.9829693E+00  0.1038314E+01  0.9896126E+00
 0.4850000E+00  0.3719274E+01  0.3219514E+00  0.2114764E+01  0.3453098E+00  0.5420017E+01  0.9544465E+00  0.5104109E+01  0.2483763E+01  0.1143524E+01 -0.7054680E-01  0.1055752E+01  0.2904390E+00  0.6922364-309  0.5582942-321  0.1019971E+01  0.9825355E+00  0.1002290E+01  0.9827929E+00  0.1038711E+01  0.9895049E+00
 0.4900000E+00  0.3724374E+01  0.3268637E+00  0.2119776E+01  0.3502233E+00  0.5425212E+01  0.9593938E+00  0.5109286E+01  0.2488795E+01  0.1148482E+01 -0.6565631E-01  0.1060705E+01  0.2953495E+00  0.6922364-309  0.5582942-321  0.1020175E+01  0.9823564E+00  0.1002314E+01  0.9826164E+00  0.1039108E+01  0.9893973E+00
 0.4950000E+00  0.3729476E+01  0.3317750E+00  0.2124787E+01  0.3551360E+00  0.5430409E+01  0.9643405E+00  0.5114465E+01  0.2493827E+01  0.1153439E+01 -0.6076693E-01  0.1065658E+01  0.3002591E+00  0.6922364-309  0.5582942-321  0.1020380E+01  0.9821774E+00  0.1002337E+01  0.9824400E+00  0.1039505E+01  0.9892897E+00
 0.5000000E+00  0.3734578E+01  0.3366854E+00  0.2129799E+01  0.3600477E+00  0.5435607E+01  0.9692867E+00  0.5119646E+01  0.2498860E+01  0.1158396E+01 -0.5587867E-01  0.1070610E+01  0.3051677E+00  0.6922364-309  0.5582942-321  0.1020585E+01  0.9819984E+00  0.1002361E+01  0.9822637E+00  0.1039902E+01  0.9891822E+00
