 0.1000000E+01  0.1524127E-03  0.1443096E-02  0.3273072E-01  0.3144004E-01
 0.2000000E+01  0.1526928E-03  0.1290917E-02  0.3078842E-01  0.2965019E-01
 0.3000000E+01  0.1529415E-03  0.1163778E-02  0.2909286E-01  0.2808202E-01
 0.4000000E+01  0.1531636E-03  0.1056414E-02  0.2760037E-01  0.2669712E-01
 0.5000000E+01  0.1533631E-03  0.9648897E-03  0.2627710E-01  0.2546558E-01
 0.6000000E+01  0.1535432E-03  0.8862087E-03  0.2509643E-01  0.2436376E-01
 0.7000000E+01  0.1537064E-03  0.8180584E-03  0.2403706E-01  0.2337271E-01
 0.8000000E+01  0.1538550E-03  0.7586281E-03  0.2308180E-01  0.2247702E-01
 0.9000000E+01  0.1539907E-03  0.7064835E-03  0.2221655E-01  0.2166406E-01
 0.1000000E+02  0.1541151E-03  0.6604757E-03  0.2142970E-01  0.2092334E-01
 0.1100000E+02  0.1542294E-03  0.6196754E-03  0.2071153E-01  0.2024609E-01
 0.1200000E+02  0.1543347E-03  0.5833241E-03  0.2005389E-01  0.1962490E-01
 0.1300000E+02  0.1544320E-03  0.5507975E-03  0.1944987E-01  0.1905351E-01
 0.1400000E+02  0.1545221E-03  0.5215779E-03  0.1889357E-01  0.1852652E-01
 0.1500000E+02  0.1546058E-03  0.4952329E-03  0.1837994E-01  0.1803931E-01
 0.1600000E+02  0.1546835E-03  0.4713990E-03  0.1790459E-01  0.1758787E-01
 0.1700000E+02  0.1547559E-03  0.4497688E-03  0.1746374E-01  0.1716873E-01
 0.1800000E+02  0.1548235E-03  0.4300808E-03  0.1705407E-01  0.1677881E-01
 0.1900000E+02  0.1548867E-03  0.4121115E-03  0.1667269E-01  0.1641546E-01
 0.2000000E+02  0.1549458E-03  0.3956687E-03  0.1631703E-01  0.1607630E-01
 0.2100000E+02  0.1550012E-03  0.3805867E-03  0.1598483E-01  0.1575925E-01
 0.2200000E+02  0.1550531E-03  0.3667216E-03  0.1567410E-01  0.1546243E-01
 0.2300000E+02  0.1551020E-03  0.3539484E-03  0.1538305E-01  0.1518420E-01
 0.2400000E+02  0.1551479E-03  0.3421576E-03  0.1511007E-01  0.1492306E-01
 0.2500000E+02  0.1551912E-03  0.3312532E-03  0.1485374E-01  0.1467768E-01
 0.2600000E+02  0.1552319E-03  0.3211508E-03  0.1461277E-01  0.1444685E-01
 0.2700000E+02  0.1552704E-03  0.3117758E-03  0.1438600E-01  0.1422950E-01
 0.2800000E+02  0.1553067E-03  0.3030622E-03  0.1417239E-01  0.1402463E-01
 0.2900000E+02  0.1553410E-03  0.2949512E-03  0.1397097E-01  0.1383136E-01
 0.3000000E+02  0.1553735E-03  0.2873905E-03  0.1378090E-01  0.1364888E-01
 0.3100000E+02  0.1554042E-03  0.2803334E-03  0.1360137E-01  0.1347644E-01
 0.3200000E+02  0.1554334E-03  0.2737379E-03  0.1343168E-01  0.1331337E-01
 0.3300000E+02  0.1554609E-03  0.2675666E-03  0.1327116E-01  0.1315905E-01
 0.3400000E+02  0.1554871E-03  0.2617855E-03  0.1311921E-01  0.1301291E-01
 0.3500000E+02  0.1555120E-03  0.2563641E-03  0.1297528E-01  0.1287443E-01
 0.3600000E+02  0.1555356E-03  0.2512748E-03  0.1283887E-01  0.1274313E-01
 0.3700000E+02  0.1555580E-03  0.2464926E-03  0.1270950E-01  0.1261856E-01
 0.3800000E+02  0.1555793E-03  0.2419948E-03  0.1258673E-01  0.1250032E-01
 0.3900000E+02  0.1555996E-03  0.2377608E-03  0.1247018E-01  0.1238802E-01
 0.4000000E+02  0.1556189E-03  0.2337717E-03  0.1235947E-01  0.1228132E-01
 0.4100000E+02  0.1556373E-03  0.2300103E-03  0.1225426E-01  0.1217989E-01
 0.4200000E+02  0.1556548E-03  0.2264609E-03  0.1215423E-01  0.1208343E-01
 0.4300000E+02  0.1556715E-03  0.2231092E-03  0.1205908E-01  0.1199165E-01
 0.4400000E+02  0.1556874E-03  0.2199419E-03  0.1196854E-01  0.1190429E-01
 0.4500000E+02  0.1557025E-03  0.2169470E-03  0.1188235E-01  0.1182111E-01
 0.4600000E+02  0.1557170E-03  0.2141132E-03  0.1180028E-01  0.1174188E-01
 0.4700000E+02  0.1557308E-03  0.2114302E-03  0.1172209E-01  0.1166639E-01
 0.4800000E+02  0.1557440E-03  0.2088886E-03  0.1164758E-01  0.1159443E-01
 0.4900000E+02  0.1557567E-03  0.2064797E-03  0.1157655E-01  0.1152582E-01
 0.5000000E+02  0.1557687E-03  0.2041952E-03  0.1150882E-01  0.1146039E-01
 0.5100000E+02  0.1557802E-03  0.2020276E-03  0.1144422E-01  0.1139797E-01
 0.5200000E+02  0.1557913E-03  0.1999701E-03  0.1138258E-01  0.1133840E-01
 0.5300000E+02  0.1558018E-03  0.1980161E-03  0.1132376E-01  0.1128155E-01
 0.5400000E+02  0.1558119E-03  0.1961596E-03  0.1126761E-01  0.1122726E-01
 0.5500000E+02  0.1558215E-03  0.1943951E-03  0.1121400E-01  0.1117542E-01
 0.5600000E+02  0.1558308E-03  0.1927172E-03  0.1116280E-01  0.1112591E-01
 0.5700000E+02  0.1558396E-03  0.1911211E-03  0.1111389E-01  0.1107860E-01
 0.5800000E+02  0.1558481E-03  0.1896023E-03  0.1106716E-01  0.1103340E-01
 0.5900000E+02  0.1558563E-03  0.1881566E-03  0.1102250E-01  0.1099020E-01
 0.6000000E+02  0.1558641E-03  0.1867799E-03  0.1097981E-01  0.1094890E-01
 0.6100000E+02  0.1558715E-03  0.1854686E-03  0.1093901E-01  0.1090941E-01
 0.6200000E+02  0.1558787E-03  0.1842191E-03  0.1089999E-01  0.1087165E-01
 0.6300000E+02  0.1558856E-03  0.1830283E-03  0.1086268E-01  0.1083554E-01
 0.6400000E+02  0.1558922E-03  0.1818930E-03  0.1082699E-01  0.1080099E-01
 0.6500000E+02  0.1558985E-03  0.1808103E-03  0.1079285E-01  0.1076794E-01
 0.6600000E+02  0.1559046E-03  0.1797776E-03  0.1076019E-01  0.1073632E-01
 0.6700000E+02  0.1559105E-03  0.1787924E-03  0.1072894E-01  0.1070606E-01
 0.6800000E+02  0.1559161E-03  0.1778521E-03  0.1069903E-01  0.1067709E-01
 0.6900000E+02  0.1559215E-03  0.1769546E-03  0.1067040E-01  0.1064936E-01
 0.7000000E+02  0.1559267E-03  0.1760978E-03  0.1064299E-01  0.1062282E-01
 0.7100000E+02  0.1559317E-03  0.1752796E-03  0.1061676E-01  0.1059741E-01
 0.7200000E+02  0.1559365E-03  0.1744981E-03  0.1059164E-01  0.1057307E-01
 0.7300000E+02  0.1559411E-03  0.1737516E-03  0.1056758E-01  0.1054977E-01
 0.7400000E+02  0.1559456E-03  0.1730383E-03  0.1054455E-01  0.1052745E-01
 0.7500000E+02  0.1559499E-03  0.1723567E-03  0.1052248E-01  0.1050608E-01
 0.7600000E+02  0.1559540E-03  0.1717053E-03  0.1050135E-01  0.1048560E-01
 0.7700000E+02  0.1559580E-03  0.1710826E-03  0.1048110E-01  0.1046598E-01
 0.7800000E+02  0.1559618E-03  0.1704873E-03  0.1046171E-01  0.1044718E-01
 0.7900000E+02  0.1559655E-03  0.1699180E-03  0.1044313E-01  0.1042918E-01
 0.8000000E+02  0.1559691E-03  0.1693737E-03  0.1042532E-01  0.1041192E-01
 0.8100000E+02  0.1559725E-03  0.1688530E-03  0.1040826E-01  0.1039538E-01
 0.8200000E+02  0.1559759E-03  0.1683550E-03  0.1039191E-01  0.1037953E-01
 0.8300000E+02  0.1559791E-03  0.1678786E-03  0.1037624E-01  0.1036434E-01
 0.8400000E+02  0.1559822E-03  0.1674228E-03  0.1036122E-01  0.1034978E-01
 0.8500000E+02  0.1559852E-03  0.1669866E-03  0.1034683E-01  0.1033583E-01
 0.8600000E+02  0.1559881E-03  0.1665693E-03  0.1033303E-01  0.1032245E-01
 0.8700000E+02  0.1559909E-03  0.1661698E-03  0.1031980E-01  0.1030962E-01
 0.8800000E+02  0.1559936E-03  0.1657875E-03  0.1030712E-01  0.1029733E-01
 0.8900000E+02  0.1559962E-03  0.1654216E-03  0.1029496E-01  0.1028554E-01
 0.9000000E+02  0.1559987E-03  0.1650713E-03  0.1028331E-01  0.1027424E-01
 0.9100000E+02  0.1560012E-03  0.1647359E-03  0.1027213E-01  0.1026340E-01
 0.9200000E+02  0.1560035E-03  0.1644148E-03  0.1026142E-01  0.1025300E-01
 0.9300000E+02  0.1560058E-03  0.1641074E-03  0.1025114E-01  0.1024304E-01
 0.9400000E+02  0.1560081E-03  0.1638130E-03  0.1024129E-01  0.1023348E-01
 0.9500000E+02  0.1560102E-03  0.1635311E-03  0.1023184E-01  0.1022432E-01
 0.9600000E+02  0.1560123E-03  0.1632611E-03  0.1022277E-01  0.1021553E-01
 0.9700000E+02  0.1560144E-03  0.1630026E-03  0.1021408E-01  0.1020709E-01
 0.9800000E+02  0.1560164E-03  0.1627549E-03  0.1020575E-01  0.1019901E-01
 0.9900000E+02  0.1560183E-03  0.1625178E-03  0.1019775E-01  0.1019125E-01
 0.1000000E+03  0.1560201E-03  0.1622906E-03  0.1019008E-01  0.1018381E-01
 0.1010000E+03  0.1560220E-03  0.1620730E-03  0.1018273E-01  0.1017668E-01
 0.1020000E+03  0.1560237E-03  0.1618646E-03  0.1017567E-01  0.1016983E-01
 0.1030000E+03  0.1560255E-03  0.1616649E-03  0.1016891E-01  0.1016327E-01
 0.1040000E+03  0.1560271E-03  0.1614736E-03  0.1016241E-01  0.1015697E-01
 0.1050000E+03  0.1560288E-03  0.1612904E-03  0.1015619E-01  0.1015092E-01
 0.1060000E+03  0.1560304E-03  0.1611148E-03  0.1015021E-01  0.1014513E-01
 0.1070000E+03  0.1560319E-03  0.1609467E-03  0.1014448E-01  0.1013957E-01
 0.1080000E+03  0.1560334E-03  0.1607855E-03  0.1013898E-01  0.1013423E-01
 0.1090000E+03  0.1560349E-03  0.1606312E-03  0.1013371E-01  0.1012911E-01
 0.1100000E+03  0.1560363E-03  0.1604833E-03  0.1012865E-01  0.1012420E-01
 0.1110000E+03  0.1560377E-03  0.1603416E-03  0.1012379E-01  0.1011949E-01
 0.1120000E+03  0.1560391E-03  0.1602058E-03  0.1011913E-01  0.1011497E-01
 0.1130000E+03  0.1560405E-03  0.1600757E-03  0.1011466E-01  0.1011063E-01
 0.1140000E+03  0.1560418E-03  0.1599511E-03  0.1011037E-01  0.1010647E-01
 0.1150000E+03  0.1560431E-03  0.1598317E-03  0.1010626E-01  0.1010247E-01
 0.1160000E+03  0.1560443E-03  0.1597173E-03  0.1010231E-01  0.1009864E-01
 0.1170000E+03  0.1560456E-03  0.1596077E-03  0.1009853E-01  0.1009496E-01
 0.1180000E+03  0.1560468E-03  0.1595027E-03  0.1009489E-01  0.1009144E-01
 0.1190000E+03  0.1560480E-03  0.1594020E-03  0.1009140E-01  0.1008805E-01
 0.1200000E+03  0.1560492E-03  0.1593056E-03  0.1008806E-01  0.1008480E-01
 0.1210000E+03  0.1560503E-03  0.1592133E-03  0.1008485E-01  0.1008168E-01
 0.1220000E+03  0.1560514E-03  0.1591248E-03  0.1008177E-01  0.1007869E-01
 0.1230000E+03  0.1560525E-03  0.1590400E-03  0.1007881E-01  0.1007582E-01
 0.1240000E+03  0.1560536E-03  0.1589588E-03  0.1007597E-01  0.1007307E-01
 0.1250000E+03  0.1560547E-03  0.1588810E-03  0.1007325E-01  0.1007043E-01
 0.1260000E+03  0.1560557E-03  0.1588065E-03  0.1007064E-01  0.1006789E-01
 0.1270000E+03  0.1560568E-03  0.1587351E-03  0.1006813E-01  0.1006545E-01
 0.1280000E+03  0.1560578E-03  0.1586667E-03  0.1006573E-01  0.1006312E-01
 0.1290000E+03  0.1560588E-03  0.1586012E-03  0.1006342E-01  0.1006088E-01
 0.1300000E+03  0.1560598E-03  0.1585384E-03  0.1006121E-01  0.1005873E-01
 0.1310000E+03  0.1560608E-03  0.1584783E-03  0.1005908E-01  0.1005666E-01
 0.1320000E+03  0.1560617E-03  0.1584208E-03  0.1005704E-01  0.1005468E-01
 0.1330000E+03  0.1560627E-03  0.1583657E-03  0.1005508E-01  0.1005278E-01
 0.1340000E+03  0.1560636E-03  0.1583129E-03  0.1005321E-01  0.1005096E-01
 0.1350000E+03  0.1560646E-03  0.1582623E-03  0.1005140E-01  0.1004921E-01
 0.1360000E+03  0.1560655E-03  0.1582139E-03  0.1004968E-01  0.1004753E-01
 0.1370000E+03  0.1560664E-03  0.1581675E-03  0.1004802E-01  0.1004591E-01
 0.1380000E+03  0.1560673E-03  0.1581231E-03  0.1004642E-01  0.1004437E-01
 0.1390000E+03  0.1560682E-03  0.1580807E-03  0.1004490E-01  0.1004288E-01
 0.1400000E+03  0.1560691E-03  0.1580400E-03  0.1004343E-01  0.1004146E-01
 0.1410000E+03  0.1560699E-03  0.1580010E-03  0.1004202E-01  0.1004009E-01
 0.1420000E+03  0.1560708E-03  0.1579638E-03  0.1004067E-01  0.1003878E-01
 0.1430000E+03  0.1560717E-03  0.1579281E-03  0.1003938E-01  0.1003752E-01
 0.1440000E+03  0.1560725E-03  0.1578939E-03  0.1003813E-01  0.1003631E-01
 0.1450000E+03  0.1560734E-03  0.1578612E-03  0.1003694E-01  0.1003515E-01
 0.1460000E+03  0.1560742E-03  0.1578300E-03  0.1003580E-01  0.1003404E-01
 0.1470000E+03  0.1560750E-03  0.1578001E-03  0.1003470E-01  0.1003297E-01
 0.1480000E+03  0.1560758E-03  0.1577714E-03  0.1003364E-01  0.1003195E-01
 0.1490000E+03  0.1560767E-03  0.1577441E-03  0.1003263E-01  0.1003097E-01
 0.1500000E+03  0.1560775E-03  0.1577179E-03  0.1003166E-01  0.1003002E-01
 0.1510000E+03  0.1560783E-03  0.1576928E-03  0.1003073E-01  0.1002912E-01
 0.1520000E+03  0.1560791E-03  0.1576689E-03  0.1002984E-01  0.1002825E-01
 0.1530000E+03  0.1560799E-03  0.1576460E-03  0.1002898E-01  0.1002742E-01
 0.1540000E+03  0.1560807E-03  0.1576241E-03  0.1002816E-01  0.1002662E-01
 0.1550000E+03  0.1560814E-03  0.1576031E-03  0.1002737E-01  0.1002585E-01
 0.1560000E+03  0.1560822E-03  0.1575831E-03  0.1002661E-01  0.1002511E-01
 0.1570000E+03  0.1560830E-03  0.1575640E-03  0.1002589E-01  0.1002441E-01
 0.1580000E+03  0.1560838E-03  0.1575458E-03  0.1002519E-01  0.1002373E-01
 0.1590000E+03  0.1560846E-03  0.1575283E-03  0.1002452E-01  0.1002308E-01
 0.1600000E+03  0.1560853E-03  0.1575116E-03  0.1002388E-01  0.1002245E-01
 0.1610000E+03  0.1560861E-03  0.1574957E-03  0.1002326E-01  0.1002185E-01
 0.1620000E+03  0.1560868E-03  0.1574805E-03  0.1002267E-01  0.1002128E-01
 0.1630000E+03  0.1560876E-03  0.1574660E-03  0.1002211E-01  0.1002073E-01
 0.1640000E+03  0.1560884E-03  0.1574522E-03  0.1002156E-01  0.1002020E-01
 0.1650000E+03  0.1560891E-03  0.1574390E-03  0.1002104E-01  0.1001969E-01
 0.1660000E+03  0.1560899E-03  0.1574263E-03  0.1002054E-01  0.1001921E-01
 0.1670000E+03  0.1560906E-03  0.1574143E-03  0.1002006E-01  0.1001874E-01
 0.1680000E+03  0.1560914E-03  0.1574029E-03  0.1001960E-01  0.1001829E-01
 0.1690000E+03  0.1560921E-03  0.1573919E-03  0.1001916E-01  0.1001786E-01
 0.1700000E+03  0.1560928E-03  0.1573815E-03  0.1001874E-01  0.1001745E-01
 0.1710000E+03  0.1560936E-03  0.1573716E-03  0.1001833E-01  0.1001705E-01
 0.1720000E+03  0.1560943E-03  0.1573621E-03  0.1001794E-01  0.1001668E-01
 0.1730000E+03  0.1560951E-03  0.1573531E-03  0.1001757E-01  0.1001631E-01
 0.1740000E+03  0.1560958E-03  0.1573446E-03  0.1001721E-01  0.1001596E-01
 0.1750000E+03  0.1560965E-03  0.1573364E-03  0.1001687E-01  0.1001563E-01
 0.1760000E+03  0.1560973E-03  0.1573287E-03  0.1001654E-01  0.1001531E-01
 0.1770000E+03  0.1560980E-03  0.1573213E-03  0.1001622E-01  0.1001500E-01
 0.1780000E+03  0.1560987E-03  0.1573143E-03  0.1001592E-01  0.1001470E-01
 0.1790000E+03  0.1560994E-03  0.1573077E-03  0.1001563E-01  0.1001442E-01
 0.1800000E+03  0.1561002E-03  0.1573014E-03  0.1001535E-01  0.1001415E-01
 0.1810000E+03  0.1561009E-03  0.1572954E-03  0.1001508E-01  0.1001389E-01
 0.1820000E+03  0.1561016E-03  0.1572897E-03  0.1001483E-01  0.1001364E-01
 0.1830000E+03  0.1561023E-03  0.1572843E-03  0.1001458E-01  0.1001340E-01
 0.1840000E+03  0.1561031E-03  0.1572792E-03  0.1001435E-01  0.1001317E-01
 0.1850000E+03  0.1561038E-03  0.1572744E-03  0.1001412E-01  0.1001295E-01
 0.1860000E+03  0.1561045E-03  0.1572698E-03  0.1001391E-01  0.1001274E-01
 0.1870000E+03  0.1561052E-03  0.1572655E-03  0.1001370E-01  0.1001254E-01
 0.1880000E+03  0.1561060E-03  0.1572614E-03  0.1001350E-01  0.1001235E-01
 0.1890000E+03  0.1561067E-03  0.1572575E-03  0.1001331E-01  0.1001216E-01
 0.1900000E+03  0.1561074E-03  0.1572539E-03  0.1001313E-01  0.1001198E-01
 0.1910000E+03  0.1561081E-03  0.1572505E-03  0.1001296E-01  0.1001181E-01
 0.1920000E+03  0.1561088E-03  0.1572472E-03  0.1001279E-01  0.1001165E-01
 0.1930000E+03  0.1561096E-03  0.1572442E-03  0.1001263E-01  0.1001149E-01
 0.1940000E+03  0.1561103E-03  0.1572414E-03  0.1001247E-01  0.1001134E-01
 0.1950000E+03  0.1561110E-03  0.1572387E-03  0.1001233E-01  0.1001120E-01
 0.1960000E+03  0.1561117E-03  0.1572362E-03  0.1001219E-01  0.1001106E-01
 0.1970000E+03  0.1561124E-03  0.1572339E-03  0.1001205E-01  0.1001093E-01
 0.1980000E+03  0.1561131E-03  0.1572317E-03  0.1001192E-01  0.1001080E-01
 0.1990000E+03  0.1561139E-03  0.1572297E-03  0.1001180E-01  0.1001068E-01
 0.2000000E+03  0.1561146E-03  0.1572278E-03  0.1001168E-01  0.1001057E-01
 0.2010000E+03  0.1561153E-03  0.1572260E-03  0.1001157E-01  0.1001046E-01
 0.2020000E+03  0.1561160E-03  0.1572244E-03  0.1001146E-01  0.1001035E-01
 0.2030000E+03  0.1561167E-03  0.1572229E-03  0.1001136E-01  0.1001025E-01
 0.2040000E+03  0.1561174E-03  0.1572216E-03  0.1001126E-01  0.1001015E-01
 0.2050000E+03  0.1561182E-03  0.1572203E-03  0.1001116E-01  0.1001006E-01
 0.2060000E+03  0.1561189E-03  0.1572192E-03  0.1001107E-01  0.1000997E-01
 0.2070000E+03  0.1561196E-03  0.1572181E-03  0.1001099E-01  0.1000989E-01
 0.2080000E+03  0.1561203E-03  0.1572172E-03  0.1001090E-01  0.1000981E-01
 0.2090000E+03  0.1561210E-03  0.1572163E-03  0.1001082E-01  0.1000973E-01
 0.2100000E+03  0.1561217E-03  0.1572156E-03  0.1001075E-01  0.1000965E-01
 0.2110000E+03  0.1561224E-03  0.1572149E-03  0.1001068E-01  0.1000958E-01
 0.2120000E+03  0.1561232E-03  0.1572143E-03  0.1001061E-01  0.1000951E-01
 0.2130000E+03  0.1561239E-03  0.1572138E-03  0.1001054E-01  0.1000945E-01
 0.2140000E+03  0.1561246E-03  0.1572134E-03  0.1001048E-01  0.1000939E-01
 0.2150000E+03  0.1561253E-03  0.1572131E-03  0.1001042E-01  0.1000933E-01
 0.2160000E+03  0.1561260E-03  0.1572128E-03  0.1001036E-01  0.1000927E-01
 0.2170000E+03  0.1561267E-03  0.1572126E-03  0.1001030E-01  0.1000922E-01
 0.2180000E+03  0.1561275E-03  0.1572125E-03  0.1001025E-01  0.1000917E-01
 0.2190000E+03  0.1561282E-03  0.1572124E-03  0.1001020E-01  0.1000912E-01
 0.2200000E+03  0.1561289E-03  0.1572124E-03  0.1001015E-01  0.1000907E-01
 0.2210000E+03  0.1561296E-03  0.1572124E-03  0.1001011E-01  0.1000903E-01
 0.2220000E+03  0.1561303E-03  0.1572125E-03  0.1001007E-01  0.1000898E-01
 0.2230000E+03  0.1561310E-03  0.1572126E-03  0.1001002E-01  0.1000894E-01
 0.2240000E+03  0.1561318E-03  0.1572128E-03  0.1000999E-01  0.1000890E-01
 0.2250000E+03  0.1561325E-03  0.1572131E-03  0.1000995E-01  0.1000887E-01
 0.2260000E+03  0.1561332E-03  0.1572133E-03  0.1000991E-01  0.1000883E-01
 0.2270000E+03  0.1561339E-03  0.1572137E-03  0.1000988E-01  0.1000880E-01
 0.2280000E+03  0.1561346E-03  0.1572140E-03  0.1000985E-01  0.1000877E-01
 0.2290000E+03  0.1561354E-03  0.1572145E-03  0.1000982E-01  0.1000874E-01
 0.2300000E+03  0.1561361E-03  0.1572149E-03  0.1000979E-01  0.1000871E-01
 0.2310000E+03  0.1561368E-03  0.1572154E-03  0.1000976E-01  0.1000868E-01
 0.2320000E+03  0.1561375E-03  0.1572159E-03  0.1000974E-01  0.1000866E-01
 0.2330000E+03  0.1561382E-03  0.1572165E-03  0.1000971E-01  0.1000863E-01
 0.2340000E+03  0.1561390E-03  0.1572170E-03  0.1000969E-01  0.1000861E-01
 0.2350000E+03  0.1561397E-03  0.1572177E-03  0.1000967E-01  0.1000859E-01
 0.2360000E+03  0.1561404E-03  0.1572183E-03  0.1000964E-01  0.1000857E-01
 0.2370000E+03  0.1561411E-03  0.1572190E-03  0.1000963E-01  0.1000855E-01
 0.2380000E+03  0.1561418E-03  0.1572197E-03  0.1000961E-01  0.1000853E-01
 0.2390000E+03  0.1561426E-03  0.1572204E-03  0.1000959E-01  0.1000851E-01
 0.2400000E+03  0.1561433E-03  0.1572211E-03  0.1000957E-01  0.1000849E-01
 0.2410000E+03  0.1561440E-03  0.1572219E-03  0.1000956E-01  0.1000848E-01
 0.2420000E+03  0.1561447E-03  0.1572227E-03  0.1000954E-01  0.1000847E-01
 0.2430000E+03  0.1561454E-03  0.1572235E-03  0.1000953E-01  0.1000845E-01
 0.2440000E+03  0.1561462E-03  0.1572243E-03  0.1000952E-01  0.1000844E-01
 0.2450000E+03  0.1561469E-03  0.1572252E-03  0.1000950E-01  0.1000843E-01
 0.2460000E+03  0.1561476E-03  0.1572260E-03  0.1000949E-01  0.1000842E-01
 0.2470000E+03  0.1561483E-03  0.1572269E-03  0.1000948E-01  0.1000841E-01
 0.2480000E+03  0.1561491E-03  0.1572278E-03  0.1000947E-01  0.1000840E-01
 0.2490000E+03  0.1561498E-03  0.1572287E-03  0.1000947E-01  0.1000839E-01
 0.2500000E+03  0.1561505E-03  0.1572297E-03  0.1000946E-01  0.1000838E-01
 0.2510000E+03  0.1561512E-03  0.1572306E-03  0.1000945E-01  0.1000837E-01
 0.2520000E+03  0.1561520E-03  0.1572316E-03  0.1000944E-01  0.1000836E-01
 0.2530000E+03  0.1561527E-03  0.1572326E-03  0.1000944E-01  0.1000836E-01
 0.2540000E+03  0.1561534E-03  0.1572335E-03  0.1000943E-01  0.1000835E-01
 0.2550000E+03  0.1561541E-03  0.1572345E-03  0.1000943E-01  0.1000835E-01
 0.2560000E+03  0.1561549E-03  0.1572355E-03  0.1000942E-01  0.1000834E-01
 0.2570000E+03  0.1561556E-03  0.1572365E-03  0.1000942E-01  0.1000834E-01
 0.2580000E+03  0.1561563E-03  0.1572376E-03  0.1000941E-01  0.1000833E-01
 0.2590000E+03  0.1561570E-03  0.1572386E-03  0.1000941E-01  0.1000833E-01
 0.2600000E+03  0.1561578E-03  0.1572397E-03  0.1000941E-01  0.1000833E-01
 0.2610000E+03  0.1561585E-03  0.1572407E-03  0.1000941E-01  0.1000832E-01
 0.2620000E+03  0.1561592E-03  0.1572418E-03  0.1000940E-01  0.1000832E-01
 0.2630000E+03  0.1561600E-03  0.1572428E-03  0.1000940E-01  0.1000832E-01
 0.2640000E+03  0.1561607E-03  0.1572439E-03  0.1000940E-01  0.1000832E-01
 0.2650000E+03  0.1561614E-03  0.1572450E-03  0.1000940E-01  0.1000832E-01
 0.2660000E+03  0.1561621E-03  0.1572461E-03  0.1000940E-01  0.1000832E-01
 0.2670000E+03  0.1561629E-03  0.1572472E-03  0.1000940E-01  0.1000832E-01
 0.2680000E+03  0.1561636E-03  0.1572483E-03  0.1000940E-01  0.1000832E-01
 0.2690000E+03  0.1561643E-03  0.1572494E-03  0.1000940E-01  0.1000832E-01
 0.2700000E+03  0.1561651E-03  0.1572505E-03  0.1000940E-01  0.1000832E-01
 0.2710000E+03  0.1561658E-03  0.1572516E-03  0.1000940E-01  0.1000832E-01
 0.2720000E+03  0.1561665E-03  0.1572527E-03  0.1000941E-01  0.1000832E-01
 0.2730000E+03  0.1561673E-03  0.1572539E-03  0.1000941E-01  0.1000832E-01
 0.2740000E+03  0.1561680E-03  0.1572550E-03  0.1000941E-01  0.1000832E-01
 0.2750000E+03  0.1561687E-03  0.1572561E-03  0.1000941E-01  0.1000832E-01
 0.2760000E+03  0.1561695E-03  0.1572573E-03  0.1000941E-01  0.1000833E-01
 0.2770000E+03  0.1561702E-03  0.1572584E-03  0.1000942E-01  0.1000833E-01
 0.2780000E+03  0.1561709E-03  0.1572595E-03  0.1000942E-01  0.1000833E-01
 0.2790000E+03  0.1561717E-03  0.1572607E-03  0.1000942E-01  0.1000833E-01
 0.2800000E+03  0.1561724E-03  0.1572618E-03  0.1000943E-01  0.1000834E-01
 0.2810000E+03  0.1561731E-03  0.1572630E-03  0.1000943E-01  0.1000834E-01
 0.2820000E+03  0.1561739E-03  0.1572642E-03  0.1000943E-01  0.1000834E-01
 0.2830000E+03  0.1561746E-03  0.1572653E-03  0.1000944E-01  0.1000835E-01
 0.2840000E+03  0.1561753E-03  0.1572665E-03  0.1000944E-01  0.1000835E-01
 0.2850000E+03  0.1561761E-03  0.1572676E-03  0.1000945E-01  0.1000836E-01
 0.2860000E+03  0.1561768E-03  0.1572688E-03  0.1000945E-01  0.1000836E-01
 0.2870000E+03  0.1561775E-03  0.1572700E-03  0.1000946E-01  0.1000836E-01
 0.2880000E+03  0.1561783E-03  0.1572711E-03  0.1000946E-01  0.1000837E-01
 0.2890000E+03  0.1561790E-03  0.1572723E-03  0.1000947E-01  0.1000837E-01
 0.2900000E+03  0.1561797E-03  0.1572735E-03  0.1000947E-01  0.1000838E-01
 0.2910000E+03  0.1561805E-03  0.1572746E-03  0.1000948E-01  0.1000838E-01
 0.2920000E+03  0.1561812E-03  0.1572758E-03  0.1000948E-01  0.1000839E-01
 0.2930000E+03  0.1561819E-03  0.1572770E-03  0.1000949E-01  0.1000839E-01
 0.2940000E+03  0.1561827E-03  0.1572782E-03  0.1000949E-01  0.1000840E-01
 0.2950000E+03  0.1561834E-03  0.1572793E-03  0.1000950E-01  0.1000840E-01
 0.2960000E+03  0.1561842E-03  0.1572805E-03  0.1000950E-01  0.1000841E-01
 0.2970000E+03  0.1561849E-03  0.1572817E-03  0.1000951E-01  0.1000841E-01
 0.2980000E+03  0.1561856E-03  0.1572829E-03  0.1000952E-01  0.1000842E-01
 0.2990000E+03  0.1561864E-03  0.1572841E-03  0.1000952E-01  0.1000842E-01
 0.3000000E+03  0.1561871E-03  0.1572852E-03  0.1000953E-01  0.1000843E-01
 0.3010000E+03  0.1561878E-03  0.1572864E-03  0.1000953E-01  0.1000844E-01
 0.3020000E+03  0.1561886E-03  0.1572876E-03  0.1000954E-01  0.1000844E-01
 0.3030000E+03  0.1561893E-03  0.1572888E-03  0.1000955E-01  0.1000845E-01
 0.3040000E+03  0.1561901E-03  0.1572900E-03  0.1000955E-01  0.1000845E-01
 0.3050000E+03  0.1561908E-03  0.1572912E-03  0.1000956E-01  0.1000846E-01
 0.3060000E+03  0.1561915E-03  0.1572923E-03  0.1000957E-01  0.1000846E-01
 0.3070000E+03  0.1561923E-03  0.1572935E-03  0.1000957E-01  0.1000847E-01
 0.3080000E+03  0.1561930E-03  0.1572947E-03  0.1000958E-01  0.1000848E-01
 0.3090000E+03  0.1561938E-03  0.1572959E-03  0.1000959E-01  0.1000848E-01
 0.3100000E+03  0.1561945E-03  0.1572971E-03  0.1000959E-01  0.1000849E-01
 0.3110000E+03  0.1561952E-03  0.1572983E-03  0.1000960E-01  0.1000850E-01
 0.3120000E+03  0.1561960E-03  0.1572994E-03  0.1000961E-01  0.1000850E-01
 0.3130000E+03  0.1561967E-03  0.1573006E-03  0.1000961E-01  0.1000851E-01
 0.3140000E+03  0.1561975E-03  0.1573018E-03  0.1000962E-01  0.1000852E-01
 0.3150000E+03  0.1561982E-03  0.1573030E-03  0.1000963E-01  0.1000852E-01
 0.3160000E+03  0.1561990E-03  0.1573042E-03  0.1000963E-01  0.1000853E-01
 0.3170000E+03  0.1561997E-03  0.1573054E-03  0.1000964E-01  0.1000854E-01
 0.3180000E+03  0.1562004E-03  0.1573066E-03  0.1000965E-01  0.1000854E-01
 0.3190000E+03  0.1562012E-03  0.1573077E-03  0.1000966E-01  0.1000855E-01
 0.3200000E+03  0.1562019E-03  0.1573089E-03  0.1000966E-01  0.1000856E-01
 0.3210000E+03  0.1562027E-03  0.1573101E-03  0.1000967E-01  0.1000856E-01
 0.3220000E+03  0.1562034E-03  0.1573113E-03  0.1000968E-01  0.1000857E-01
 0.3230000E+03  0.1562042E-03  0.1573125E-03  0.1000969E-01  0.1000858E-01
 0.3240000E+03  0.1562049E-03  0.1573137E-03  0.1000969E-01  0.1000858E-01
 0.3250000E+03  0.1562057E-03  0.1573148E-03  0.1000970E-01  0.1000859E-01
 0.3260000E+03  0.1562064E-03  0.1573160E-03  0.1000971E-01  0.1000860E-01
 0.3270000E+03  0.1562071E-03  0.1573172E-03  0.1000971E-01  0.1000860E-01
 0.3280000E+03  0.1562079E-03  0.1573184E-03  0.1000972E-01  0.1000861E-01
 0.3290000E+03  0.1562086E-03  0.1573196E-03  0.1000973E-01  0.1000862E-01
 0.3300000E+03  0.1562094E-03  0.1573208E-03  0.1000974E-01  0.1000863E-01
 0.3310000E+03  0.1562101E-03  0.1573219E-03  0.1000975E-01  0.1000863E-01
 0.3320000E+03  0.1562109E-03  0.1573231E-03  0.1000975E-01  0.1000864E-01
 0.3330000E+03  0.1562116E-03  0.1573243E-03  0.1000976E-01  0.1000865E-01
 0.3340000E+03  0.1562124E-03  0.1573255E-03  0.1000977E-01  0.1000866E-01
 0.3350000E+03  0.1562131E-03  0.1573267E-03  0.1000978E-01  0.1000866E-01
 0.3360000E+03  0.1562139E-03  0.1573278E-03  0.1000978E-01  0.1000867E-01
 0.3370000E+03  0.1562146E-03  0.1573290E-03  0.1000979E-01  0.1000868E-01
 0.3380000E+03  0.1562154E-03  0.1573302E-03  0.1000980E-01  0.1000868E-01
 0.3390000E+03  0.1562161E-03  0.1573314E-03  0.1000981E-01  0.1000869E-01
 0.3400000E+03  0.1562169E-03  0.1573326E-03  0.1000981E-01  0.1000870E-01
 0.3410000E+03  0.1562176E-03  0.1573337E-03  0.1000982E-01  0.1000871E-01
 0.3420000E+03  0.1562184E-03  0.1573349E-03  0.1000983E-01  0.1000871E-01
 0.3430000E+03  0.1562191E-03  0.1573361E-03  0.1000984E-01  0.1000872E-01
 0.3440000E+03  0.1562198E-03  0.1573373E-03  0.1000985E-01  0.1000873E-01
 0.3450000E+03  0.1562206E-03  0.1573385E-03  0.1000985E-01  0.1000874E-01
 0.3460000E+03  0.1562213E-03  0.1573396E-03  0.1000986E-01  0.1000874E-01
 0.3470000E+03  0.1562221E-03  0.1573408E-03  0.1000987E-01  0.1000875E-01
 0.3480000E+03  0.1562228E-03  0.1573420E-03  0.1000988E-01  0.1000876E-01
 0.3490000E+03  0.1562236E-03  0.1573432E-03  0.1000989E-01  0.1000877E-01
 0.3500000E+03  0.1562243E-03  0.1573443E-03  0.1000989E-01  0.1000877E-01
 0.3510000E+03  0.1562251E-03  0.1573455E-03  0.1000990E-01  0.1000878E-01
 0.3520000E+03  0.1562259E-03  0.1573467E-03  0.1000991E-01  0.1000879E-01
 0.3530000E+03  0.1562266E-03  0.1573479E-03  0.1000992E-01  0.1000880E-01
 0.3540000E+03  0.1562274E-03  0.1573491E-03  0.1000992E-01  0.1000880E-01
 0.3550000E+03  0.1562281E-03  0.1573502E-03  0.1000993E-01  0.1000881E-01
 0.3560000E+03  0.1562289E-03  0.1573514E-03  0.1000994E-01  0.1000882E-01
 0.3570000E+03  0.1562296E-03  0.1573526E-03  0.1000995E-01  0.1000883E-01
 0.3580000E+03  0.1562304E-03  0.1573538E-03  0.1000996E-01  0.1000883E-01
 0.3590000E+03  0.1562311E-03  0.1573549E-03  0.1000996E-01  0.1000884E-01
 0.3600000E+03  0.1562319E-03  0.1573561E-03  0.1000997E-01  0.1000885E-01
 0.3610000E+03  0.1562326E-03  0.1573573E-03  0.1000998E-01  0.1000886E-01
 0.3620000E+03  0.1562334E-03  0.1573584E-03  0.1000999E-01  0.1000886E-01
 0.3630000E+03  0.1562341E-03  0.1573596E-03  0.1001000E-01  0.1000887E-01
 0.3640000E+03  0.1562349E-03  0.1573608E-03  0.1001000E-01  0.1000888E-01
 0.3650000E+03  0.1562356E-03  0.1573620E-03  0.1001001E-01  0.1000889E-01
 0.3660000E+03  0.1562364E-03  0.1573631E-03  0.1001002E-01  0.1000889E-01
 0.3670000E+03  0.1562371E-03  0.1573643E-03  0.1001003E-01  0.1000890E-01
 0.3680000E+03  0.1562379E-03  0.1573655E-03  0.1001004E-01  0.1000891E-01
 0.3690000E+03  0.1562387E-03  0.1573667E-03  0.1001005E-01  0.1000892E-01
 0.3700000E+03  0.1562394E-03  0.1573678E-03  0.1001005E-01  0.1000892E-01
 0.3710000E+03  0.1562402E-03  0.1573690E-03  0.1001006E-01  0.1000893E-01
 0.3720000E+03  0.1562409E-03  0.1573702E-03  0.1001007E-01  0.1000894E-01
 0.3730000E+03  0.1562417E-03  0.1573713E-03  0.1001008E-01  0.1000895E-01
 0.3740000E+03  0.1562424E-03  0.1573725E-03  0.1001009E-01  0.1000896E-01
 0.3750000E+03  0.1562432E-03  0.1573737E-03  0.1001009E-01  0.1000896E-01
 0.3760000E+03  0.1562439E-03  0.1573749E-03  0.1001010E-01  0.1000897E-01
 0.3770000E+03  0.1562447E-03  0.1573760E-03  0.1001011E-01  0.1000898E-01
 0.3780000E+03  0.1562455E-03  0.1573772E-03  0.1001012E-01  0.1000899E-01
 0.3790000E+03  0.1562462E-03  0.1573784E-03  0.1001013E-01  0.1000899E-01
 0.3800000E+03  0.1562470E-03  0.1573795E-03  0.1001013E-01  0.1000900E-01
 0.3810000E+03  0.1562477E-03  0.1573807E-03  0.1001014E-01  0.1000901E-01
 0.3820000E+03  0.1562485E-03  0.1573819E-03  0.1001015E-01  0.1000902E-01
 0.3830000E+03  0.1562492E-03  0.1573830E-03  0.1001016E-01  0.1000902E-01
 0.3840000E+03  0.1562500E-03  0.1573842E-03  0.1001017E-01  0.1000903E-01
 0.3850000E+03  0.1562508E-03  0.1573854E-03  0.1001017E-01  0.1000904E-01
 0.3860000E+03  0.1562515E-03  0.1573866E-03  0.1001018E-01  0.1000905E-01
 0.3870000E+03  0.1562523E-03  0.1573877E-03  0.1001019E-01  0.1000906E-01
 0.3880000E+03  0.1562530E-03  0.1573889E-03  0.1001020E-01  0.1000906E-01
 0.3890000E+03  0.1562538E-03  0.1573901E-03  0.1001021E-01  0.1000907E-01
 0.3900000E+03  0.1562546E-03  0.1573912E-03  0.1001022E-01  0.1000908E-01
 0.3910000E+03  0.1562553E-03  0.1573924E-03  0.1001022E-01  0.1000909E-01
 0.3920000E+03  0.1562561E-03  0.1573936E-03  0.1001023E-01  0.1000909E-01
 0.3930000E+03  0.1562568E-03  0.1573947E-03  0.1001024E-01  0.1000910E-01
 0.3940000E+03  0.1562576E-03  0.1573959E-03  0.1001025E-01  0.1000911E-01
 0.3950000E+03  0.1562584E-03  0.1573971E-03  0.1001026E-01  0.1000912E-01
 0.3960000E+03  0.1562591E-03  0.1573982E-03  0.1001026E-01  0.1000912E-01
 0.3970000E+03  0.1562599E-03  0.1573994E-03  0.1001027E-01  0.1000913E-01
 0.3980000E+03  0.1562606E-03  0.1574006E-03  0.1001028E-01  0.1000914E-01
 0.3990000E+03  0.1562614E-03  0.1574017E-03  0.1001029E-01  0.1000915E-01
 0.4000000E+03  0.1562622E-03  0.1574029E-03  0.1001030E-01  0.1000916E-01
 0.4010000E+03  0.1562629E-03  0.1574041E-03  0.1001030E-01  0.1000916E-01
 0.4020000E+03  0.1562637E-03  0.1574052E-03  0.1001031E-01  0.1000917E-01
 0.4030000E+03  0.1562644E-03  0.1574064E-03  0.1001032E-01  0.1000918E-01
 0.4040000E+03  0.1562652E-03  0.1574076E-03  0.1001033E-01  0.1000919E-01
 0.4050000E+03  0.1562660E-03  0.1574088E-03  0.1001034E-01  0.1000919E-01
 0.4060000E+03  0.1562667E-03  0.1574099E-03  0.1001035E-01  0.1000920E-01
 0.4070000E+03  0.1562675E-03  0.1574111E-03  0.1001035E-01  0.1000921E-01
 0.4080000E+03  0.1562683E-03  0.1574123E-03  0.1001036E-01  0.1000922E-01
 0.4090000E+03  0.1562690E-03  0.1574134E-03  0.1001037E-01  0.1000923E-01
 0.4100000E+03  0.1562698E-03  0.1574146E-03  0.1001038E-01  0.1000923E-01
 0.4110000E+03  0.1562705E-03  0.1574158E-03  0.1001039E-01  0.1000924E-01
 0.4120000E+03  0.1562713E-03  0.1574169E-03  0.1001039E-01  0.1000925E-01
 0.4130000E+03  0.1562721E-03  0.1574181E-03  0.1001040E-01  0.1000926E-01
 0.4140000E+03  0.1562728E-03  0.1574193E-03  0.1001041E-01  0.1000926E-01
 0.4150000E+03  0.1562736E-03  0.1574204E-03  0.1001042E-01  0.1000927E-01
 0.4160000E+03  0.1562744E-03  0.1574216E-03  0.1001043E-01  0.1000928E-01
 0.4170000E+03  0.1562751E-03  0.1574228E-03  0.1001043E-01  0.1000929E-01
 0.4180000E+03  0.1562759E-03  0.1574239E-03  0.1001044E-01  0.1000929E-01
 0.4190000E+03  0.1562767E-03  0.1574251E-03  0.1001045E-01  0.1000930E-01
 0.4200000E+03  0.1562774E-03  0.1574263E-03  0.1001046E-01  0.1000931E-01
 0.4210000E+03  0.1562782E-03  0.1574274E-03  0.1001047E-01  0.1000932E-01
 0.4220000E+03  0.1562790E-03  0.1574286E-03  0.1001048E-01  0.1000933E-01
 0.4230000E+03  0.1562797E-03  0.1574298E-03  0.1001048E-01  0.1000933E-01
 0.4240000E+03  0.1562805E-03  0.1574309E-03  0.1001049E-01  0.1000934E-01
 0.4250000E+03  0.1562813E-03  0.1574321E-03  0.1001050E-01  0.1000935E-01
 0.4260000E+03  0.1562820E-03  0.1574333E-03  0.1001051E-01  0.1000936E-01
 0.4270000E+03  0.1562828E-03  0.1574344E-03  0.1001052E-01  0.1000936E-01
 0.4280000E+03  0.1562836E-03  0.1574356E-03  0.1001052E-01  0.1000937E-01
 0.4290000E+03  0.1562843E-03  0.1574368E-03  0.1001053E-01  0.1000938E-01
 0.4300000E+03  0.1562851E-03  0.1574379E-03  0.1001054E-01  0.1000939E-01
 0.4310000E+03  0.1562859E-03  0.1574391E-03  0.1001055E-01  0.1000940E-01
 0.4320000E+03  0.1562866E-03  0.1574403E-03  0.1001056E-01  0.1000940E-01
 0.4330000E+03  0.1562874E-03  0.1574414E-03  0.1001057E-01  0.1000941E-01
 0.4340000E+03  0.1562882E-03  0.1574426E-03  0.1001057E-01  0.1000942E-01
 0.4350000E+03  0.1562889E-03  0.1574438E-03  0.1001058E-01  0.1000943E-01
 0.4360000E+03  0.1562897E-03  0.1574449E-03  0.1001059E-01  0.1000943E-01
 0.4370000E+03  0.1562905E-03  0.1574461E-03  0.1001060E-01  0.1000944E-01
 0.4380000E+03  0.1562912E-03  0.1574473E-03  0.1001061E-01  0.1000945E-01
 0.4390000E+03  0.1562920E-03  0.1574485E-03  0.1001061E-01  0.1000946E-01
 0.4400000E+03  0.1562928E-03  0.1574496E-03  0.1001062E-01  0.1000947E-01
 0.4410000E+03  0.1562935E-03  0.1574508E-03  0.1001063E-01  0.1000947E-01
 0.4420000E+03  0.1562943E-03  0.1574520E-03  0.1001064E-01  0.1000948E-01
 0.4430000E+03  0.1562951E-03  0.1574531E-03  0.1001065E-01  0.1000949E-01
 0.4440000E+03  0.1562959E-03  0.1574543E-03  0.1001066E-01  0.1000950E-01
 0.4450000E+03  0.1562966E-03  0.1574555E-03  0.1001066E-01  0.1000950E-01
 0.4460000E+03  0.1562974E-03  0.1574566E-03  0.1001067E-01  0.1000951E-01
 0.4470000E+03  0.1562982E-03  0.1574578E-03  0.1001068E-01  0.1000952E-01
 0.4480000E+03  0.1562989E-03  0.1574590E-03  0.1001069E-01  0.1000953E-01
 0.4490000E+03  0.1562997E-03  0.1574601E-03  0.1001070E-01  0.1000954E-01
 0.4500000E+03  0.1563005E-03  0.1574613E-03  0.1001070E-01  0.1000954E-01
 0.4510000E+03  0.1563013E-03  0.1574625E-03  0.1001071E-01  0.1000955E-01
 0.4520000E+03  0.1563020E-03  0.1574636E-03  0.1001072E-01  0.1000956E-01
 0.4530000E+03  0.1563028E-03  0.1574648E-03  0.1001073E-01  0.1000957E-01
 0.4540000E+03  0.1563036E-03  0.1574660E-03  0.1001074E-01  0.1000957E-01
 0.4550000E+03  0.1563043E-03  0.1574672E-03  0.1001074E-01  0.1000958E-01
 0.4560000E+03  0.1563051E-03  0.1574683E-03  0.1001075E-01  0.1000959E-01
 0.4570000E+03  0.1563059E-03  0.1574695E-03  0.1001076E-01  0.1000960E-01
 0.4580000E+03  0.1563067E-03  0.1574707E-03  0.1001077E-01  0.1000961E-01
 0.4590000E+03  0.1563074E-03  0.1574718E-03  0.1001078E-01  0.1000961E-01
 0.4600000E+03  0.1563082E-03  0.1574730E-03  0.1001079E-01  0.1000962E-01
 0.4610000E+03  0.1563090E-03  0.1574742E-03  0.1001079E-01  0.1000963E-01
 0.4620000E+03  0.1563098E-03  0.1574753E-03  0.1001080E-01  0.1000964E-01
 0.4630000E+03  0.1563105E-03  0.1574765E-03  0.1001081E-01  0.1000964E-01
 0.4640000E+03  0.1563113E-03  0.1574777E-03  0.1001082E-01  0.1000965E-01
 0.4650000E+03  0.1563121E-03  0.1574789E-03  0.1001083E-01  0.1000966E-01
 0.4660000E+03  0.1563129E-03  0.1574800E-03  0.1001083E-01  0.1000967E-01
 0.4670000E+03  0.1563136E-03  0.1574812E-03  0.1001084E-01  0.1000968E-01
 0.4680000E+03  0.1563144E-03  0.1574824E-03  0.1001085E-01  0.1000968E-01
 0.4690000E+03  0.1563152E-03  0.1574835E-03  0.1001086E-01  0.1000969E-01
 0.4700000E+03  0.1563160E-03  0.1574847E-03  0.1001087E-01  0.1000970E-01
 0.4710000E+03  0.1563167E-03  0.1574859E-03  0.1001088E-01  0.1000971E-01
 0.4720000E+03  0.1563175E-03  0.1574871E-03  0.1001088E-01  0.1000971E-01
 0.4730000E+03  0.1563183E-03  0.1574882E-03  0.1001089E-01  0.1000972E-01
 0.4740000E+03  0.1563191E-03  0.1574894E-03  0.1001090E-01  0.1000973E-01
 0.4750000E+03  0.1563198E-03  0.1574906E-03  0.1001091E-01  0.1000974E-01
 0.4760000E+03  0.1563206E-03  0.1574917E-03  0.1001092E-01  0.1000975E-01
 0.4770000E+03  0.1563214E-03  0.1574929E-03  0.1001092E-01  0.1000975E-01
 0.4780000E+03  0.1563222E-03  0.1574941E-03  0.1001093E-01  0.1000976E-01
 0.4790000E+03  0.1563229E-03  0.1574953E-03  0.1001094E-01  0.1000977E-01
 0.4800000E+03  0.1563237E-03  0.1574964E-03  0.1001095E-01  0.1000978E-01
 0.4810000E+03  0.1563245E-03  0.1574976E-03  0.1001096E-01  0.1000978E-01
 0.4820000E+03  0.1563253E-03  0.1574988E-03  0.1001097E-01  0.1000979E-01
 0.4830000E+03  0.1563261E-03  0.1575000E-03  0.1001097E-01  0.1000980E-01
 0.4840000E+03  0.1563268E-03  0.1575011E-03  0.1001098E-01  0.1000981E-01
 0.4850000E+03  0.1563276E-03  0.1575023E-03  0.1001099E-01  0.1000982E-01
 0.4860000E+03  0.1563284E-03  0.1575035E-03  0.1001100E-01  0.1000982E-01
 0.4870000E+03  0.1563292E-03  0.1575047E-03  0.1001101E-01  0.1000983E-01
 0.4880000E+03  0.1563300E-03  0.1575058E-03  0.1001101E-01  0.1000984E-01
 0.4890000E+03  0.1563307E-03  0.1575070E-03  0.1001102E-01  0.1000985E-01
 0.4900000E+03  0.1563315E-03  0.1575082E-03  0.1001103E-01  0.1000985E-01
 0.4910000E+03  0.1563323E-03  0.1575093E-03  0.1001104E-01  0.1000986E-01
 0.4920000E+03  0.1563331E-03  0.1575105E-03  0.1001105E-01  0.1000987E-01
 0.4930000E+03  0.1563339E-03  0.1575117E-03  0.1001106E-01  0.1000988E-01
 0.4940000E+03  0.1563346E-03  0.1575129E-03  0.1001106E-01  0.1000989E-01
 0.4950000E+03  0.1563354E-03  0.1575140E-03  0.1001107E-01  0.1000989E-01
 0.4960000E+03  0.1563362E-03  0.1575152E-03  0.1001108E-01  0.1000990E-01
 0.4970000E+03  0.1563370E-03  0.1575164E-03  0.1001109E-01  0.1000991E-01
 0.4980000E+03  0.1563378E-03  0.1575176E-03  0.1001110E-01  0.1000992E-01
 0.4990000E+03  0.1563385E-03  0.1575187E-03  0.1001110E-01  0.1000992E-01
 0.5000000E+03  0.1563393E-03  0.1575199E-03  0.1001111E-01  0.1000993E-01
 0.5010000E+03  0.1563401E-03  0.1575211E-03  0.1001112E-01  0.1000994E-01
 0.5020000E+03  0.1563409E-03  0.1575223E-03  0.1001113E-01  0.1000995E-01
 0.5030000E+03  0.1563417E-03  0.1575235E-03  0.1001114E-01  0.1000996E-01
 0.5040000E+03  0.1563424E-03  0.1575246E-03  0.1001115E-01  0.1000996E-01
 0.5050000E+03  0.1563432E-03  0.1575258E-03  0.1001115E-01  0.1000997E-01
 0.5060000E+03  0.1563440E-03  0.1575270E-03  0.1001116E-01  0.1000998E-01
 0.5070000E+03  0.1563448E-03  0.1575282E-03  0.1001117E-01  0.1000999E-01
 0.5080000E+03  0.1563456E-03  0.1575293E-03  0.1001118E-01  0.1000999E-01
 0.5090000E+03  0.1563464E-03  0.1575305E-03  0.1001119E-01  0.1001000E-01
 0.5100000E+03  0.1563471E-03  0.1575317E-03  0.1001119E-01  0.1001001E-01
 0.5110000E+03  0.1563479E-03  0.1575329E-03  0.1001120E-01  0.1001002E-01
 0.5120000E+03  0.1563487E-03  0.1575340E-03  0.1001121E-01  0.1001003E-01
 0.5130000E+03  0.1563495E-03  0.1575352E-03  0.1001122E-01  0.1001003E-01
 0.5140000E+03  0.1563503E-03  0.1575364E-03  0.1001123E-01  0.1001004E-01
 0.5150000E+03  0.1563511E-03  0.1575376E-03  0.1001123E-01  0.1001005E-01
 0.5160000E+03  0.1563519E-03  0.1575388E-03  0.1001124E-01  0.1001006E-01
 0.5170000E+03  0.1563526E-03  0.1575399E-03  0.1001125E-01  0.1001006E-01
 0.5180000E+03  0.1563534E-03  0.1575411E-03  0.1001126E-01  0.1001007E-01
 0.5190000E+03  0.1563542E-03  0.1575423E-03  0.1001127E-01  0.1001008E-01
 0.5200000E+03  0.1563550E-03  0.1575435E-03  0.1001128E-01  0.1001009E-01
 0.5210000E+03  0.1563558E-03  0.1575447E-03  0.1001128E-01  0.1001009E-01
 0.5220000E+03  0.1563566E-03  0.1575458E-03  0.1001129E-01  0.1001010E-01
 0.5230000E+03  0.1563574E-03  0.1575470E-03  0.1001130E-01  0.1001011E-01
 0.5240000E+03  0.1563581E-03  0.1575482E-03  0.1001131E-01  0.1001012E-01
 0.5250000E+03  0.1563589E-03  0.1575494E-03  0.1001132E-01  0.1001013E-01
 0.5260000E+03  0.1563597E-03  0.1575505E-03  0.1001132E-01  0.1001013E-01
 0.5270000E+03  0.1563605E-03  0.1575517E-03  0.1001133E-01  0.1001014E-01
 0.5280000E+03  0.1563613E-03  0.1575529E-03  0.1001134E-01  0.1001015E-01
 0.5290000E+03  0.1563621E-03  0.1575541E-03  0.1001135E-01  0.1001016E-01
 0.5300000E+03  0.1563629E-03  0.1575553E-03  0.1001136E-01  0.1001016E-01
 0.5310000E+03  0.1563636E-03  0.1575565E-03  0.1001137E-01  0.1001017E-01
 0.5320000E+03  0.1563644E-03  0.1575576E-03  0.1001137E-01  0.1001018E-01
 0.5330000E+03  0.1563652E-03  0.1575588E-03  0.1001138E-01  0.1001019E-01
 0.5340000E+03  0.1563660E-03  0.1575600E-03  0.1001139E-01  0.1001020E-01
 0.5350000E+03  0.1563668E-03  0.1575612E-03  0.1001140E-01  0.1001020E-01
 0.5360000E+03  0.1563676E-03  0.1575624E-03  0.1001141E-01  0.1001021E-01
 0.5370000E+03  0.1563684E-03  0.1575635E-03  0.1001141E-01  0.1001022E-01
 0.5380000E+03  0.1563692E-03  0.1575647E-03  0.1001142E-01  0.1001023E-01
 0.5390000E+03  0.1563700E-03  0.1575659E-03  0.1001143E-01  0.1001023E-01
 0.5400000E+03  0.1563707E-03  0.1575671E-03  0.1001144E-01  0.1001024E-01
 0.5410000E+03  0.1563715E-03  0.1575683E-03  0.1001145E-01  0.1001025E-01
 0.5420000E+03  0.1563723E-03  0.1575695E-03  0.1001146E-01  0.1001026E-01
 0.5430000E+03  0.1563731E-03  0.1575706E-03  0.1001146E-01  0.1001027E-01
 0.5440000E+03  0.1563739E-03  0.1575718E-03  0.1001147E-01  0.1001027E-01
 0.5450000E+03  0.1563747E-03  0.1575730E-03  0.1001148E-01  0.1001028E-01
 0.5460000E+03  0.1563755E-03  0.1575742E-03  0.1001149E-01  0.1001029E-01
 0.5470000E+03  0.1563763E-03  0.1575754E-03  0.1001150E-01  0.1001030E-01
 0.5480000E+03  0.1563771E-03  0.1575766E-03  0.1001150E-01  0.1001030E-01
 0.5490000E+03  0.1563779E-03  0.1575777E-03  0.1001151E-01  0.1001031E-01
 0.5500000E+03  0.1563787E-03  0.1575789E-03  0.1001152E-01  0.1001032E-01
 0.5510000E+03  0.1563794E-03  0.1575801E-03  0.1001153E-01  0.1001033E-01
 0.5520000E+03  0.1563802E-03  0.1575813E-03  0.1001154E-01  0.1001034E-01
 0.5530000E+03  0.1563810E-03  0.1575825E-03  0.1001155E-01  0.1001034E-01
 0.5540000E+03  0.1563818E-03  0.1575837E-03  0.1001155E-01  0.1001035E-01
 0.5550000E+03  0.1563826E-03  0.1575848E-03  0.1001156E-01  0.1001036E-01
 0.5560000E+03  0.1563834E-03  0.1575860E-03  0.1001157E-01  0.1001037E-01
 0.5570000E+03  0.1563842E-03  0.1575872E-03  0.1001158E-01  0.1001037E-01
 0.5580000E+03  0.1563850E-03  0.1575884E-03  0.1001159E-01  0.1001038E-01
 0.5590000E+03  0.1563858E-03  0.1575896E-03  0.1001159E-01  0.1001039E-01
 0.5600000E+03  0.1563866E-03  0.1575908E-03  0.1001160E-01  0.1001040E-01
 0.5610000E+03  0.1563874E-03  0.1575920E-03  0.1001161E-01  0.1001041E-01
 0.5620000E+03  0.1563882E-03  0.1575931E-03  0.1001162E-01  0.1001041E-01
 0.5630000E+03  0.1563890E-03  0.1575943E-03  0.1001163E-01  0.1001042E-01
 0.5640000E+03  0.1563898E-03  0.1575955E-03  0.1001163E-01  0.1001043E-01
 0.5650000E+03  0.1563905E-03  0.1575967E-03  0.1001164E-01  0.1001044E-01
 0.5660000E+03  0.1563913E-03  0.1575979E-03  0.1001165E-01  0.1001044E-01
 0.5670000E+03  0.1563921E-03  0.1575991E-03  0.1001166E-01  0.1001045E-01
 0.5680000E+03  0.1563929E-03  0.1576003E-03  0.1001167E-01  0.1001046E-01
 0.5690000E+03  0.1563937E-03  0.1576015E-03  0.1001168E-01  0.1001047E-01
 0.5700000E+03  0.1563945E-03  0.1576026E-03  0.1001168E-01  0.1001048E-01
 0.5710000E+03  0.1563953E-03  0.1576038E-03  0.1001169E-01  0.1001048E-01
 0.5720000E+03  0.1563961E-03  0.1576050E-03  0.1001170E-01  0.1001049E-01
 0.5730000E+03  0.1563969E-03  0.1576062E-03  0.1001171E-01  0.1001050E-01
 0.5740000E+03  0.1563977E-03  0.1576074E-03  0.1001172E-01  0.1001051E-01
 0.5750000E+03  0.1563985E-03  0.1576086E-03  0.1001172E-01  0.1001051E-01
 0.5760000E+03  0.1563993E-03  0.1576098E-03  0.1001173E-01  0.1001052E-01
 0.5770000E+03  0.1564001E-03  0.1576110E-03  0.1001174E-01  0.1001053E-01
 0.5780000E+03  0.1564009E-03  0.1576122E-03  0.1001175E-01  0.1001054E-01
 0.5790000E+03  0.1564017E-03  0.1576133E-03  0.1001176E-01  0.1001055E-01
 0.5800000E+03  0.1564025E-03  0.1576145E-03  0.1001177E-01  0.1001055E-01
 0.5810000E+03  0.1564033E-03  0.1576157E-03  0.1001177E-01  0.1001056E-01
 0.5820000E+03  0.1564041E-03  0.1576169E-03  0.1001178E-01  0.1001057E-01
 0.5830000E+03  0.1564049E-03  0.1576181E-03  0.1001179E-01  0.1001058E-01
 0.5840000E+03  0.1564057E-03  0.1576193E-03  0.1001180E-01  0.1001058E-01
 0.5850000E+03  0.1564065E-03  0.1576205E-03  0.1001181E-01  0.1001059E-01
 0.5860000E+03  0.1564073E-03  0.1576217E-03  0.1001181E-01  0.1001060E-01
 0.5870000E+03  0.1564081E-03  0.1576229E-03  0.1001182E-01  0.1001061E-01
 0.5880000E+03  0.1564089E-03  0.1576241E-03  0.1001183E-01  0.1001062E-01
 0.5890000E+03  0.1564097E-03  0.1576253E-03  0.1001184E-01  0.1001062E-01
 0.5900000E+03  0.1564105E-03  0.1576264E-03  0.1001185E-01  0.1001063E-01
 0.5910000E+03  0.1564113E-03  0.1576276E-03  0.1001186E-01  0.1001064E-01
 0.5920000E+03  0.1564121E-03  0.1576288E-03  0.1001186E-01  0.1001065E-01
 0.5930000E+03  0.1564129E-03  0.1576300E-03  0.1001187E-01  0.1001065E-01
 0.5940000E+03  0.1564137E-03  0.1576312E-03  0.1001188E-01  0.1001066E-01
 0.5950000E+03  0.1564145E-03  0.1576324E-03  0.1001189E-01  0.1001067E-01
 0.5960000E+03  0.1564153E-03  0.1576336E-03  0.1001190E-01  0.1001068E-01
 0.5970000E+03  0.1564161E-03  0.1576348E-03  0.1001190E-01  0.1001069E-01
 0.5980000E+03  0.1564169E-03  0.1576360E-03  0.1001191E-01  0.1001069E-01
 0.5990000E+03  0.1564177E-03  0.1576372E-03  0.1001192E-01  0.1001070E-01
 0.6000000E+03  0.1564185E-03  0.1576384E-03  0.1001193E-01  0.1001071E-01
 0.6010000E+03  0.1564193E-03  0.1576396E-03  0.1001194E-01  0.1001072E-01
 0.6020000E+03  0.1564201E-03  0.1576408E-03  0.1001195E-01  0.1001072E-01
 0.6030000E+03  0.1564209E-03  0.1576420E-03  0.1001195E-01  0.1001073E-01
 0.6040000E+03  0.1564217E-03  0.1576431E-03  0.1001196E-01  0.1001074E-01
 0.6050000E+03  0.1564225E-03  0.1576443E-03  0.1001197E-01  0.1001075E-01
 0.6060000E+03  0.1564233E-03  0.1576455E-03  0.1001198E-01  0.1001076E-01
 0.6070000E+03  0.1564241E-03  0.1576467E-03  0.1001199E-01  0.1001076E-01
 0.6080000E+03  0.1564249E-03  0.1576479E-03  0.1001199E-01  0.1001077E-01
 0.6090000E+03  0.1564257E-03  0.1576491E-03  0.1001200E-01  0.1001078E-01
 0.6100000E+03  0.1564265E-03  0.1576503E-03  0.1001201E-01  0.1001079E-01
 0.6110000E+03  0.1564273E-03  0.1576515E-03  0.1001202E-01  0.1001079E-01
 0.6120000E+03  0.1564281E-03  0.1576527E-03  0.1001203E-01  0.1001080E-01
 0.6130000E+03  0.1564289E-03  0.1576539E-03  0.1001203E-01  0.1001081E-01
 0.6140000E+03  0.1564297E-03  0.1576551E-03  0.1001204E-01  0.1001082E-01
 0.6150000E+03  0.1564305E-03  0.1576563E-03  0.1001205E-01  0.1001083E-01
 0.6160000E+03  0.1564313E-03  0.1576575E-03  0.1001206E-01  0.1001083E-01
 0.6170000E+03  0.1564321E-03  0.1576587E-03  0.1001207E-01  0.1001084E-01
 0.6180000E+03  0.1564329E-03  0.1576599E-03  0.1001208E-01  0.1001085E-01
 0.6190000E+03  0.1564337E-03  0.1576611E-03  0.1001208E-01  0.1001086E-01
 0.6200000E+03  0.1564345E-03  0.1576623E-03  0.1001209E-01  0.1001086E-01
 0.6210000E+03  0.1564354E-03  0.1576635E-03  0.1001210E-01  0.1001087E-01
 0.6220000E+03  0.1564362E-03  0.1576647E-03  0.1001211E-01  0.1001088E-01
 0.6230000E+03  0.1564370E-03  0.1576659E-03  0.1001212E-01  0.1001089E-01
 0.6240000E+03  0.1564378E-03  0.1576671E-03  0.1001212E-01  0.1001090E-01
 0.6250000E+03  0.1564386E-03  0.1576683E-03  0.1001213E-01  0.1001090E-01
 0.6260000E+03  0.1564394E-03  0.1576695E-03  0.1001214E-01  0.1001091E-01
 0.6270000E+03  0.1564402E-03  0.1576707E-03  0.1001215E-01  0.1001092E-01
 0.6280000E+03  0.1564410E-03  0.1576719E-03  0.1001216E-01  0.1001093E-01
 0.6290000E+03  0.1564418E-03  0.1576731E-03  0.1001217E-01  0.1001093E-01
 0.6300000E+03  0.1564426E-03  0.1576743E-03  0.1001217E-01  0.1001094E-01
 0.6310000E+03  0.1564434E-03  0.1576755E-03  0.1001218E-01  0.1001095E-01
 0.6320000E+03  0.1564442E-03  0.1576767E-03  0.1001219E-01  0.1001096E-01
 0.6330000E+03  0.1564450E-03  0.1576779E-03  0.1001220E-01  0.1001097E-01
 0.6340000E+03  0.1564458E-03  0.1576791E-03  0.1001221E-01  0.1001097E-01
 0.6350000E+03  0.1564466E-03  0.1576803E-03  0.1001221E-01  0.1001098E-01
 0.6360000E+03  0.1564475E-03  0.1576815E-03  0.1001222E-01  0.1001099E-01
 0.6370000E+03  0.1564483E-03  0.1576827E-03  0.1001223E-01  0.1001100E-01
 0.6380000E+03  0.1564491E-03  0.1576839E-03  0.1001224E-01  0.1001100E-01
 0.6390000E+03  0.1564499E-03  0.1576851E-03  0.1001225E-01  0.1001101E-01
 0.6400000E+03  0.1564507E-03  0.1576863E-03  0.1001226E-01  0.1001102E-01
 0.6410000E+03  0.1564515E-03  0.1576875E-03  0.1001226E-01  0.1001103E-01
 0.6420000E+03  0.1564523E-03  0.1576887E-03  0.1001227E-01  0.1001104E-01
 0.6430000E+03  0.1564531E-03  0.1576899E-03  0.1001228E-01  0.1001104E-01
 0.6440000E+03  0.1564539E-03  0.1576911E-03  0.1001229E-01  0.1001105E-01
 0.6450000E+03  0.1564547E-03  0.1576923E-03  0.1001230E-01  0.1001106E-01
 0.6460000E+03  0.1564556E-03  0.1576935E-03  0.1001230E-01  0.1001107E-01
 0.6470000E+03  0.1564564E-03  0.1576947E-03  0.1001231E-01  0.1001107E-01
 0.6480000E+03  0.1564572E-03  0.1576959E-03  0.1001232E-01  0.1001108E-01
 0.6490000E+03  0.1564580E-03  0.1576971E-03  0.1001233E-01  0.1001109E-01
 0.6500000E+03  0.1564588E-03  0.1576983E-03  0.1001234E-01  0.1001110E-01
 0.6510000E+03  0.1564596E-03  0.1576995E-03  0.1001234E-01  0.1001111E-01
 0.6520000E+03  0.1564604E-03  0.1577007E-03  0.1001235E-01  0.1001111E-01
 0.6530000E+03  0.1564612E-03  0.1577019E-03  0.1001236E-01  0.1001112E-01
 0.6540000E+03  0.1564620E-03  0.1577031E-03  0.1001237E-01  0.1001113E-01
 0.6550000E+03  0.1564629E-03  0.1577043E-03  0.1001238E-01  0.1001114E-01
 0.6560000E+03  0.1564637E-03  0.1577055E-03  0.1001239E-01  0.1001114E-01
 0.6570000E+03  0.1564645E-03  0.1577067E-03  0.1001239E-01  0.1001115E-01
 0.6580000E+03  0.1564653E-03  0.1577079E-03  0.1001240E-01  0.1001116E-01
 0.6590000E+03  0.1564661E-03  0.1577091E-03  0.1001241E-01  0.1001117E-01
 0.6600000E+03  0.1564669E-03  0.1577103E-03  0.1001242E-01  0.1001118E-01
 0.6610000E+03  0.1564677E-03  0.1577115E-03  0.1001243E-01  0.1001118E-01
 0.6620000E+03  0.1564685E-03  0.1577128E-03  0.1001243E-01  0.1001119E-01
 0.6630000E+03  0.1564694E-03  0.1577140E-03  0.1001244E-01  0.1001120E-01
 0.6640000E+03  0.1564702E-03  0.1577152E-03  0.1001245E-01  0.1001121E-01
 0.6650000E+03  0.1564710E-03  0.1577164E-03  0.1001246E-01  0.1001121E-01
 0.6660000E+03  0.1564718E-03  0.1577176E-03  0.1001247E-01  0.1001122E-01
 0.6670000E+03  0.1564726E-03  0.1577188E-03  0.1001248E-01  0.1001123E-01
 0.6680000E+03  0.1564734E-03  0.1577200E-03  0.1001248E-01  0.1001124E-01
 0.6690000E+03  0.1564742E-03  0.1577212E-03  0.1001249E-01  0.1001124E-01
 0.6700000E+03  0.1564751E-03  0.1577224E-03  0.1001250E-01  0.1001125E-01
 0.6710000E+03  0.1564759E-03  0.1577236E-03  0.1001251E-01  0.1001126E-01
 0.6720000E+03  0.1564767E-03  0.1577248E-03  0.1001252E-01  0.1001127E-01
 0.6730000E+03  0.1564775E-03  0.1577260E-03  0.1001252E-01  0.1001128E-01
 0.6740000E+03  0.1564783E-03  0.1577272E-03  0.1001253E-01  0.1001128E-01
 0.6750000E+03  0.1564791E-03  0.1577284E-03  0.1001254E-01  0.1001129E-01
 0.6760000E+03  0.1564800E-03  0.1577297E-03  0.1001255E-01  0.1001130E-01
 0.6770000E+03  0.1564808E-03  0.1577309E-03  0.1001256E-01  0.1001131E-01
 0.6780000E+03  0.1564816E-03  0.1577321E-03  0.1001257E-01  0.1001131E-01
 0.6790000E+03  0.1564824E-03  0.1577333E-03  0.1001257E-01  0.1001132E-01
 0.6800000E+03  0.1564832E-03  0.1577345E-03  0.1001258E-01  0.1001133E-01
 0.6810000E+03  0.1564840E-03  0.1577357E-03  0.1001259E-01  0.1001134E-01
 0.6820000E+03  0.1564849E-03  0.1577369E-03  0.1001260E-01  0.1001135E-01
 0.6830000E+03  0.1564857E-03  0.1577381E-03  0.1001261E-01  0.1001135E-01
 0.6840000E+03  0.1564865E-03  0.1577393E-03  0.1001261E-01  0.1001136E-01
 0.6850000E+03  0.1564873E-03  0.1577405E-03  0.1001262E-01  0.1001137E-01
 0.6860000E+03  0.1564881E-03  0.1577417E-03  0.1001263E-01  0.1001138E-01
 0.6870000E+03  0.1564890E-03  0.1577430E-03  0.1001264E-01  0.1001138E-01
 0.6880000E+03  0.1564898E-03  0.1577442E-03  0.1001265E-01  0.1001139E-01
 0.6890000E+03  0.1564906E-03  0.1577454E-03  0.1001266E-01  0.1001140E-01
 0.6900000E+03  0.1564914E-03  0.1577466E-03  0.1001266E-01  0.1001141E-01
 0.6910000E+03  0.1564922E-03  0.1577478E-03  0.1001267E-01  0.1001142E-01
 0.6920000E+03  0.1564930E-03  0.1577490E-03  0.1001268E-01  0.1001142E-01
 0.6930000E+03  0.1564939E-03  0.1577502E-03  0.1001269E-01  0.1001143E-01
 0.6940000E+03  0.1564947E-03  0.1577514E-03  0.1001270E-01  0.1001144E-01
 0.6950000E+03  0.1564955E-03  0.1577526E-03  0.1001270E-01  0.1001145E-01
 0.6960000E+03  0.1564963E-03  0.1577539E-03  0.1001271E-01  0.1001145E-01
 0.6970000E+03  0.1564971E-03  0.1577551E-03  0.1001272E-01  0.1001146E-01
 0.6980000E+03  0.1564980E-03  0.1577563E-03  0.1001273E-01  0.1001147E-01
 0.6990000E+03  0.1564988E-03  0.1577575E-03  0.1001274E-01  0.1001148E-01
 0.7000000E+03  0.1564996E-03  0.1577587E-03  0.1001274E-01  0.1001149E-01
 0.7010000E+03  0.1565004E-03  0.1577599E-03  0.1001275E-01  0.1001149E-01
 0.7020000E+03  0.1565013E-03  0.1577611E-03  0.1001276E-01  0.1001150E-01
 0.7030000E+03  0.1565021E-03  0.1577624E-03  0.1001277E-01  0.1001151E-01
 0.7040000E+03  0.1565029E-03  0.1577636E-03  0.1001278E-01  0.1001152E-01
 0.7050000E+03  0.1565037E-03  0.1577648E-03  0.1001279E-01  0.1001152E-01
 0.7060000E+03  0.1565045E-03  0.1577660E-03  0.1001279E-01  0.1001153E-01
 0.7070000E+03  0.1565054E-03  0.1577672E-03  0.1001280E-01  0.1001154E-01
 0.7080000E+03  0.1565062E-03  0.1577684E-03  0.1001281E-01  0.1001155E-01
 0.7090000E+03  0.1565070E-03  0.1577696E-03  0.1001282E-01  0.1001156E-01
 0.7100000E+03  0.1565078E-03  0.1577709E-03  0.1001283E-01  0.1001156E-01
 0.7110000E+03  0.1565087E-03  0.1577721E-03  0.1001283E-01  0.1001157E-01
 0.7120000E+03  0.1565095E-03  0.1577733E-03  0.1001284E-01  0.1001158E-01
 0.7130000E+03  0.1565103E-03  0.1577745E-03  0.1001285E-01  0.1001159E-01
 0.7140000E+03  0.1565111E-03  0.1577757E-03  0.1001286E-01  0.1001159E-01
 0.7150000E+03  0.1565119E-03  0.1577769E-03  0.1001287E-01  0.1001160E-01
 0.7160000E+03  0.1565128E-03  0.1577781E-03  0.1001288E-01  0.1001161E-01
 0.7170000E+03  0.1565136E-03  0.1577794E-03  0.1001288E-01  0.1001162E-01
 0.7180000E+03  0.1565144E-03  0.1577806E-03  0.1001289E-01  0.1001163E-01
 0.7190000E+03  0.1565152E-03  0.1577818E-03  0.1001290E-01  0.1001163E-01
 0.7200000E+03  0.1565161E-03  0.1577830E-03  0.1001291E-01  0.1001164E-01
 0.7210000E+03  0.1565169E-03  0.1577842E-03  0.1001292E-01  0.1001165E-01
 0.7220000E+03  0.1565177E-03  0.1577854E-03  0.1001292E-01  0.1001166E-01
 0.7230000E+03  0.1565185E-03  0.1577867E-03  0.1001293E-01  0.1001166E-01
 0.7240000E+03  0.1565194E-03  0.1577879E-03  0.1001294E-01  0.1001167E-01
 0.7250000E+03  0.1565202E-03  0.1577891E-03  0.1001295E-01  0.1001168E-01
 0.7260000E+03  0.1565210E-03  0.1577903E-03  0.1001296E-01  0.1001169E-01
 0.7270000E+03  0.1565219E-03  0.1577915E-03  0.1001297E-01  0.1001170E-01
 0.7280000E+03  0.1565227E-03  0.1577928E-03  0.1001297E-01  0.1001170E-01
 0.7290000E+03  0.1565235E-03  0.1577940E-03  0.1001298E-01  0.1001171E-01
 0.7300000E+03  0.1565243E-03  0.1577952E-03  0.1001299E-01  0.1001172E-01
 0.7310000E+03  0.1565252E-03  0.1577964E-03  0.1001300E-01  0.1001173E-01
 0.7320000E+03  0.1565260E-03  0.1577976E-03  0.1001301E-01  0.1001173E-01
 0.7330000E+03  0.1565268E-03  0.1577989E-03  0.1001301E-01  0.1001174E-01
 0.7340000E+03  0.1565276E-03  0.1578001E-03  0.1001302E-01  0.1001175E-01
 0.7350000E+03  0.1565285E-03  0.1578013E-03  0.1001303E-01  0.1001176E-01
 0.7360000E+03  0.1565293E-03  0.1578025E-03  0.1001304E-01  0.1001177E-01
 0.7370000E+03  0.1565301E-03  0.1578037E-03  0.1001305E-01  0.1001177E-01
 0.7380000E+03  0.1565310E-03  0.1578050E-03  0.1001305E-01  0.1001178E-01
 0.7390000E+03  0.1565318E-03  0.1578062E-03  0.1001306E-01  0.1001179E-01
 0.7400000E+03  0.1565326E-03  0.1578074E-03  0.1001307E-01  0.1001180E-01
 0.7410000E+03  0.1565334E-03  0.1578086E-03  0.1001308E-01  0.1001180E-01
 0.7420000E+03  0.1565343E-03  0.1578098E-03  0.1001309E-01  0.1001181E-01
 0.7430000E+03  0.1565351E-03  0.1578111E-03  0.1001310E-01  0.1001182E-01
 0.7440000E+03  0.1565359E-03  0.1578123E-03  0.1001310E-01  0.1001183E-01
 0.7450000E+03  0.1565368E-03  0.1578135E-03  0.1001311E-01  0.1001184E-01
 0.7460000E+03  0.1565376E-03  0.1578147E-03  0.1001312E-01  0.1001184E-01
 0.7470000E+03  0.1565384E-03  0.1578159E-03  0.1001313E-01  0.1001185E-01
 0.7480000E+03  0.1565393E-03  0.1578172E-03  0.1001314E-01  0.1001186E-01
 0.7490000E+03  0.1565401E-03  0.1578184E-03  0.1001314E-01  0.1001187E-01
 0.7500000E+03  0.1565409E-03  0.1578196E-03  0.1001315E-01  0.1001187E-01
 0.7510000E+03  0.1565417E-03  0.1578208E-03  0.1001316E-01  0.1001188E-01
 0.7520000E+03  0.1565426E-03  0.1578221E-03  0.1001317E-01  0.1001189E-01
 0.7530000E+03  0.1565434E-03  0.1578233E-03  0.1001318E-01  0.1001190E-01
 0.7540000E+03  0.1565442E-03  0.1578245E-03  0.1001319E-01  0.1001191E-01
 0.7550000E+03  0.1565451E-03  0.1578257E-03  0.1001319E-01  0.1001191E-01
 0.7560000E+03  0.1565459E-03  0.1578270E-03  0.1001320E-01  0.1001192E-01
 0.7570000E+03  0.1565467E-03  0.1578282E-03  0.1001321E-01  0.1001193E-01
 0.7580000E+03  0.1565476E-03  0.1578294E-03  0.1001322E-01  0.1001194E-01
 0.7590000E+03  0.1565484E-03  0.1578306E-03  0.1001323E-01  0.1001194E-01
 0.7600000E+03  0.1565492E-03  0.1578319E-03  0.1001323E-01  0.1001195E-01
 0.7610000E+03  0.1565501E-03  0.1578331E-03  0.1001324E-01  0.1001196E-01
 0.7620000E+03  0.1565509E-03  0.1578343E-03  0.1001325E-01  0.1001197E-01
 0.7630000E+03  0.1565517E-03  0.1578355E-03  0.1001326E-01  0.1001198E-01
 0.7640000E+03  0.1565526E-03  0.1578368E-03  0.1001327E-01  0.1001198E-01
 0.7650000E+03  0.1565534E-03  0.1578380E-03  0.1001328E-01  0.1001199E-01
 0.7660000E+03  0.1565542E-03  0.1578392E-03  0.1001328E-01  0.1001200E-01
 0.7670000E+03  0.1565551E-03  0.1578404E-03  0.1001329E-01  0.1001201E-01
 0.7680000E+03  0.1565559E-03  0.1578417E-03  0.1001330E-01  0.1001201E-01
 0.7690000E+03  0.1565567E-03  0.1578429E-03  0.1001331E-01  0.1001202E-01
 0.7700000E+03  0.1565576E-03  0.1578441E-03  0.1001332E-01  0.1001203E-01
 0.7710000E+03  0.1565584E-03  0.1578453E-03  0.1001332E-01  0.1001204E-01
 0.7720000E+03  0.1565592E-03  0.1578466E-03  0.1001333E-01  0.1001205E-01
 0.7730000E+03  0.1565601E-03  0.1578478E-03  0.1001334E-01  0.1001205E-01
 0.7740000E+03  0.1565609E-03  0.1578490E-03  0.1001335E-01  0.1001206E-01
 0.7750000E+03  0.1565618E-03  0.1578502E-03  0.1001336E-01  0.1001207E-01
 0.7760000E+03  0.1565626E-03  0.1578515E-03  0.1001336E-01  0.1001208E-01
 0.7770000E+03  0.1565634E-03  0.1578527E-03  0.1001337E-01  0.1001208E-01
 0.7780000E+03  0.1565643E-03  0.1578539E-03  0.1001338E-01  0.1001209E-01
 0.7790000E+03  0.1565651E-03  0.1578552E-03  0.1001339E-01  0.1001210E-01
 0.7800000E+03  0.1565659E-03  0.1578564E-03  0.1001340E-01  0.1001211E-01
 0.7810000E+03  0.1565668E-03  0.1578576E-03  0.1001341E-01  0.1001211E-01
 0.7820000E+03  0.1565676E-03  0.1578588E-03  0.1001341E-01  0.1001212E-01
 0.7830000E+03  0.1565684E-03  0.1578601E-03  0.1001342E-01  0.1001213E-01
 0.7840000E+03  0.1565693E-03  0.1578613E-03  0.1001343E-01  0.1001214E-01
 0.7850000E+03  0.1565701E-03  0.1578625E-03  0.1001344E-01  0.1001215E-01
 0.7860000E+03  0.1565710E-03  0.1578638E-03  0.1001345E-01  0.1001215E-01
 0.7870000E+03  0.1565718E-03  0.1578650E-03  0.1001345E-01  0.1001216E-01
 0.7880000E+03  0.1565726E-03  0.1578662E-03  0.1001346E-01  0.1001217E-01
 0.7890000E+03  0.1565735E-03  0.1578675E-03  0.1001347E-01  0.1001218E-01
 0.7900000E+03  0.1565743E-03  0.1578687E-03  0.1001348E-01  0.1001218E-01
 0.7910000E+03  0.1565752E-03  0.1578699E-03  0.1001349E-01  0.1001219E-01
 0.7920000E+03  0.1565760E-03  0.1578711E-03  0.1001350E-01  0.1001220E-01
 0.7930000E+03  0.1565768E-03  0.1578724E-03  0.1001350E-01  0.1001221E-01
 0.7940000E+03  0.1565777E-03  0.1578736E-03  0.1001351E-01  0.1001222E-01
 0.7950000E+03  0.1565785E-03  0.1578748E-03  0.1001352E-01  0.1001222E-01
 0.7960000E+03  0.1565794E-03  0.1578761E-03  0.1001353E-01  0.1001223E-01
 0.7970000E+03  0.1565802E-03  0.1578773E-03  0.1001354E-01  0.1001224E-01
 0.7980000E+03  0.1565810E-03  0.1578785E-03  0.1001354E-01  0.1001225E-01
 0.7990000E+03  0.1565819E-03  0.1578798E-03  0.1001355E-01  0.1001225E-01
 0.8000000E+03  0.1565827E-03  0.1578810E-03  0.1001356E-01  0.1001226E-01
 0.8010000E+03  0.1565836E-03  0.1578822E-03  0.1001357E-01  0.1001227E-01
 0.8020000E+03  0.1565844E-03  0.1578835E-03  0.1001358E-01  0.1001228E-01
 0.8030000E+03  0.1565852E-03  0.1578847E-03  0.1001359E-01  0.1001229E-01
 0.8040000E+03  0.1565861E-03  0.1578859E-03  0.1001359E-01  0.1001229E-01
 0.8050000E+03  0.1565869E-03  0.1578872E-03  0.1001360E-01  0.1001230E-01
 0.8060000E+03  0.1565878E-03  0.1578884E-03  0.1001361E-01  0.1001231E-01
 0.8070000E+03  0.1565886E-03  0.1578896E-03  0.1001362E-01  0.1001232E-01
 0.8080000E+03  0.1565894E-03  0.1578909E-03  0.1001363E-01  0.1001232E-01
 0.8090000E+03  0.1565903E-03  0.1578921E-03  0.1001363E-01  0.1001233E-01
 0.8100000E+03  0.1565911E-03  0.1578933E-03  0.1001364E-01  0.1001234E-01
 0.8110000E+03  0.1565920E-03  0.1578946E-03  0.1001365E-01  0.1001235E-01
 0.8120000E+03  0.1565928E-03  0.1578958E-03  0.1001366E-01  0.1001236E-01
 0.8130000E+03  0.1565937E-03  0.1578970E-03  0.1001367E-01  0.1001236E-01
 0.8140000E+03  0.1565945E-03  0.1578983E-03  0.1001368E-01  0.1001237E-01
 0.8150000E+03  0.1565953E-03  0.1578995E-03  0.1001368E-01  0.1001238E-01
 0.8160000E+03  0.1565962E-03  0.1579008E-03  0.1001369E-01  0.1001239E-01
 0.8170000E+03  0.1565970E-03  0.1579020E-03  0.1001370E-01  0.1001239E-01
 0.8180000E+03  0.1565979E-03  0.1579032E-03  0.1001371E-01  0.1001240E-01
 0.8190000E+03  0.1565987E-03  0.1579045E-03  0.1001372E-01  0.1001241E-01
 0.8200000E+03  0.1565996E-03  0.1579057E-03  0.1001372E-01  0.1001242E-01
 0.8210000E+03  0.1566004E-03  0.1579069E-03  0.1001373E-01  0.1001243E-01
 0.8220000E+03  0.1566013E-03  0.1579082E-03  0.1001374E-01  0.1001243E-01
 0.8230000E+03  0.1566021E-03  0.1579094E-03  0.1001375E-01  0.1001244E-01
 0.8240000E+03  0.1566030E-03  0.1579106E-03  0.1001376E-01  0.1001245E-01
 0.8250000E+03  0.1566038E-03  0.1579119E-03  0.1001376E-01  0.1001246E-01
 0.8260000E+03  0.1566046E-03  0.1579131E-03  0.1001377E-01  0.1001246E-01
 0.8270000E+03  0.1566055E-03  0.1579144E-03  0.1001378E-01  0.1001247E-01
 0.8280000E+03  0.1566063E-03  0.1579156E-03  0.1001379E-01  0.1001248E-01
 0.8290000E+03  0.1566072E-03  0.1579168E-03  0.1001380E-01  0.1001249E-01
 0.8300000E+03  0.1566080E-03  0.1579181E-03  0.1001381E-01  0.1001250E-01
 0.8310000E+03  0.1566089E-03  0.1579193E-03  0.1001381E-01  0.1001250E-01
 0.8320000E+03  0.1566097E-03  0.1579206E-03  0.1001382E-01  0.1001251E-01
 0.8330000E+03  0.1566106E-03  0.1579218E-03  0.1001383E-01  0.1001252E-01
 0.8340000E+03  0.1566114E-03  0.1579230E-03  0.1001384E-01  0.1001253E-01
 0.8350000E+03  0.1566123E-03  0.1579243E-03  0.1001385E-01  0.1001253E-01
 0.8360000E+03  0.1566131E-03  0.1579255E-03  0.1001385E-01  0.1001254E-01
 0.8370000E+03  0.1566140E-03  0.1579268E-03  0.1001386E-01  0.1001255E-01
 0.8380000E+03  0.1566148E-03  0.1579280E-03  0.1001387E-01  0.1001256E-01
 0.8390000E+03  0.1566157E-03  0.1579292E-03  0.1001388E-01  0.1001257E-01
 0.8400000E+03  0.1566165E-03  0.1579305E-03  0.1001389E-01  0.1001257E-01
 0.8410000E+03  0.1566174E-03  0.1579317E-03  0.1001390E-01  0.1001258E-01
 0.8420000E+03  0.1566182E-03  0.1579330E-03  0.1001390E-01  0.1001259E-01
 0.8430000E+03  0.1566191E-03  0.1579342E-03  0.1001391E-01  0.1001260E-01
 0.8440000E+03  0.1566199E-03  0.1579354E-03  0.1001392E-01  0.1001260E-01
 0.8450000E+03  0.1566208E-03  0.1579367E-03  0.1001393E-01  0.1001261E-01
 0.8460000E+03  0.1566216E-03  0.1579379E-03  0.1001394E-01  0.1001262E-01
 0.8470000E+03  0.1566225E-03  0.1579392E-03  0.1001394E-01  0.1001263E-01
 0.8480000E+03  0.1566233E-03  0.1579404E-03  0.1001395E-01  0.1001264E-01
 0.8490000E+03  0.1566242E-03  0.1579416E-03  0.1001396E-01  0.1001264E-01
 0.8500000E+03  0.1566250E-03  0.1579429E-03  0.1001397E-01  0.1001265E-01
 0.8510000E+03  0.1566259E-03  0.1579441E-03  0.1001398E-01  0.1001266E-01
 0.8520000E+03  0.1566267E-03  0.1579454E-03  0.1001398E-01  0.1001267E-01
 0.8530000E+03  0.1566276E-03  0.1579466E-03  0.1001399E-01  0.1001267E-01
 0.8540000E+03  0.1566284E-03  0.1579479E-03  0.1001400E-01  0.1001268E-01
 0.8550000E+03  0.1566293E-03  0.1579491E-03  0.1001401E-01  0.1001269E-01
 0.8560000E+03  0.1566301E-03  0.1579503E-03  0.1001402E-01  0.1001270E-01
 0.8570000E+03  0.1566310E-03  0.1579516E-03  0.1001403E-01  0.1001271E-01
 0.8580000E+03  0.1566318E-03  0.1579528E-03  0.1001403E-01  0.1001271E-01
 0.8590000E+03  0.1566327E-03  0.1579541E-03  0.1001404E-01  0.1001272E-01
 0.8600000E+03  0.1566335E-03  0.1579553E-03  0.1001405E-01  0.1001273E-01
 0.8610000E+03  0.1566344E-03  0.1579566E-03  0.1001406E-01  0.1001274E-01
 0.8620000E+03  0.1566352E-03  0.1579578E-03  0.1001407E-01  0.1001274E-01
 0.8630000E+03  0.1566361E-03  0.1579591E-03  0.1001407E-01  0.1001275E-01
 0.8640000E+03  0.1566369E-03  0.1579603E-03  0.1001408E-01  0.1001276E-01
 0.8650000E+03  0.1566378E-03  0.1579615E-03  0.1001409E-01  0.1001277E-01
 0.8660000E+03  0.1566386E-03  0.1579628E-03  0.1001410E-01  0.1001278E-01
 0.8670000E+03  0.1566395E-03  0.1579640E-03  0.1001411E-01  0.1001278E-01
 0.8680000E+03  0.1566403E-03  0.1579653E-03  0.1001412E-01  0.1001279E-01
 0.8690000E+03  0.1566412E-03  0.1579665E-03  0.1001412E-01  0.1001280E-01
 0.8700000E+03  0.1566421E-03  0.1579678E-03  0.1001413E-01  0.1001281E-01
 0.8710000E+03  0.1566429E-03  0.1579690E-03  0.1001414E-01  0.1001281E-01
 0.8720000E+03  0.1566438E-03  0.1579703E-03  0.1001415E-01  0.1001282E-01
 0.8730000E+03  0.1566446E-03  0.1579715E-03  0.1001416E-01  0.1001283E-01
 0.8740000E+03  0.1566455E-03  0.1579728E-03  0.1001416E-01  0.1001284E-01
 0.8750000E+03  0.1566463E-03  0.1579740E-03  0.1001417E-01  0.1001284E-01
 0.8760000E+03  0.1566472E-03  0.1579753E-03  0.1001418E-01  0.1001285E-01
 0.8770000E+03  0.1566480E-03  0.1579765E-03  0.1001419E-01  0.1001286E-01
 0.8780000E+03  0.1566489E-03  0.1579778E-03  0.1001420E-01  0.1001287E-01
 0.8790000E+03  0.1566498E-03  0.1579790E-03  0.1001421E-01  0.1001288E-01
 0.8800000E+03  0.1566506E-03  0.1579803E-03  0.1001421E-01  0.1001288E-01
 0.8810000E+03  0.1566515E-03  0.1579815E-03  0.1001422E-01  0.1001289E-01
 0.8820000E+03  0.1566523E-03  0.1579827E-03  0.1001423E-01  0.1001290E-01
 0.8830000E+03  0.1566532E-03  0.1579840E-03  0.1001424E-01  0.1001291E-01
 0.8840000E+03  0.1566540E-03  0.1579852E-03  0.1001425E-01  0.1001291E-01
 0.8850000E+03  0.1566549E-03  0.1579865E-03  0.1001425E-01  0.1001292E-01
 0.8860000E+03  0.1566558E-03  0.1579877E-03  0.1001426E-01  0.1001293E-01
 0.8870000E+03  0.1566566E-03  0.1579890E-03  0.1001427E-01  0.1001294E-01
 0.8880000E+03  0.1566575E-03  0.1579902E-03  0.1001428E-01  0.1001295E-01
 0.8890000E+03  0.1566583E-03  0.1579915E-03  0.1001429E-01  0.1001295E-01
 0.8900000E+03  0.1566592E-03  0.1579927E-03  0.1001429E-01  0.1001296E-01
 0.8910000E+03  0.1566600E-03  0.1579940E-03  0.1001430E-01  0.1001297E-01
 0.8920000E+03  0.1566609E-03  0.1579952E-03  0.1001431E-01  0.1001298E-01
 0.8930000E+03  0.1566618E-03  0.1579965E-03  0.1001432E-01  0.1001298E-01
 0.8940000E+03  0.1566626E-03  0.1579977E-03  0.1001433E-01  0.1001299E-01
 0.8950000E+03  0.1566635E-03  0.1579990E-03  0.1001434E-01  0.1001300E-01
 0.8960000E+03  0.1566643E-03  0.1580003E-03  0.1001434E-01  0.1001301E-01
 0.8970000E+03  0.1566652E-03  0.1580015E-03  0.1001435E-01  0.1001302E-01
 0.8980000E+03  0.1566661E-03  0.1580028E-03  0.1001436E-01  0.1001302E-01
 0.8990000E+03  0.1566669E-03  0.1580040E-03  0.1001437E-01  0.1001303E-01
 0.9000000E+03  0.1566678E-03  0.1580053E-03  0.1001438E-01  0.1001304E-01
 0.9010000E+03  0.1566686E-03  0.1580065E-03  0.1001438E-01  0.1001305E-01
 0.9020000E+03  0.1566695E-03  0.1580078E-03  0.1001439E-01  0.1001305E-01
 0.9030000E+03  0.1566704E-03  0.1580090E-03  0.1001440E-01  0.1001306E-01
 0.9040000E+03  0.1566712E-03  0.1580103E-03  0.1001441E-01  0.1001307E-01
 0.9050000E+03  0.1566721E-03  0.1580115E-03  0.1001442E-01  0.1001308E-01
 0.9060000E+03  0.1566730E-03  0.1580128E-03  0.1001443E-01  0.1001309E-01
 0.9070000E+03  0.1566738E-03  0.1580140E-03  0.1001443E-01  0.1001309E-01
 0.9080000E+03  0.1566747E-03  0.1580153E-03  0.1001444E-01  0.1001310E-01
 0.9090000E+03  0.1566755E-03  0.1580165E-03  0.1001445E-01  0.1001311E-01
 0.9100000E+03  0.1566764E-03  0.1580178E-03  0.1001446E-01  0.1001312E-01
 0.9110000E+03  0.1566773E-03  0.1580190E-03  0.1001447E-01  0.1001312E-01
 0.9120000E+03  0.1566781E-03  0.1580203E-03  0.1001447E-01  0.1001313E-01
 0.9130000E+03  0.1566790E-03  0.1580216E-03  0.1001448E-01  0.1001314E-01
 0.9140000E+03  0.1566799E-03  0.1580228E-03  0.1001449E-01  0.1001315E-01
 0.9150000E+03  0.1566807E-03  0.1580241E-03  0.1001450E-01  0.1001316E-01
 0.9160000E+03  0.1566816E-03  0.1580253E-03  0.1001451E-01  0.1001316E-01
 0.9170000E+03  0.1566824E-03  0.1580266E-03  0.1001452E-01  0.1001317E-01
 0.9180000E+03  0.1566833E-03  0.1580278E-03  0.1001452E-01  0.1001318E-01
 0.9190000E+03  0.1566842E-03  0.1580291E-03  0.1001453E-01  0.1001319E-01
 0.9200000E+03  0.1566850E-03  0.1580303E-03  0.1001454E-01  0.1001319E-01
 0.9210000E+03  0.1566859E-03  0.1580316E-03  0.1001455E-01  0.1001320E-01
 0.9220000E+03  0.1566868E-03  0.1580329E-03  0.1001456E-01  0.1001321E-01
 0.9230000E+03  0.1566876E-03  0.1580341E-03  0.1001456E-01  0.1001322E-01
 0.9240000E+03  0.1566885E-03  0.1580354E-03  0.1001457E-01  0.1001323E-01
 0.9250000E+03  0.1566894E-03  0.1580366E-03  0.1001458E-01  0.1001323E-01
 0.9260000E+03  0.1566902E-03  0.1580379E-03  0.1001459E-01  0.1001324E-01
 0.9270000E+03  0.1566911E-03  0.1580391E-03  0.1001460E-01  0.1001325E-01
 0.9280000E+03  0.1566920E-03  0.1580404E-03  0.1001460E-01  0.1001326E-01
 0.9290000E+03  0.1566928E-03  0.1580417E-03  0.1001461E-01  0.1001326E-01
 0.9300000E+03  0.1566937E-03  0.1580429E-03  0.1001462E-01  0.1001327E-01
 0.9310000E+03  0.1566946E-03  0.1580442E-03  0.1001463E-01  0.1001328E-01
 0.9320000E+03  0.1566954E-03  0.1580454E-03  0.1001464E-01  0.1001329E-01
 0.9330000E+03  0.1566963E-03  0.1580467E-03  0.1001465E-01  0.1001330E-01
 0.9340000E+03  0.1566972E-03  0.1580480E-03  0.1001465E-01  0.1001330E-01
 0.9350000E+03  0.1566980E-03  0.1580492E-03  0.1001466E-01  0.1001331E-01
 0.9360000E+03  0.1566989E-03  0.1580505E-03  0.1001467E-01  0.1001332E-01
 0.9370000E+03  0.1566998E-03  0.1580517E-03  0.1001468E-01  0.1001333E-01
 0.9380000E+03  0.1567006E-03  0.1580530E-03  0.1001469E-01  0.1001333E-01
 0.9390000E+03  0.1567015E-03  0.1580542E-03  0.1001469E-01  0.1001334E-01
 0.9400000E+03  0.1567024E-03  0.1580555E-03  0.1001470E-01  0.1001335E-01
 0.9410000E+03  0.1567032E-03  0.1580568E-03  0.1001471E-01  0.1001336E-01
 0.9420000E+03  0.1567041E-03  0.1580580E-03  0.1001472E-01  0.1001337E-01
 0.9430000E+03  0.1567050E-03  0.1580593E-03  0.1001473E-01  0.1001337E-01
 0.9440000E+03  0.1567058E-03  0.1580606E-03  0.1001474E-01  0.1001338E-01
 0.9450000E+03  0.1567067E-03  0.1580618E-03  0.1001474E-01  0.1001339E-01
 0.9460000E+03  0.1567076E-03  0.1580631E-03  0.1001475E-01  0.1001340E-01
 0.9470000E+03  0.1567085E-03  0.1580643E-03  0.1001476E-01  0.1001340E-01
 0.9480000E+03  0.1567093E-03  0.1580656E-03  0.1001477E-01  0.1001341E-01
 0.9490000E+03  0.1567102E-03  0.1580669E-03  0.1001478E-01  0.1001342E-01
 0.9500000E+03  0.1567111E-03  0.1580681E-03  0.1001478E-01  0.1001343E-01
 0.9510000E+03  0.1567119E-03  0.1580694E-03  0.1001479E-01  0.1001343E-01
 0.9520000E+03  0.1567128E-03  0.1580706E-03  0.1001480E-01  0.1001344E-01
 0.9530000E+03  0.1567137E-03  0.1580719E-03  0.1001481E-01  0.1001345E-01
 0.9540000E+03  0.1567145E-03  0.1580732E-03  0.1001482E-01  0.1001346E-01
 0.9550000E+03  0.1567154E-03  0.1580744E-03  0.1001483E-01  0.1001347E-01
 0.9560000E+03  0.1567163E-03  0.1580757E-03  0.1001483E-01  0.1001347E-01
 0.9570000E+03  0.1567172E-03  0.1580770E-03  0.1001484E-01  0.1001348E-01
 0.9580000E+03  0.1567180E-03  0.1580782E-03  0.1001485E-01  0.1001349E-01
 0.9590000E+03  0.1567189E-03  0.1580795E-03  0.1001486E-01  0.1001350E-01
 0.9600000E+03  0.1567198E-03  0.1580808E-03  0.1001487E-01  0.1001350E-01
 0.9610000E+03  0.1567206E-03  0.1580820E-03  0.1001487E-01  0.1001351E-01
 0.9620000E+03  0.1567215E-03  0.1580833E-03  0.1001488E-01  0.1001352E-01
 0.9630000E+03  0.1567224E-03  0.1580845E-03  0.1001489E-01  0.1001353E-01
 0.9640000E+03  0.1567233E-03  0.1580858E-03  0.1001490E-01  0.1001354E-01
 0.9650000E+03  0.1567241E-03  0.1580871E-03  0.1001491E-01  0.1001354E-01
 0.9660000E+03  0.1567250E-03  0.1580883E-03  0.1001491E-01  0.1001355E-01
 0.9670000E+03  0.1567259E-03  0.1580896E-03  0.1001492E-01  0.1001356E-01
 0.9680000E+03  0.1567268E-03  0.1580909E-03  0.1001493E-01  0.1001357E-01
 0.9690000E+03  0.1567276E-03  0.1580921E-03  0.1001494E-01  0.1001357E-01
 0.9700000E+03  0.1567285E-03  0.1580934E-03  0.1001495E-01  0.1001358E-01
 0.9710000E+03  0.1567294E-03  0.1580947E-03  0.1001496E-01  0.1001359E-01
 0.9720000E+03  0.1567303E-03  0.1580959E-03  0.1001496E-01  0.1001360E-01
 0.9730000E+03  0.1567311E-03  0.1580972E-03  0.1001497E-01  0.1001361E-01
 0.9740000E+03  0.1567320E-03  0.1580985E-03  0.1001498E-01  0.1001361E-01
 0.9750000E+03  0.1567329E-03  0.1580997E-03  0.1001499E-01  0.1001362E-01
 0.9760000E+03  0.1567338E-03  0.1581010E-03  0.1001500E-01  0.1001363E-01
 0.9770000E+03  0.1567346E-03  0.1581023E-03  0.1001500E-01  0.1001364E-01
 0.9780000E+03  0.1567355E-03  0.1581035E-03  0.1001501E-01  0.1001364E-01
 0.9790000E+03  0.1567364E-03  0.1581048E-03  0.1001502E-01  0.1001365E-01
 0.9800000E+03  0.1567373E-03  0.1581061E-03  0.1001503E-01  0.1001366E-01
 0.9810000E+03  0.1567381E-03  0.1581073E-03  0.1001504E-01  0.1001367E-01
 0.9820000E+03  0.1567390E-03  0.1581086E-03  0.1001505E-01  0.1001368E-01
 0.9830000E+03  0.1567399E-03  0.1581099E-03  0.1001505E-01  0.1001368E-01
 0.9840000E+03  0.1567408E-03  0.1581111E-03  0.1001506E-01  0.1001369E-01
 0.9850000E+03  0.1567416E-03  0.1581124E-03  0.1001507E-01  0.1001370E-01
 0.9860000E+03  0.1567425E-03  0.1581137E-03  0.1001508E-01  0.1001371E-01
 0.9870000E+03  0.1567434E-03  0.1581150E-03  0.1001509E-01  0.1001371E-01
 0.9880000E+03  0.1567443E-03  0.1581162E-03  0.1001509E-01  0.1001372E-01
 0.9890000E+03  0.1567452E-03  0.1581175E-03  0.1001510E-01  0.1001373E-01
 0.9900000E+03  0.1567460E-03  0.1581188E-03  0.1001511E-01  0.1001374E-01
 0.9910000E+03  0.1567469E-03  0.1581200E-03  0.1001512E-01  0.1001375E-01
 0.9920000E+03  0.1567478E-03  0.1581213E-03  0.1001513E-01  0.1001375E-01
 0.9930000E+03  0.1567487E-03  0.1581226E-03  0.1001513E-01  0.1001376E-01
 0.9940000E+03  0.1567495E-03  0.1581238E-03  0.1001514E-01  0.1001377E-01
 0.9950000E+03  0.1567504E-03  0.1581251E-03  0.1001515E-01  0.1001378E-01
 0.9960000E+03  0.1567513E-03  0.1581264E-03  0.1001516E-01  0.1001378E-01
 0.9970000E+03  0.1567522E-03  0.1581277E-03  0.1001517E-01  0.1001379E-01
 0.9980000E+03  0.1567531E-03  0.1581289E-03  0.1001518E-01  0.1001380E-01
 0.9990000E+03  0.1567539E-03  0.1581302E-03  0.1001518E-01  0.1001381E-01
 0.1000000E+04  0.1567548E-03  0.1581315E-03  0.1001519E-01  0.1001382E-01
