-0.2000000E+01 -0.1996000E+01  0.1600000E+02  0.1070710E-05
-0.1996000E+01 -0.1992000E+01  0.1587238E+02  0.1105491E-05
-0.1992000E+01 -0.1988000E+01  0.1574553E+02  0.1141329E-05
-0.1988000E+01 -0.1984000E+01  0.1561944E+02  0.1178254E-05
-0.1984000E+01 -0.1980000E+01  0.1549411E+02  0.1216295E-05
-0.1980000E+01 -0.1976000E+01  0.1536954E+02  0.1255485E-05
-0.1976000E+01 -0.1972000E+01  0.1524571E+02  0.1295854E-05
-0.1972000E+01 -0.1968000E+01  0.1512264E+02  0.1337435E-05
-0.1968000E+01 -0.1964000E+01  0.1500031E+02  0.1380262E-05
-0.1964000E+01 -0.1960000E+01  0.1487873E+02  0.1424370E-05
-0.1960000E+01 -0.1956000E+01  0.1475789E+02  0.1469793E-05
-0.1956000E+01 -0.1952000E+01  0.1463779E+02  0.1516568E-05
-0.1952000E+01 -0.1948000E+01  0.1451842E+02  0.1564731E-05
-0.1948000E+01 -0.1944000E+01  0.1439978E+02  0.1614320E-05
-0.1944000E+01 -0.1940000E+01  0.1428187E+02  0.1665374E-05
-0.1940000E+01 -0.1936000E+01  0.1416468E+02  0.1717933E-05
-0.1936000E+01 -0.1932000E+01  0.1404822E+02  0.1772037E-05
-0.1932000E+01 -0.1928000E+01  0.1393248E+02  0.1827728E-05
-0.1928000E+01 -0.1924000E+01  0.1381746E+02  0.1885049E-05
-0.1924000E+01 -0.1920000E+01  0.1370315E+02  0.1944043E-05
-0.1920000E+01 -0.1916000E+01  0.1358954E+02  0.2004755E-05
-0.1916000E+01 -0.1912000E+01  0.1347665E+02  0.2067230E-05
-0.1912000E+01 -0.1908000E+01  0.1336446E+02  0.2131516E-05
-0.1908000E+01 -0.1904000E+01  0.1325298E+02  0.2197661E-05
-0.1904000E+01 -0.1900000E+01  0.1314219E+02  0.2265713E-05
-0.1900000E+01 -0.1896000E+01  0.1303210E+02  0.2335723E-05
-0.1896000E+01 -0.1892000E+01  0.1292270E+02  0.2407743E-05
-0.1892000E+01 -0.1888000E+01  0.1281399E+02  0.2481824E-05
-0.1888000E+01 -0.1884000E+01  0.1270597E+02  0.2558020E-05
-0.1884000E+01 -0.1880000E+01  0.1259864E+02  0.2636388E-05
-0.1880000E+01 -0.1876000E+01  0.1249198E+02  0.2716982E-05
-0.1876000E+01 -0.1872000E+01  0.1238601E+02  0.2799861E-05
-0.1872000E+01 -0.1868000E+01  0.1228071E+02  0.2885083E-05
-0.1868000E+01 -0.1864000E+01  0.1217608E+02  0.2972709E-05
-0.1864000E+01 -0.1860000E+01  0.1207212E+02  0.3062800E-05
-0.1860000E+01 -0.1856000E+01  0.1196883E+02  0.3155420E-05
-0.1856000E+01 -0.1852000E+01  0.1186621E+02  0.3250633E-05
-0.1852000E+01 -0.1848000E+01  0.1176424E+02  0.3348504E-05
-0.1848000E+01 -0.1844000E+01  0.1166294E+02  0.3449101E-05
-0.1844000E+01 -0.1840000E+01  0.1156228E+02  0.3552493E-05
-0.1840000E+01 -0.1836000E+01  0.1146229E+02  0.3658750E-05
-0.1836000E+01 -0.1832000E+01  0.1136294E+02  0.3767945E-05
-0.1832000E+01 -0.1828000E+01  0.1126424E+02  0.3880149E-05
-0.1828000E+01 -0.1824000E+01  0.1116618E+02  0.3995440E-05
-0.1824000E+01 -0.1820000E+01  0.1106877E+02  0.4113892E-05
-0.1820000E+01 -0.1816000E+01  0.1097199E+02  0.4235586E-05
-0.1816000E+01 -0.1812000E+01  0.1087585E+02  0.4360600E-05
-0.1812000E+01 -0.1808000E+01  0.1078035E+02  0.4489017E-05
-0.1808000E+01 -0.1804000E+01  0.1068547E+02  0.4620919E-05
-0.1804000E+01 -0.1800000E+01  0.1059122E+02  0.4756393E-05
-0.1800000E+01 -0.1796000E+01  0.1049760E+02  0.4895526E-05
-0.1796000E+01 -0.1792000E+01  0.1040460E+02  0.5038405E-05
-0.1792000E+01 -0.1788000E+01  0.1031222E+02  0.5185123E-05
-0.1788000E+01 -0.1784000E+01  0.1022045E+02  0.5335772E-05
-0.1784000E+01 -0.1780000E+01  0.1012930E+02  0.5490447E-05
-0.1780000E+01 -0.1776000E+01  0.1003876E+02  0.5649243E-05
-0.1776000E+01 -0.1772000E+01  0.9948826E+01  0.5812261E-05
-0.1772000E+01 -0.1768000E+01  0.9859500E+01  0.5979600E-05
-0.1768000E+01 -0.1764000E+01  0.9770776E+01  0.6151363E-05
-0.1764000E+01 -0.1760000E+01  0.9682652E+01  0.6327655E-05
-0.1760000E+01 -0.1756000E+01  0.9595126E+01  0.6508582E-05
-0.1756000E+01 -0.1752000E+01  0.9508194E+01  0.6694255E-05
-0.1752000E+01 -0.1748000E+01  0.9421855E+01  0.6884783E-05
-0.1748000E+01 -0.1744000E+01  0.9336105E+01  0.7080281E-05
-0.1744000E+01 -0.1740000E+01  0.9250941E+01  0.7280865E-05
-0.1740000E+01 -0.1736000E+01  0.9166362E+01  0.7486652E-05
-0.1736000E+01 -0.1732000E+01  0.9082364E+01  0.7697762E-05
-0.1732000E+01 -0.1728000E+01  0.8998944E+01  0.7914319E-05
-0.1728000E+01 -0.1724000E+01  0.8916100E+01  0.8136447E-05
-0.1724000E+01 -0.1720000E+01  0.8833830E+01  0.8364275E-05
-0.1720000E+01 -0.1716000E+01  0.8752131E+01  0.8597931E-05
-0.1716000E+01 -0.1712000E+01  0.8670999E+01  0.8837550E-05
-0.1712000E+01 -0.1708000E+01  0.8590433E+01  0.9083264E-05
-0.1708000E+01 -0.1704000E+01  0.8510429E+01  0.9335213E-05
-0.1704000E+01 -0.1700000E+01  0.8430986E+01  0.9593537E-05
-0.1700000E+01 -0.1696000E+01  0.8352100E+01  0.9858378E-05
-0.1696000E+01 -0.1692000E+01  0.8273769E+01  0.1012988E-04
-0.1692000E+01 -0.1688000E+01  0.8195990E+01  0.1040820E-04
-0.1688000E+01 -0.1684000E+01  0.8118761E+01  0.1069347E-04
-0.1684000E+01 -0.1680000E+01  0.8042079E+01  0.1098587E-04
-0.1680000E+01 -0.1676000E+01  0.7965942E+01  0.1128553E-04
-0.1676000E+01 -0.1672000E+01  0.7890346E+01  0.1159263E-04
-0.1672000E+01 -0.1668000E+01  0.7815290E+01  0.1190732E-04
-0.1668000E+01 -0.1664000E+01  0.7740770E+01  0.1222978E-04
-0.1664000E+01 -0.1660000E+01  0.7666785E+01  0.1256016E-04
-0.1660000E+01 -0.1656000E+01  0.7593331E+01  0.1289864E-04
-0.1656000E+01 -0.1652000E+01  0.7520407E+01  0.1324539E-04
-0.1652000E+01 -0.1648000E+01  0.7448009E+01  0.1360060E-04
-0.1648000E+01 -0.1644000E+01  0.7376135E+01  0.1396443E-04
-0.1644000E+01 -0.1640000E+01  0.7304782E+01  0.1433709E-04
-0.1640000E+01 -0.1636000E+01  0.7233948E+01  0.1471874E-04
-0.1636000E+01 -0.1632000E+01  0.7163631E+01  0.1510959E-04
-0.1632000E+01 -0.1628000E+01  0.7093827E+01  0.1550982E-04
-0.1628000E+01 -0.1624000E+01  0.7024535E+01  0.1591964E-04
-0.1624000E+01 -0.1620000E+01  0.6955752E+01  0.1633924E-04
-0.1620000E+01 -0.1616000E+01  0.6887475E+01  0.1676883E-04
-0.1616000E+01 -0.1612000E+01  0.6819702E+01  0.1720861E-04
-0.1612000E+01 -0.1608000E+01  0.6752431E+01  0.1765879E-04
-0.1608000E+01 -0.1604000E+01  0.6685658E+01  0.1811959E-04
-0.1604000E+01 -0.1600000E+01  0.6619382E+01  0.1859122E-04
-0.1600000E+01 -0.1596000E+01  0.6553600E+01  0.1907391E-04
-0.1596000E+01 -0.1592000E+01  0.6488309E+01  0.1956788E-04
-0.1592000E+01 -0.1588000E+01  0.6423508E+01  0.2007336E-04
-0.1588000E+01 -0.1584000E+01  0.6359193E+01  0.2059058E-04
-0.1584000E+01 -0.1580000E+01  0.6295362E+01  0.2111977E-04
-0.1580000E+01 -0.1576000E+01  0.6232013E+01  0.2166118E-04
-0.1576000E+01 -0.1572000E+01  0.6169143E+01  0.2221504E-04
-0.1572000E+01 -0.1568000E+01  0.6106750E+01  0.2278161E-04
-0.1568000E+01 -0.1564000E+01  0.6044832E+01  0.2336113E-04
-0.1564000E+01 -0.1560000E+01  0.5983386E+01  0.2395386E-04
-0.1560000E+01 -0.1556000E+01  0.5922409E+01  0.2456006E-04
-0.1556000E+01 -0.1552000E+01  0.5861900E+01  0.2517999E-04
-0.1552000E+01 -0.1548000E+01  0.5801855E+01  0.2581391E-04
-0.1548000E+01 -0.1544000E+01  0.5742273E+01  0.2646210E-04
-0.1544000E+01 -0.1540000E+01  0.5683151E+01  0.2712483E-04
-0.1540000E+01 -0.1536000E+01  0.5624487E+01  0.2780238E-04
-0.1536000E+01 -0.1532000E+01  0.5566278E+01  0.2849503E-04
-0.1532000E+01 -0.1528000E+01  0.5508522E+01  0.2920306E-04
-0.1528000E+01 -0.1524000E+01  0.5451216E+01  0.2992678E-04
-0.1524000E+01 -0.1520000E+01  0.5394359E+01  0.3066646E-04
-0.1520000E+01 -0.1516000E+01  0.5337948E+01  0.3142242E-04
-0.1516000E+01 -0.1512000E+01  0.5281981E+01  0.3219495E-04
-0.1512000E+01 -0.1508000E+01  0.5226454E+01  0.3298436E-04
-0.1508000E+01 -0.1504000E+01  0.5171367E+01  0.3379097E-04
-0.1504000E+01 -0.1500000E+01  0.5116716E+01  0.3461509E-04
-0.1500000E+01 -0.1496000E+01  0.5062500E+01  0.3545703E-04
-0.1496000E+01 -0.1492000E+01  0.5008716E+01  0.3631713E-04
-0.1492000E+01 -0.1488000E+01  0.4955361E+01  0.3719572E-04
-0.1488000E+01 -0.1484000E+01  0.4902434E+01  0.3809312E-04
-0.1484000E+01 -0.1480000E+01  0.4849931E+01  0.3900967E-04
-0.1480000E+01 -0.1476000E+01  0.4797852E+01  0.3994572E-04
-0.1476000E+01 -0.1472000E+01  0.4746193E+01  0.4090162E-04
-0.1472000E+01 -0.1468000E+01  0.4694953E+01  0.4187771E-04
-0.1468000E+01 -0.1464000E+01  0.4644128E+01  0.4287435E-04
-0.1464000E+01 -0.1460000E+01  0.4593718E+01  0.4389189E-04
-0.1460000E+01 -0.1456000E+01  0.4543719E+01  0.4493072E-04
-0.1456000E+01 -0.1452000E+01  0.4494129E+01  0.4599118E-04
-0.1452000E+01 -0.1448000E+01  0.4444946E+01  0.4707366E-04
-0.1448000E+01 -0.1444000E+01  0.4396168E+01  0.4817854E-04
-0.1444000E+01 -0.1440000E+01  0.4347792E+01  0.4930619E-04
-0.1440000E+01 -0.1436000E+01  0.4299817E+01  0.5045701E-04
-0.1436000E+01 -0.1432000E+01  0.4252240E+01  0.5163138E-04
-0.1432000E+01 -0.1428000E+01  0.4205059E+01  0.5282971E-04
-0.1428000E+01 -0.1424000E+01  0.4158271E+01  0.5405238E-04
-0.1424000E+01 -0.1420000E+01  0.4111876E+01  0.5529982E-04
-0.1420000E+01 -0.1416000E+01  0.4065869E+01  0.5657242E-04
-0.1416000E+01 -0.1412000E+01  0.4020250E+01  0.5787061E-04
-0.1412000E+01 -0.1408000E+01  0.3975015E+01  0.5919480E-04
-0.1408000E+01 -0.1404000E+01  0.3930164E+01  0.6054541E-04
-0.1404000E+01 -0.1400000E+01  0.3885693E+01  0.6192287E-04
-0.1400000E+01 -0.1396000E+01  0.3841600E+01  0.6332762E-04
-0.1396000E+01 -0.1392000E+01  0.3797884E+01  0.6476010E-04
-0.1392000E+01 -0.1388000E+01  0.3754542E+01  0.6622074E-04
-0.1388000E+01 -0.1384000E+01  0.3711572E+01  0.6770998E-04
-0.1384000E+01 -0.1380000E+01  0.3668972E+01  0.6922829E-04
-0.1380000E+01 -0.1376000E+01  0.3626739E+01  0.7077612E-04
-0.1376000E+01 -0.1372000E+01  0.3584873E+01  0.7235392E-04
-0.1372000E+01 -0.1368000E+01  0.3543370E+01  0.7396216E-04
-0.1368000E+01 -0.1364000E+01  0.3502228E+01  0.7560131E-04
-0.1364000E+01 -0.1360000E+01  0.3461445E+01  0.7727184E-04
-0.1360000E+01 -0.1356000E+01  0.3421020E+01  0.7897423E-04
-0.1356000E+01 -0.1352000E+01  0.3380950E+01  0.8070896E-04
-0.1352000E+01 -0.1348000E+01  0.3341233E+01  0.8247652E-04
-0.1348000E+01 -0.1344000E+01  0.3301867E+01  0.8427739E-04
-0.1344000E+01 -0.1340000E+01  0.3262850E+01  0.8611207E-04
-0.1340000E+01 -0.1336000E+01  0.3224179E+01  0.8798107E-04
-0.1336000E+01 -0.1332000E+01  0.3185854E+01  0.8988487E-04
-0.1332000E+01 -0.1328000E+01  0.3147871E+01  0.9182399E-04
-0.1328000E+01 -0.1324000E+01  0.3110229E+01  0.9379895E-04
-0.1324000E+01 -0.1320000E+01  0.3072925E+01  0.9581025E-04
-0.1320000E+01 -0.1316000E+01  0.3035958E+01  0.9785841E-04
-0.1316000E+01 -0.1312000E+01  0.2999325E+01  0.9994396E-04
-0.1312000E+01 -0.1308000E+01  0.2963025E+01  0.1020674E-03
-0.1308000E+01 -0.1304000E+01  0.2927056E+01  0.1042293E-03
-0.1304000E+01 -0.1300000E+01  0.2891415E+01  0.1064302E-03
-0.1300000E+01 -0.1296000E+01  0.2856100E+01  0.1086706E-03
-0.1296000E+01 -0.1292000E+01  0.2821110E+01  0.1109511E-03
-0.1292000E+01 -0.1288000E+01  0.2786442E+01  0.1132722E-03
-0.1288000E+01 -0.1284000E+01  0.2752095E+01  0.1156344E-03
-0.1284000E+01 -0.1280000E+01  0.2718067E+01  0.1180384E-03
-0.1280000E+01 -0.1276000E+01  0.2684355E+01  0.1204846E-03
-0.1276000E+01 -0.1272000E+01  0.2650957E+01  0.1229736E-03
-0.1272000E+01 -0.1268000E+01  0.2617872E+01  0.1255060E-03
-0.1268000E+01 -0.1264000E+01  0.2585098E+01  0.1280824E-03
-0.1264000E+01 -0.1260000E+01  0.2552633E+01  0.1307033E-03
-0.1260000E+01 -0.1256000E+01  0.2520474E+01  0.1333693E-03
-0.1256000E+01 -0.1252000E+01  0.2488620E+01  0.1360809E-03
-0.1252000E+01 -0.1248000E+01  0.2457069E+01  0.1388388E-03
-0.1248000E+01 -0.1244000E+01  0.2425819E+01  0.1416435E-03
-0.1244000E+01 -0.1240000E+01  0.2394868E+01  0.1444957E-03
-0.1240000E+01 -0.1236000E+01  0.2364214E+01  0.1473958E-03
-0.1236000E+01 -0.1232000E+01  0.2333855E+01  0.1503445E-03
-0.1232000E+01 -0.1228000E+01  0.2303790E+01  0.1533424E-03
-0.1228000E+01 -0.1224000E+01  0.2274016E+01  0.1563901E-03
-0.1224000E+01 -0.1220000E+01  0.2244531E+01  0.1594882E-03
-0.1220000E+01 -0.1216000E+01  0.2215335E+01  0.1626371E-03
-0.1216000E+01 -0.1212000E+01  0.2186424E+01  0.1658377E-03
-0.1212000E+01 -0.1208000E+01  0.2157796E+01  0.1690904E-03
-0.1208000E+01 -0.1204000E+01  0.2129451E+01  0.1723959E-03
-0.1204000E+01 -0.1200000E+01  0.2101387E+01  0.1757548E-03
-0.1200000E+01 -0.1196000E+01  0.2073600E+01  0.1791676E-03
-0.1196000E+01 -0.1192000E+01  0.2046090E+01  0.1826350E-03
-0.1192000E+01 -0.1188000E+01  0.2018855E+01  0.1861576E-03
-0.1188000E+01 -0.1184000E+01  0.1991892E+01  0.1897360E-03
-0.1184000E+01 -0.1180000E+01  0.1965200E+01  0.1933708E-03
-0.1180000E+01 -0.1176000E+01  0.1938778E+01  0.1970626E-03
-0.1176000E+01 -0.1172000E+01  0.1912623E+01  0.2008121E-03
-0.1172000E+01 -0.1168000E+01  0.1886733E+01  0.2046198E-03
-0.1168000E+01 -0.1164000E+01  0.1861107E+01  0.2084864E-03
-0.1164000E+01 -0.1160000E+01  0.1835743E+01  0.2124124E-03
-0.1160000E+01 -0.1156000E+01  0.1810639E+01  0.2163985E-03
-0.1156000E+01 -0.1152000E+01  0.1785794E+01  0.2204453E-03
-0.1152000E+01 -0.1148000E+01  0.1761205E+01  0.2245534E-03
-0.1148000E+01 -0.1144000E+01  0.1736871E+01  0.2287235E-03
-0.1144000E+01 -0.1140000E+01  0.1712790E+01  0.2329560E-03
-0.1140000E+01 -0.1136000E+01  0.1688960E+01  0.2372517E-03
-0.1136000E+01 -0.1132000E+01  0.1665380E+01  0.2416112E-03
-0.1132000E+01 -0.1128000E+01  0.1642047E+01  0.2460350E-03
-0.1128000E+01 -0.1124000E+01  0.1618961E+01  0.2505237E-03
-0.1124000E+01 -0.1120000E+01  0.1596119E+01  0.2550781E-03
-0.1120000E+01 -0.1116000E+01  0.1573519E+01  0.2596986E-03
-0.1116000E+01 -0.1112000E+01  0.1551161E+01  0.2643859E-03
-0.1112000E+01 -0.1108000E+01  0.1529041E+01  0.2691405E-03
-0.1108000E+01 -0.1104000E+01  0.1507159E+01  0.2739632E-03
-0.1104000E+01 -0.1100000E+01  0.1485512E+01  0.2788544E-03
-0.1100000E+01 -0.1096000E+01  0.1464100E+01  0.2838147E-03
-0.1096000E+01 -0.1092000E+01  0.1442920E+01  0.2888448E-03
-0.1092000E+01 -0.1088000E+01  0.1421970E+01  0.2939453E-03
-0.1088000E+01 -0.1084000E+01  0.1401250E+01  0.2991167E-03
-0.1084000E+01 -0.1080000E+01  0.1380757E+01  0.3043595E-03
-0.1080000E+01 -0.1076000E+01  0.1360489E+01  0.3096745E-03
-0.1076000E+01 -0.1072000E+01  0.1340445E+01  0.3150621E-03
-0.1072000E+01 -0.1068000E+01  0.1320624E+01  0.3205229E-03
-0.1068000E+01 -0.1064000E+01  0.1301023E+01  0.3260575E-03
-0.1064000E+01 -0.1060000E+01  0.1281641E+01  0.3316664E-03
-0.1060000E+01 -0.1056000E+01  0.1262477E+01  0.3373502E-03
-0.1056000E+01 -0.1052000E+01  0.1243528E+01  0.3431095E-03
-0.1052000E+01 -0.1048000E+01  0.1224794E+01  0.3489448E-03
-0.1048000E+01 -0.1044000E+01  0.1206272E+01  0.3548566E-03
-0.1044000E+01 -0.1040000E+01  0.1187960E+01  0.3608454E-03
-0.1040000E+01 -0.1036000E+01  0.1169859E+01  0.3669119E-03
-0.1036000E+01 -0.1032000E+01  0.1151964E+01  0.3730564E-03
-0.1032000E+01 -0.1028000E+01  0.1134276E+01  0.3792796E-03
-0.1028000E+01 -0.1024000E+01  0.1116792E+01  0.3855819E-03
-0.1024000E+01 -0.1020000E+01  0.1099512E+01  0.3919639E-03
-0.1020000E+01 -0.1016000E+01  0.1082432E+01  0.3984259E-03
-0.1016000E+01 -0.1012000E+01  0.1065552E+01  0.4049686E-03
-0.1012000E+01 -0.1008000E+01  0.1048871E+01  0.4115924E-03
-0.1008000E+01 -0.1004000E+01  0.1032386E+01  0.4182978E-03
-0.1004000E+01 -0.1000000E+01  0.1016096E+01  0.4250852E-03
-0.1000000E+01 -0.9960000E+00  0.1000000E+01  0.4319551E-03
-0.9960000E+00 -0.9920000E+00  0.9840957E+00  0.4389079E-03
-0.9920000E+00 -0.9880000E+00  0.9683820E+00  0.4459441E-03
-0.9880000E+00 -0.9840000E+00  0.9528571E+00  0.4530641E-03
-0.9840000E+00 -0.9800000E+00  0.9375197E+00  0.4602683E-03
-0.9800000E+00 -0.9760000E+00  0.9223682E+00  0.4675572E-03
-0.9760000E+00 -0.9720000E+00  0.9074010E+00  0.4749311E-03
-0.9720000E+00 -0.9680000E+00  0.8926168E+00  0.4823903E-03
-0.9680000E+00 -0.9640000E+00  0.8780140E+00  0.4899354E-03
-0.9640000E+00 -0.9600000E+00  0.8635911E+00  0.4975667E-03
-0.9600000E+00 -0.9560000E+00  0.8493466E+00  0.5052845E-03
-0.9560000E+00 -0.9520000E+00  0.8352790E+00  0.5130892E-03
-0.9520000E+00 -0.9480000E+00  0.8213869E+00  0.5209810E-03
-0.9480000E+00 -0.9440000E+00  0.8076689E+00  0.5289604E-03
-0.9440000E+00 -0.9400000E+00  0.7941234E+00  0.5370277E-03
-0.9400000E+00 -0.9360000E+00  0.7807490E+00  0.5451831E-03
-0.9360000E+00 -0.9320000E+00  0.7675442E+00  0.5534269E-03
-0.9320000E+00 -0.9280000E+00  0.7545077E+00  0.5617594E-03
-0.9280000E+00 -0.9240000E+00  0.7416379E+00  0.5701809E-03
-0.9240000E+00 -0.9200000E+00  0.7289335E+00  0.5786916E-03
-0.9200000E+00 -0.9160000E+00  0.7163930E+00  0.5872917E-03
-0.9160000E+00 -0.9120000E+00  0.7040150E+00  0.5959815E-03
-0.9120000E+00 -0.9080000E+00  0.6917981E+00  0.6047612E-03
-0.9080000E+00 -0.9040000E+00  0.6797409E+00  0.6136309E-03
-0.9040000E+00 -0.9000000E+00  0.6678420E+00  0.6225909E-03
-0.9000000E+00 -0.8960000E+00  0.6561000E+00  0.6316413E-03
-0.8960000E+00 -0.8920000E+00  0.6445135E+00  0.6407822E-03
-0.8920000E+00 -0.8880000E+00  0.6330812E+00  0.6500138E-03
-0.8880000E+00 -0.8840000E+00  0.6218016E+00  0.6593362E-03
-0.8840000E+00 -0.8800000E+00  0.6106735E+00  0.6687496E-03
-0.8800000E+00 -0.8760000E+00  0.5996954E+00  0.6782539E-03
-0.8760000E+00 -0.8720000E+00  0.5888659E+00  0.6878492E-03
-0.8720000E+00 -0.8680000E+00  0.5781838E+00  0.6975357E-03
-0.8680000E+00 -0.8640000E+00  0.5676477E+00  0.7073133E-03
-0.8640000E+00 -0.8600000E+00  0.5572563E+00  0.7171820E-03
-0.8600000E+00 -0.8560000E+00  0.5470082E+00  0.7271419E-03
-0.8560000E+00 -0.8520000E+00  0.5369020E+00  0.7371929E-03
-0.8520000E+00 -0.8480000E+00  0.5269366E+00  0.7473351E-03
-0.8480000E+00 -0.8440000E+00  0.5171106E+00  0.7575683E-03
-0.8440000E+00 -0.8400000E+00  0.5074226E+00  0.7678924E-03
-0.8400000E+00 -0.8360000E+00  0.4978714E+00  0.7783075E-03
-0.8360000E+00 -0.8320000E+00  0.4884556E+00  0.7888133E-03
-0.8320000E+00 -0.8280000E+00  0.4791741E+00  0.7994097E-03
-0.8280000E+00 -0.8240000E+00  0.4700254E+00  0.8100967E-03
-0.8240000E+00 -0.8200000E+00  0.4610084E+00  0.8208740E-03
-0.8200000E+00 -0.8160000E+00  0.4521218E+00  0.8317415E-03
-0.8160000E+00 -0.8120000E+00  0.4433642E+00  0.8426988E-03
-0.8120000E+00 -0.8080000E+00  0.4347345E+00  0.8537459E-03
-0.8080000E+00 -0.8040000E+00  0.4262314E+00  0.8648825E-03
-0.8040000E+00 -0.8000000E+00  0.4178536E+00  0.8761082E-03
-0.8000000E+00 -0.7960000E+00  0.4096000E+00  0.8874229E-03
-0.7960000E+00 -0.7920000E+00  0.4014692E+00  0.8988262E-03
-0.7920000E+00 -0.7880000E+00  0.3934601E+00  0.9103177E-03
-0.7880000E+00 -0.7840000E+00  0.3855715E+00  0.9218971E-03
-0.7840000E+00 -0.7800000E+00  0.3778020E+00  0.9335641E-03
-0.7800000E+00 -0.7760000E+00  0.3701506E+00  0.9453182E-03
-0.7760000E+00 -0.7720000E+00  0.3626159E+00  0.9571591E-03
-0.7720000E+00 -0.7680000E+00  0.3551969E+00  0.9690863E-03
-0.7680000E+00 -0.7640000E+00  0.3478924E+00  0.9810993E-03
-0.7640000E+00 -0.7600000E+00  0.3407010E+00  0.9931976E-03
-0.7600000E+00 -0.7560000E+00  0.3336218E+00  0.1005381E-02
-0.7560000E+00 -0.7520000E+00  0.3266534E+00  0.1017648E-02
-0.7520000E+00 -0.7480000E+00  0.3197948E+00  0.1030000E-02
-0.7480000E+00 -0.7440000E+00  0.3130447E+00  0.1042434E-02
-0.7440000E+00 -0.7400000E+00  0.3064021E+00  0.1054951E-02
-0.7400000E+00 -0.7360000E+00  0.2998658E+00  0.1067550E-02
-0.7360000E+00 -0.7320000E+00  0.2934346E+00  0.1080230E-02
-0.7320000E+00 -0.7280000E+00  0.2871074E+00  0.1092991E-02
-0.7280000E+00 -0.7240000E+00  0.2808830E+00  0.1105832E-02
-0.7240000E+00 -0.7200000E+00  0.2747605E+00  0.1118753E-02
-0.7200000E+00 -0.7160000E+00  0.2687386E+00  0.1131751E-02
-0.7160000E+00 -0.7120000E+00  0.2628162E+00  0.1144828E-02
-0.7120000E+00 -0.7080000E+00  0.2569922E+00  0.1157981E-02
-0.7080000E+00 -0.7040000E+00  0.2512656E+00  0.1171211E-02
-0.7040000E+00 -0.7000000E+00  0.2456352E+00  0.1184516E-02
-0.7000000E+00 -0.6960000E+00  0.2401000E+00  0.1197896E-02
-0.6960000E+00 -0.6920000E+00  0.2346589E+00  0.1211349E-02
-0.6920000E+00 -0.6880000E+00  0.2293107E+00  0.1224874E-02
-0.6880000E+00 -0.6840000E+00  0.2240545E+00  0.1238472E-02
-0.6840000E+00 -0.6800000E+00  0.2188892E+00  0.1252140E-02
-0.6800000E+00 -0.6760000E+00  0.2138138E+00  0.1265879E-02
-0.6760000E+00 -0.6720000E+00  0.2088271E+00  0.1279686E-02
-0.6720000E+00 -0.6680000E+00  0.2039281E+00  0.1293560E-02
-0.6680000E+00 -0.6640000E+00  0.1991159E+00  0.1307502E-02
-0.6640000E+00 -0.6600000E+00  0.1943893E+00  0.1321509E-02
-0.6600000E+00 -0.6560000E+00  0.1897474E+00  0.1335581E-02
-0.6560000E+00 -0.6520000E+00  0.1851891E+00  0.1349716E-02
-0.6520000E+00 -0.6480000E+00  0.1807134E+00  0.1363914E-02
-0.6480000E+00 -0.6440000E+00  0.1763194E+00  0.1378173E-02
-0.6440000E+00 -0.6400000E+00  0.1720059E+00  0.1392491E-02
-0.6400000E+00 -0.6360000E+00  0.1677722E+00  0.1406869E-02
-0.6360000E+00 -0.6320000E+00  0.1636170E+00  0.1421303E-02
-0.6320000E+00 -0.6280000E+00  0.1595395E+00  0.1435795E-02
-0.6280000E+00 -0.6240000E+00  0.1555387E+00  0.1450341E-02
-0.6240000E+00 -0.6200000E+00  0.1516137E+00  0.1464940E-02
-0.6200000E+00 -0.6160000E+00  0.1477634E+00  0.1479592E-02
-0.6160000E+00 -0.6120000E+00  0.1439869E+00  0.1494295E-02
-0.6120000E+00 -0.6080000E+00  0.1402832E+00  0.1509047E-02
-0.6080000E+00 -0.6040000E+00  0.1366515E+00  0.1523847E-02
-0.6040000E+00 -0.6000000E+00  0.1330907E+00  0.1538695E-02
-0.6000000E+00 -0.5960000E+00  0.1296000E+00  0.1553587E-02
-0.5960000E+00 -0.5920000E+00  0.1261784E+00  0.1568523E-02
-0.5920000E+00 -0.5880000E+00  0.1228250E+00  0.1583501E-02
-0.5880000E+00 -0.5840000E+00  0.1195389E+00  0.1598520E-02
-0.5840000E+00 -0.5800000E+00  0.1163192E+00  0.1613578E-02
-0.5800000E+00 -0.5760000E+00  0.1131650E+00  0.1628674E-02
-0.5760000E+00 -0.5720000E+00  0.1100753E+00  0.1643806E-02
-0.5720000E+00 -0.5680000E+00  0.1070494E+00  0.1658972E-02
-0.5680000E+00 -0.5640000E+00  0.1040862E+00  0.1674171E-02
-0.5640000E+00 -0.5600000E+00  0.1011851E+00  0.1689402E-02
-0.5600000E+00 -0.5560000E+00  0.9834496E-01  0.1704661E-02
-0.5560000E+00 -0.5520000E+00  0.9556507E-01  0.1719949E-02
-0.5520000E+00 -0.5480000E+00  0.9284453E-01  0.1735262E-02
-0.5480000E+00 -0.5440000E+00  0.9018249E-01  0.1750600E-02
-0.5440000E+00 -0.5400000E+00  0.8757812E-01  0.1765960E-02
-0.5400000E+00 -0.5360000E+00  0.8503056E-01  0.1781341E-02
-0.5360000E+00 -0.5320000E+00  0.8253899E-01  0.1796741E-02
-0.5320000E+00 -0.5280000E+00  0.8010258E-01  0.1812158E-02
-0.5280000E+00 -0.5240000E+00  0.7772052E-01  0.1827590E-02
-0.5240000E+00 -0.5200000E+00  0.7539198E-01  0.1843036E-02
-0.5200000E+00 -0.5160000E+00  0.7311616E-01  0.1858494E-02
-0.5160000E+00 -0.5120000E+00  0.7089226E-01  0.1873961E-02
-0.5120000E+00 -0.5080000E+00  0.6871948E-01  0.1889436E-02
-0.5080000E+00 -0.5040000E+00  0.6659703E-01  0.1904917E-02
-0.5040000E+00 -0.5000000E+00  0.6452413E-01  0.1920402E-02
-0.5000000E+00 -0.4960000E+00  0.6250000E-01  0.1935888E-02
-0.4960000E+00 -0.4920000E+00  0.6052387E-01  0.1951375E-02
-0.4920000E+00 -0.4880000E+00  0.5859498E-01  0.1966860E-02
-0.4880000E+00 -0.4840000E+00  0.5671256E-01  0.1982341E-02
-0.4840000E+00 -0.4800000E+00  0.5487587E-01  0.1997816E-02
-0.4800000E+00 -0.4760000E+00  0.5308416E-01  0.2013282E-02
-0.4760000E+00 -0.4720000E+00  0.5133668E-01  0.2028739E-02
-0.4720000E+00 -0.4680000E+00  0.4963271E-01  0.2044183E-02
-0.4680000E+00 -0.4640000E+00  0.4797151E-01  0.2059614E-02
-0.4640000E+00 -0.4600000E+00  0.4635237E-01  0.2075027E-02
-0.4600000E+00 -0.4560000E+00  0.4477456E-01  0.2090423E-02
-0.4560000E+00 -0.4520000E+00  0.4323738E-01  0.2105798E-02
-0.4520000E+00 -0.4480000E+00  0.4174012E-01  0.2121150E-02
-0.4480000E+00 -0.4440000E+00  0.4028210E-01  0.2136477E-02
-0.4440000E+00 -0.4400000E+00  0.3886260E-01  0.2151778E-02
-0.4400000E+00 -0.4360000E+00  0.3748096E-01  0.2167049E-02
-0.4360000E+00 -0.4320000E+00  0.3613649E-01  0.2182289E-02
-0.4320000E+00 -0.4280000E+00  0.3482852E-01  0.2197496E-02
-0.4280000E+00 -0.4240000E+00  0.3355638E-01  0.2212667E-02
-0.4240000E+00 -0.4200000E+00  0.3231941E-01  0.2227800E-02
-0.4200000E+00 -0.4160000E+00  0.3111696E-01  0.2242893E-02
-0.4160000E+00 -0.4120000E+00  0.2994838E-01  0.2257943E-02
-0.4120000E+00 -0.4080000E+00  0.2881303E-01  0.2272950E-02
-0.4080000E+00 -0.4040000E+00  0.2771026E-01  0.2287909E-02
-0.4040000E+00 -0.4000000E+00  0.2663946E-01  0.2302820E-02
-0.4000000E+00 -0.3960000E+00  0.2560000E-01  0.2317679E-02
-0.3960000E+00 -0.3920000E+00  0.2459126E-01  0.2332485E-02
-0.3920000E+00 -0.3880000E+00  0.2361262E-01  0.2347236E-02
-0.3880000E+00 -0.3840000E+00  0.2266350E-01  0.2361928E-02
-0.3840000E+00 -0.3800000E+00  0.2174327E-01  0.2376561E-02
-0.3800000E+00 -0.3760000E+00  0.2085136E-01  0.2391131E-02
-0.3760000E+00 -0.3720000E+00  0.1998717E-01  0.2405636E-02
-0.3720000E+00 -0.3680000E+00  0.1915013E-01  0.2420075E-02
-0.3680000E+00 -0.3640000E+00  0.1833966E-01  0.2434444E-02
-0.3640000E+00 -0.3600000E+00  0.1755519E-01  0.2448742E-02
-0.3600000E+00 -0.3560000E+00  0.1679616E-01  0.2462966E-02
-0.3560000E+00 -0.3520000E+00  0.1606201E-01  0.2477114E-02
-0.3520000E+00 -0.3480000E+00  0.1535220E-01  0.2491185E-02
-0.3480000E+00 -0.3440000E+00  0.1466618E-01  0.2505174E-02
-0.3440000E+00 -0.3400000E+00  0.1400341E-01  0.2519082E-02
-0.3400000E+00 -0.3360000E+00  0.1336336E-01  0.2532904E-02
-0.3360000E+00 -0.3320000E+00  0.1274551E-01  0.2546639E-02
-0.3320000E+00 -0.3280000E+00  0.1214933E-01  0.2560284E-02
-0.3280000E+00 -0.3240000E+00  0.1157432E-01  0.2573838E-02
-0.3240000E+00 -0.3200000E+00  0.1101996E-01  0.2587299E-02
-0.3200000E+00 -0.3160000E+00  0.1048576E-01  0.2600663E-02
-0.3160000E+00 -0.3120000E+00  0.9971221E-02  0.2613929E-02
-0.3120000E+00 -0.3080000E+00  0.9475854E-02  0.2627094E-02
-0.3080000E+00 -0.3040000E+00  0.8999178E-02  0.2640157E-02
-0.3040000E+00 -0.3000000E+00  0.8540717E-02  0.2653115E-02
-0.3000000E+00 -0.2960000E+00  0.8100000E-02  0.2665966E-02
-0.2960000E+00 -0.2920000E+00  0.7676563E-02  0.2678707E-02
-0.2920000E+00 -0.2880000E+00  0.7269950E-02  0.2691338E-02
-0.2880000E+00 -0.2840000E+00  0.6879707E-02  0.2703855E-02
-0.2840000E+00 -0.2800000E+00  0.6505390E-02  0.2716256E-02
-0.2800000E+00 -0.2760000E+00  0.6146560E-02  0.2728539E-02
-0.2760000E+00 -0.2720000E+00  0.5802783E-02  0.2740703E-02
-0.2720000E+00 -0.2680000E+00  0.5473632E-02  0.2752744E-02
-0.2680000E+00 -0.2640000E+00  0.5158687E-02  0.2764662E-02
-0.2640000E+00 -0.2600000E+00  0.4857532E-02  0.2776453E-02
-0.2600000E+00 -0.2560000E+00  0.4569760E-02  0.2788117E-02
-0.2560000E+00 -0.2520000E+00  0.4294967E-02  0.2799650E-02
-0.2520000E+00 -0.2480000E+00  0.4032758E-02  0.2811051E-02
-0.2480000E+00 -0.2440000E+00  0.3782742E-02  0.2822318E-02
-0.2440000E+00 -0.2400000E+00  0.3544535E-02  0.2833448E-02
-0.2400000E+00 -0.2360000E+00  0.3317760E-02  0.2844440E-02
-0.2360000E+00 -0.2320000E+00  0.3102044E-02  0.2855293E-02
-0.2320000E+00 -0.2280000E+00  0.2897023E-02  0.2866003E-02
-0.2280000E+00 -0.2240000E+00  0.2702336E-02  0.2876569E-02
-0.2240000E+00 -0.2200000E+00  0.2517631E-02  0.2886990E-02
-0.2200000E+00 -0.2160000E+00  0.2342560E-02  0.2897263E-02
-0.2160000E+00 -0.2120000E+00  0.2176782E-02  0.2907386E-02
-0.2120000E+00 -0.2080000E+00  0.2019963E-02  0.2917358E-02
-0.2080000E+00 -0.2040000E+00  0.1871774E-02  0.2927177E-02
-0.2040000E+00 -0.2000000E+00  0.1731891E-02  0.2936841E-02
-0.2000000E+00 -0.1960000E+00  0.1600000E-02  0.2946348E-02
-0.1960000E+00 -0.1920000E+00  0.1475789E-02  0.2955697E-02
-0.1920000E+00 -0.1880000E+00  0.1358954E-02  0.2964885E-02
-0.1880000E+00 -0.1840000E+00  0.1249198E-02  0.2973912E-02
-0.1840000E+00 -0.1800000E+00  0.1146229E-02  0.2982776E-02
-0.1800000E+00 -0.1760000E+00  0.1049760E-02  0.2991474E-02
-0.1760000E+00 -0.1720000E+00  0.9595126E-03  0.3000006E-02
-0.1720000E+00 -0.1680000E+00  0.8752131E-03  0.3008370E-02
-0.1680000E+00 -0.1640000E+00  0.7965942E-03  0.3016564E-02
-0.1640000E+00 -0.1600000E+00  0.7233948E-03  0.3024586E-02
-0.1600000E+00 -0.1560000E+00  0.6553600E-03  0.3032436E-02
-0.1560000E+00 -0.1520000E+00  0.5922409E-03  0.3040112E-02
-0.1520000E+00 -0.1480000E+00  0.5337948E-03  0.3047612E-02
-0.1480000E+00 -0.1440000E+00  0.4797852E-03  0.3054935E-02
-0.1440000E+00 -0.1400000E+00  0.4299817E-03  0.3062080E-02
-0.1400000E+00 -0.1360000E+00  0.3841600E-03  0.3069045E-02
-0.1360000E+00 -0.1320000E+00  0.3421020E-03  0.3075829E-02
-0.1320000E+00 -0.1280000E+00  0.3035958E-03  0.3082430E-02
-0.1280000E+00 -0.1240000E+00  0.2684355E-03  0.3088848E-02
-0.1240000E+00 -0.1200000E+00  0.2364214E-03  0.3095082E-02
-0.1200000E+00 -0.1160000E+00  0.2073600E-03  0.3101129E-02
-0.1160000E+00 -0.1120000E+00  0.1810639E-03  0.3106990E-02
-0.1120000E+00 -0.1080000E+00  0.1573519E-03  0.3112662E-02
-0.1080000E+00 -0.1040000E+00  0.1360489E-03  0.3118145E-02
-0.1040000E+00 -0.1000000E+00  0.1169859E-03  0.3123438E-02
-0.1000000E+00 -0.9600000E-01  0.1000000E-03  0.3128540E-02
-0.9600000E-01 -0.9200000E-01  0.8493466E-04  0.3133449E-02
-0.9200000E-01 -0.8800000E-01  0.7163930E-04  0.3138165E-02
-0.8800000E-01 -0.8400000E-01  0.5996954E-04  0.3142688E-02
-0.8400000E-01 -0.8000000E-01  0.4978714E-04  0.3147015E-02
-0.8000000E-01 -0.7600000E-01  0.4096000E-04  0.3151147E-02
-0.7600000E-01 -0.7200000E-01  0.3336218E-04  0.3155082E-02
-0.7200000E-01 -0.6800000E-01  0.2687386E-04  0.3158819E-02
-0.6800000E-01 -0.6400000E-01  0.2138138E-04  0.3162359E-02
-0.6400000E-01 -0.6000000E-01  0.1677722E-04  0.3165701E-02
-0.6000000E-01 -0.5600000E-01  0.1296000E-04  0.3168842E-02
-0.5600000E-01 -0.5200000E-01  0.9834496E-05  0.3171784E-02
-0.5200000E-01 -0.4800000E-01  0.7311616E-05  0.3174526E-02
-0.4800000E-01 -0.4400000E-01  0.5308416E-05  0.3177067E-02
-0.4400000E-01 -0.4000000E-01  0.3748096E-05  0.3179406E-02
-0.4000000E-01 -0.3600000E-01  0.2560000E-05  0.3181543E-02
-0.3600000E-01 -0.3200000E-01  0.1679616E-05  0.3183478E-02
-0.3200000E-01 -0.2800000E-01  0.1048576E-05  0.3185210E-02
-0.2800000E-01 -0.2400000E-01  0.6146560E-06  0.3186740E-02
-0.2400000E-01 -0.2000000E-01  0.3317760E-06  0.3188066E-02
-0.2000000E-01 -0.1600000E-01  0.1600000E-06  0.3189188E-02
-0.1600000E-01 -0.1200000E-01  0.6553600E-07  0.3190107E-02
-0.1200000E-01 -0.8000000E-02  0.2073600E-07  0.3190821E-02
-0.8000000E-02 -0.4000000E-02  0.4096000E-08  0.3191332E-02
-0.4000000E-02  0.0000000E+00  0.2560000E-09  0.3191638E-02
 0.0000000E+00  0.4000000E-02  0.0000000E+00  0.3191740E-02
 0.4000000E-02  0.8000000E-02  0.2560000E-09  0.3191638E-02
 0.8000000E-02  0.1200000E-01  0.4096000E-08  0.3191332E-02
 0.1200000E-01  0.1600000E-01  0.2073600E-07  0.3190821E-02
 0.1600000E-01  0.2000000E-01  0.6553600E-07  0.3190107E-02
 0.2000000E-01  0.2400000E-01  0.1600000E-06  0.3189188E-02
 0.2400000E-01  0.2800000E-01  0.3317760E-06  0.3188066E-02
 0.2800000E-01  0.3200000E-01  0.6146560E-06  0.3186740E-02
 0.3200000E-01  0.3600000E-01  0.1048576E-05  0.3185210E-02
 0.3600000E-01  0.4000000E-01  0.1679616E-05  0.3183478E-02
 0.4000000E-01  0.4400000E-01  0.2560000E-05  0.3181543E-02
 0.4400000E-01  0.4800000E-01  0.3748096E-05  0.3179406E-02
 0.4800000E-01  0.5200000E-01  0.5308416E-05  0.3177067E-02
 0.5200000E-01  0.5600000E-01  0.7311616E-05  0.3174526E-02
 0.5600000E-01  0.6000000E-01  0.9834496E-05  0.3171784E-02
 0.6000000E-01  0.6400000E-01  0.1296000E-04  0.3168842E-02
 0.6400000E-01  0.6800000E-01  0.1677722E-04  0.3165701E-02
 0.6800000E-01  0.7200000E-01  0.2138138E-04  0.3162359E-02
 0.7200000E-01  0.7600000E-01  0.2687386E-04  0.3158819E-02
 0.7600000E-01  0.8000000E-01  0.3336218E-04  0.3155082E-02
 0.8000000E-01  0.8400000E-01  0.4096000E-04  0.3151147E-02
 0.8400000E-01  0.8800000E-01  0.4978714E-04  0.3147015E-02
 0.8800000E-01  0.9200000E-01  0.5996954E-04  0.3142688E-02
 0.9200000E-01  0.9600000E-01  0.7163930E-04  0.3138165E-02
 0.9600000E-01  0.1000000E+00  0.8493466E-04  0.3133449E-02
 0.1000000E+00  0.1040000E+00  0.1000000E-03  0.3128540E-02
 0.1040000E+00  0.1080000E+00  0.1169859E-03  0.3123438E-02
 0.1080000E+00  0.1120000E+00  0.1360489E-03  0.3118145E-02
 0.1120000E+00  0.1160000E+00  0.1573519E-03  0.3112662E-02
 0.1160000E+00  0.1200000E+00  0.1810639E-03  0.3106990E-02
 0.1200000E+00  0.1240000E+00  0.2073600E-03  0.3101129E-02
 0.1240000E+00  0.1280000E+00  0.2364214E-03  0.3095082E-02
 0.1280000E+00  0.1320000E+00  0.2684355E-03  0.3088848E-02
 0.1320000E+00  0.1360000E+00  0.3035958E-03  0.3082430E-02
 0.1360000E+00  0.1400000E+00  0.3421020E-03  0.3075829E-02
 0.1400000E+00  0.1440000E+00  0.3841600E-03  0.3069045E-02
 0.1440000E+00  0.1480000E+00  0.4299817E-03  0.3062080E-02
 0.1480000E+00  0.1520000E+00  0.4797852E-03  0.3054935E-02
 0.1520000E+00  0.1560000E+00  0.5337948E-03  0.3047612E-02
 0.1560000E+00  0.1600000E+00  0.5922409E-03  0.3040112E-02
 0.1600000E+00  0.1640000E+00  0.6553600E-03  0.3032436E-02
 0.1640000E+00  0.1680000E+00  0.7233948E-03  0.3024586E-02
 0.1680000E+00  0.1720000E+00  0.7965942E-03  0.3016564E-02
 0.1720000E+00  0.1760000E+00  0.8752131E-03  0.3008370E-02
 0.1760000E+00  0.1800000E+00  0.9595126E-03  0.3000006E-02
 0.1800000E+00  0.1840000E+00  0.1049760E-02  0.2991474E-02
 0.1840000E+00  0.1880000E+00  0.1146229E-02  0.2982776E-02
 0.1880000E+00  0.1920000E+00  0.1249198E-02  0.2973912E-02
 0.1920000E+00  0.1960000E+00  0.1358954E-02  0.2964885E-02
 0.1960000E+00  0.2000000E+00  0.1475789E-02  0.2955697E-02
 0.2000000E+00  0.2040000E+00  0.1600000E-02  0.2946348E-02
 0.2040000E+00  0.2080000E+00  0.1731891E-02  0.2936841E-02
 0.2080000E+00  0.2120000E+00  0.1871774E-02  0.2927177E-02
 0.2120000E+00  0.2160000E+00  0.2019963E-02  0.2917358E-02
 0.2160000E+00  0.2200000E+00  0.2176782E-02  0.2907386E-02
 0.2200000E+00  0.2240000E+00  0.2342560E-02  0.2897263E-02
 0.2240000E+00  0.2280000E+00  0.2517631E-02  0.2886990E-02
 0.2280000E+00  0.2320000E+00  0.2702336E-02  0.2876569E-02
 0.2320000E+00  0.2360000E+00  0.2897023E-02  0.2866003E-02
 0.2360000E+00  0.2400000E+00  0.3102044E-02  0.2855293E-02
 0.2400000E+00  0.2440000E+00  0.3317760E-02  0.2844440E-02
 0.2440000E+00  0.2480000E+00  0.3544535E-02  0.2833448E-02
 0.2480000E+00  0.2520000E+00  0.3782742E-02  0.2822318E-02
 0.2520000E+00  0.2560000E+00  0.4032758E-02  0.2811051E-02
 0.2560000E+00  0.2600000E+00  0.4294967E-02  0.2799650E-02
 0.2600000E+00  0.2640000E+00  0.4569760E-02  0.2788117E-02
 0.2640000E+00  0.2680000E+00  0.4857532E-02  0.2776453E-02
 0.2680000E+00  0.2720000E+00  0.5158687E-02  0.2764662E-02
 0.2720000E+00  0.2760000E+00  0.5473632E-02  0.2752744E-02
 0.2760000E+00  0.2800000E+00  0.5802783E-02  0.2740703E-02
 0.2800000E+00  0.2840000E+00  0.6146560E-02  0.2728539E-02
 0.2840000E+00  0.2880000E+00  0.6505390E-02  0.2716256E-02
 0.2880000E+00  0.2920000E+00  0.6879707E-02  0.2703855E-02
 0.2920000E+00  0.2960000E+00  0.7269950E-02  0.2691338E-02
 0.2960000E+00  0.3000000E+00  0.7676563E-02  0.2678707E-02
 0.3000000E+00  0.3040000E+00  0.8100000E-02  0.2665966E-02
 0.3040000E+00  0.3080000E+00  0.8540717E-02  0.2653115E-02
 0.3080000E+00  0.3120000E+00  0.8999178E-02  0.2640157E-02
 0.3120000E+00  0.3160000E+00  0.9475854E-02  0.2627094E-02
 0.3160000E+00  0.3200000E+00  0.9971221E-02  0.2613929E-02
 0.3200000E+00  0.3240000E+00  0.1048576E-01  0.2600663E-02
 0.3240000E+00  0.3280000E+00  0.1101996E-01  0.2587299E-02
 0.3280000E+00  0.3320000E+00  0.1157432E-01  0.2573838E-02
 0.3320000E+00  0.3360000E+00  0.1214933E-01  0.2560284E-02
 0.3360000E+00  0.3400000E+00  0.1274551E-01  0.2546639E-02
 0.3400000E+00  0.3440000E+00  0.1336336E-01  0.2532904E-02
 0.3440000E+00  0.3480000E+00  0.1400341E-01  0.2519082E-02
 0.3480000E+00  0.3520000E+00  0.1466618E-01  0.2505174E-02
 0.3520000E+00  0.3560000E+00  0.1535220E-01  0.2491185E-02
 0.3560000E+00  0.3600000E+00  0.1606201E-01  0.2477114E-02
 0.3600000E+00  0.3640000E+00  0.1679616E-01  0.2462966E-02
 0.3640000E+00  0.3680000E+00  0.1755519E-01  0.2448742E-02
 0.3680000E+00  0.3720000E+00  0.1833966E-01  0.2434444E-02
 0.3720000E+00  0.3760000E+00  0.1915013E-01  0.2420075E-02
 0.3760000E+00  0.3800000E+00  0.1998717E-01  0.2405636E-02
 0.3800000E+00  0.3840000E+00  0.2085136E-01  0.2391131E-02
 0.3840000E+00  0.3880000E+00  0.2174327E-01  0.2376561E-02
 0.3880000E+00  0.3920000E+00  0.2266350E-01  0.2361928E-02
 0.3920000E+00  0.3960000E+00  0.2361262E-01  0.2347236E-02
 0.3960000E+00  0.4000000E+00  0.2459126E-01  0.2332485E-02
 0.4000000E+00  0.4040000E+00  0.2560000E-01  0.2317679E-02
 0.4040000E+00  0.4080000E+00  0.2663946E-01  0.2302820E-02
 0.4080000E+00  0.4120000E+00  0.2771026E-01  0.2287909E-02
 0.4120000E+00  0.4160000E+00  0.2881303E-01  0.2272950E-02
 0.4160000E+00  0.4200000E+00  0.2994838E-01  0.2257943E-02
 0.4200000E+00  0.4240000E+00  0.3111696E-01  0.2242893E-02
 0.4240000E+00  0.4280000E+00  0.3231941E-01  0.2227800E-02
 0.4280000E+00  0.4320000E+00  0.3355638E-01  0.2212667E-02
 0.4320000E+00  0.4360000E+00  0.3482852E-01  0.2197496E-02
 0.4360000E+00  0.4400000E+00  0.3613649E-01  0.2182289E-02
 0.4400000E+00  0.4440000E+00  0.3748096E-01  0.2167049E-02
 0.4440000E+00  0.4480000E+00  0.3886260E-01  0.2151778E-02
 0.4480000E+00  0.4520000E+00  0.4028210E-01  0.2136477E-02
 0.4520000E+00  0.4560000E+00  0.4174012E-01  0.2121150E-02
 0.4560000E+00  0.4600000E+00  0.4323738E-01  0.2105798E-02
 0.4600000E+00  0.4640000E+00  0.4477456E-01  0.2090423E-02
 0.4640000E+00  0.4680000E+00  0.4635237E-01  0.2075027E-02
 0.4680000E+00  0.4720000E+00  0.4797151E-01  0.2059614E-02
 0.4720000E+00  0.4760000E+00  0.4963271E-01  0.2044183E-02
 0.4760000E+00  0.4800000E+00  0.5133668E-01  0.2028739E-02
 0.4800000E+00  0.4840000E+00  0.5308416E-01  0.2013282E-02
 0.4840000E+00  0.4880000E+00  0.5487587E-01  0.1997816E-02
 0.4880000E+00  0.4920000E+00  0.5671256E-01  0.1982341E-02
 0.4920000E+00  0.4960000E+00  0.5859498E-01  0.1966860E-02
 0.4960000E+00  0.5000000E+00  0.6052387E-01  0.1951375E-02
 0.5000000E+00  0.5040000E+00  0.6250000E-01  0.1935888E-02
 0.5040000E+00  0.5080000E+00  0.6452413E-01  0.1920402E-02
 0.5080000E+00  0.5120000E+00  0.6659703E-01  0.1904917E-02
 0.5120000E+00  0.5160000E+00  0.6871948E-01  0.1889436E-02
 0.5160000E+00  0.5200000E+00  0.7089226E-01  0.1873961E-02
 0.5200000E+00  0.5240000E+00  0.7311616E-01  0.1858494E-02
 0.5240000E+00  0.5280000E+00  0.7539198E-01  0.1843036E-02
 0.5280000E+00  0.5320000E+00  0.7772052E-01  0.1827590E-02
 0.5320000E+00  0.5360000E+00  0.8010258E-01  0.1812158E-02
 0.5360000E+00  0.5400000E+00  0.8253899E-01  0.1796741E-02
 0.5400000E+00  0.5440000E+00  0.8503056E-01  0.1781341E-02
 0.5440000E+00  0.5480000E+00  0.8757812E-01  0.1765960E-02
 0.5480000E+00  0.5520000E+00  0.9018249E-01  0.1750600E-02
 0.5520000E+00  0.5560000E+00  0.9284453E-01  0.1735262E-02
 0.5560000E+00  0.5600000E+00  0.9556507E-01  0.1719949E-02
 0.5600000E+00  0.5640000E+00  0.9834496E-01  0.1704661E-02
 0.5640000E+00  0.5680000E+00  0.1011851E+00  0.1689402E-02
 0.5680000E+00  0.5720000E+00  0.1040862E+00  0.1674171E-02
 0.5720000E+00  0.5760000E+00  0.1070494E+00  0.1658972E-02
 0.5760000E+00  0.5800000E+00  0.1100753E+00  0.1643806E-02
 0.5800000E+00  0.5840000E+00  0.1131650E+00  0.1628674E-02
 0.5840000E+00  0.5880000E+00  0.1163192E+00  0.1613578E-02
 0.5880000E+00  0.5920000E+00  0.1195389E+00  0.1598520E-02
 0.5920000E+00  0.5960000E+00  0.1228250E+00  0.1583501E-02
 0.5960000E+00  0.6000000E+00  0.1261784E+00  0.1568523E-02
 0.6000000E+00  0.6040000E+00  0.1296000E+00  0.1553587E-02
 0.6040000E+00  0.6080000E+00  0.1330907E+00  0.1538695E-02
 0.6080000E+00  0.6120000E+00  0.1366515E+00  0.1523847E-02
 0.6120000E+00  0.6160000E+00  0.1402832E+00  0.1509047E-02
 0.6160000E+00  0.6200000E+00  0.1439869E+00  0.1494295E-02
 0.6200000E+00  0.6240000E+00  0.1477634E+00  0.1479592E-02
 0.6240000E+00  0.6280000E+00  0.1516137E+00  0.1464940E-02
 0.6280000E+00  0.6320000E+00  0.1555387E+00  0.1450341E-02
 0.6320000E+00  0.6360000E+00  0.1595395E+00  0.1435795E-02
 0.6360000E+00  0.6400000E+00  0.1636170E+00  0.1421303E-02
 0.6400000E+00  0.6440000E+00  0.1677722E+00  0.1406869E-02
 0.6440000E+00  0.6480000E+00  0.1720059E+00  0.1392491E-02
 0.6480000E+00  0.6520000E+00  0.1763194E+00  0.1378173E-02
 0.6520000E+00  0.6560000E+00  0.1807134E+00  0.1363914E-02
 0.6560000E+00  0.6600000E+00  0.1851891E+00  0.1349716E-02
 0.6600000E+00  0.6640000E+00  0.1897474E+00  0.1335581E-02
 0.6640000E+00  0.6680000E+00  0.1943893E+00  0.1321509E-02
 0.6680000E+00  0.6720000E+00  0.1991159E+00  0.1307502E-02
 0.6720000E+00  0.6760000E+00  0.2039281E+00  0.1293560E-02
 0.6760000E+00  0.6800000E+00  0.2088271E+00  0.1279686E-02
 0.6800000E+00  0.6840000E+00  0.2138138E+00  0.1265879E-02
 0.6840000E+00  0.6880000E+00  0.2188892E+00  0.1252140E-02
 0.6880000E+00  0.6920000E+00  0.2240545E+00  0.1238472E-02
 0.6920000E+00  0.6960000E+00  0.2293107E+00  0.1224874E-02
 0.6960000E+00  0.7000000E+00  0.2346589E+00  0.1211349E-02
 0.7000000E+00  0.7040000E+00  0.2401000E+00  0.1197896E-02
 0.7040000E+00  0.7080000E+00  0.2456352E+00  0.1184516E-02
 0.7080000E+00  0.7120000E+00  0.2512656E+00  0.1171211E-02
 0.7120000E+00  0.7160000E+00  0.2569922E+00  0.1157981E-02
 0.7160000E+00  0.7200000E+00  0.2628162E+00  0.1144828E-02
 0.7200000E+00  0.7240000E+00  0.2687386E+00  0.1131751E-02
 0.7240000E+00  0.7280000E+00  0.2747605E+00  0.1118753E-02
 0.7280000E+00  0.7320000E+00  0.2808830E+00  0.1105832E-02
 0.7320000E+00  0.7360000E+00  0.2871074E+00  0.1092991E-02
 0.7360000E+00  0.7400000E+00  0.2934346E+00  0.1080230E-02
 0.7400000E+00  0.7440000E+00  0.2998658E+00  0.1067550E-02
 0.7440000E+00  0.7480000E+00  0.3064021E+00  0.1054951E-02
 0.7480000E+00  0.7520000E+00  0.3130447E+00  0.1042434E-02
 0.7520000E+00  0.7560000E+00  0.3197948E+00  0.1030000E-02
 0.7560000E+00  0.7600000E+00  0.3266534E+00  0.1017648E-02
 0.7600000E+00  0.7640000E+00  0.3336218E+00  0.1005381E-02
 0.7640000E+00  0.7680000E+00  0.3407010E+00  0.9931976E-03
 0.7680000E+00  0.7720000E+00  0.3478924E+00  0.9810993E-03
 0.7720000E+00  0.7760000E+00  0.3551969E+00  0.9690863E-03
 0.7760000E+00  0.7800000E+00  0.3626159E+00  0.9571591E-03
 0.7800000E+00  0.7840000E+00  0.3701506E+00  0.9453182E-03
 0.7840000E+00  0.7880000E+00  0.3778020E+00  0.9335641E-03
 0.7880000E+00  0.7920000E+00  0.3855715E+00  0.9218971E-03
 0.7920000E+00  0.7960000E+00  0.3934601E+00  0.9103177E-03
 0.7960000E+00  0.8000000E+00  0.4014692E+00  0.8988262E-03
 0.8000000E+00  0.8040000E+00  0.4096000E+00  0.8874229E-03
 0.8040000E+00  0.8080000E+00  0.4178536E+00  0.8761082E-03
 0.8080000E+00  0.8120000E+00  0.4262314E+00  0.8648825E-03
 0.8120000E+00  0.8160000E+00  0.4347345E+00  0.8537459E-03
 0.8160000E+00  0.8200000E+00  0.4433642E+00  0.8426988E-03
 0.8200000E+00  0.8240000E+00  0.4521218E+00  0.8317415E-03
 0.8240000E+00  0.8280000E+00  0.4610084E+00  0.8208740E-03
 0.8280000E+00  0.8320000E+00  0.4700254E+00  0.8100967E-03
 0.8320000E+00  0.8360000E+00  0.4791741E+00  0.7994097E-03
 0.8360000E+00  0.8400000E+00  0.4884556E+00  0.7888133E-03
 0.8400000E+00  0.8440000E+00  0.4978714E+00  0.7783075E-03
 0.8440000E+00  0.8480000E+00  0.5074226E+00  0.7678924E-03
 0.8480000E+00  0.8520000E+00  0.5171106E+00  0.7575683E-03
 0.8520000E+00  0.8560000E+00  0.5269366E+00  0.7473351E-03
 0.8560000E+00  0.8600000E+00  0.5369020E+00  0.7371929E-03
 0.8600000E+00  0.8640000E+00  0.5470082E+00  0.7271419E-03
 0.8640000E+00  0.8680000E+00  0.5572563E+00  0.7171820E-03
 0.8680000E+00  0.8720000E+00  0.5676477E+00  0.7073133E-03
 0.8720000E+00  0.8760000E+00  0.5781838E+00  0.6975357E-03
 0.8760000E+00  0.8800000E+00  0.5888659E+00  0.6878492E-03
 0.8800000E+00  0.8840000E+00  0.5996954E+00  0.6782539E-03
 0.8840000E+00  0.8880000E+00  0.6106735E+00  0.6687496E-03
 0.8880000E+00  0.8920000E+00  0.6218016E+00  0.6593362E-03
 0.8920000E+00  0.8960000E+00  0.6330812E+00  0.6500138E-03
 0.8960000E+00  0.9000000E+00  0.6445135E+00  0.6407822E-03
 0.9000000E+00  0.9040000E+00  0.6561000E+00  0.6316413E-03
 0.9040000E+00  0.9080000E+00  0.6678420E+00  0.6225909E-03
 0.9080000E+00  0.9120000E+00  0.6797409E+00  0.6136309E-03
 0.9120000E+00  0.9160000E+00  0.6917981E+00  0.6047612E-03
 0.9160000E+00  0.9200000E+00  0.7040150E+00  0.5959815E-03
 0.9200000E+00  0.9240000E+00  0.7163930E+00  0.5872917E-03
 0.9240000E+00  0.9280000E+00  0.7289335E+00  0.5786916E-03
 0.9280000E+00  0.9320000E+00  0.7416379E+00  0.5701809E-03
 0.9320000E+00  0.9360000E+00  0.7545077E+00  0.5617594E-03
 0.9360000E+00  0.9400000E+00  0.7675442E+00  0.5534269E-03
 0.9400000E+00  0.9440000E+00  0.7807490E+00  0.5451831E-03
 0.9440000E+00  0.9480000E+00  0.7941234E+00  0.5370277E-03
 0.9480000E+00  0.9520000E+00  0.8076689E+00  0.5289604E-03
 0.9520000E+00  0.9560000E+00  0.8213869E+00  0.5209810E-03
 0.9560000E+00  0.9600000E+00  0.8352790E+00  0.5130892E-03
 0.9600000E+00  0.9640000E+00  0.8493466E+00  0.5052845E-03
 0.9640000E+00  0.9680000E+00  0.8635911E+00  0.4975667E-03
 0.9680000E+00  0.9720000E+00  0.8780140E+00  0.4899354E-03
 0.9720000E+00  0.9760000E+00  0.8926168E+00  0.4823903E-03
 0.9760000E+00  0.9800000E+00  0.9074010E+00  0.4749311E-03
 0.9800000E+00  0.9840000E+00  0.9223682E+00  0.4675572E-03
 0.9840000E+00  0.9880000E+00  0.9375197E+00  0.4602683E-03
 0.9880000E+00  0.9920000E+00  0.9528571E+00  0.4530641E-03
 0.9920000E+00  0.9960000E+00  0.9683820E+00  0.4459441E-03
 0.9960000E+00  0.1000000E+01  0.9840957E+00  0.4389079E-03
 0.1000000E+01  0.1004000E+01  0.1000000E+01  0.4319551E-03
 0.1004000E+01  0.1008000E+01  0.1016096E+01  0.4250852E-03
 0.1008000E+01  0.1012000E+01  0.1032386E+01  0.4182978E-03
 0.1012000E+01  0.1016000E+01  0.1048871E+01  0.4115924E-03
 0.1016000E+01  0.1020000E+01  0.1065552E+01  0.4049686E-03
 0.1020000E+01  0.1024000E+01  0.1082432E+01  0.3984259E-03
 0.1024000E+01  0.1028000E+01  0.1099512E+01  0.3919639E-03
 0.1028000E+01  0.1032000E+01  0.1116792E+01  0.3855819E-03
 0.1032000E+01  0.1036000E+01  0.1134276E+01  0.3792796E-03
 0.1036000E+01  0.1040000E+01  0.1151964E+01  0.3730564E-03
 0.1040000E+01  0.1044000E+01  0.1169859E+01  0.3669119E-03
 0.1044000E+01  0.1048000E+01  0.1187960E+01  0.3608454E-03
 0.1048000E+01  0.1052000E+01  0.1206272E+01  0.3548566E-03
 0.1052000E+01  0.1056000E+01  0.1224794E+01  0.3489448E-03
 0.1056000E+01  0.1060000E+01  0.1243528E+01  0.3431095E-03
 0.1060000E+01  0.1064000E+01  0.1262477E+01  0.3373502E-03
 0.1064000E+01  0.1068000E+01  0.1281641E+01  0.3316664E-03
 0.1068000E+01  0.1072000E+01  0.1301023E+01  0.3260575E-03
 0.1072000E+01  0.1076000E+01  0.1320624E+01  0.3205229E-03
 0.1076000E+01  0.1080000E+01  0.1340445E+01  0.3150621E-03
 0.1080000E+01  0.1084000E+01  0.1360489E+01  0.3096745E-03
 0.1084000E+01  0.1088000E+01  0.1380757E+01  0.3043595E-03
 0.1088000E+01  0.1092000E+01  0.1401250E+01  0.2991167E-03
 0.1092000E+01  0.1096000E+01  0.1421970E+01  0.2939453E-03
 0.1096000E+01  0.1100000E+01  0.1442920E+01  0.2888448E-03
 0.1100000E+01  0.1104000E+01  0.1464100E+01  0.2838147E-03
 0.1104000E+01  0.1108000E+01  0.1485512E+01  0.2788544E-03
 0.1108000E+01  0.1112000E+01  0.1507159E+01  0.2739632E-03
 0.1112000E+01  0.1116000E+01  0.1529041E+01  0.2691405E-03
 0.1116000E+01  0.1120000E+01  0.1551161E+01  0.2643859E-03
 0.1120000E+01  0.1124000E+01  0.1573519E+01  0.2596986E-03
 0.1124000E+01  0.1128000E+01  0.1596119E+01  0.2550781E-03
 0.1128000E+01  0.1132000E+01  0.1618961E+01  0.2505237E-03
 0.1132000E+01  0.1136000E+01  0.1642047E+01  0.2460350E-03
 0.1136000E+01  0.1140000E+01  0.1665380E+01  0.2416112E-03
 0.1140000E+01  0.1144000E+01  0.1688960E+01  0.2372517E-03
 0.1144000E+01  0.1148000E+01  0.1712790E+01  0.2329560E-03
 0.1148000E+01  0.1152000E+01  0.1736871E+01  0.2287235E-03
 0.1152000E+01  0.1156000E+01  0.1761205E+01  0.2245534E-03
 0.1156000E+01  0.1160000E+01  0.1785794E+01  0.2204453E-03
 0.1160000E+01  0.1164000E+01  0.1810639E+01  0.2163985E-03
 0.1164000E+01  0.1168000E+01  0.1835743E+01  0.2124124E-03
 0.1168000E+01  0.1172000E+01  0.1861107E+01  0.2084864E-03
 0.1172000E+01  0.1176000E+01  0.1886733E+01  0.2046198E-03
 0.1176000E+01  0.1180000E+01  0.1912623E+01  0.2008121E-03
 0.1180000E+01  0.1184000E+01  0.1938778E+01  0.1970626E-03
 0.1184000E+01  0.1188000E+01  0.1965200E+01  0.1933708E-03
 0.1188000E+01  0.1192000E+01  0.1991892E+01  0.1897360E-03
 0.1192000E+01  0.1196000E+01  0.2018855E+01  0.1861576E-03
 0.1196000E+01  0.1200000E+01  0.2046090E+01  0.1826350E-03
 0.1200000E+01  0.1204000E+01  0.2073600E+01  0.1791676E-03
 0.1204000E+01  0.1208000E+01  0.2101387E+01  0.1757548E-03
 0.1208000E+01  0.1212000E+01  0.2129451E+01  0.1723959E-03
 0.1212000E+01  0.1216000E+01  0.2157796E+01  0.1690904E-03
 0.1216000E+01  0.1220000E+01  0.2186424E+01  0.1658377E-03
 0.1220000E+01  0.1224000E+01  0.2215335E+01  0.1626371E-03
 0.1224000E+01  0.1228000E+01  0.2244531E+01  0.1594882E-03
 0.1228000E+01  0.1232000E+01  0.2274016E+01  0.1563901E-03
 0.1232000E+01  0.1236000E+01  0.2303790E+01  0.1533424E-03
 0.1236000E+01  0.1240000E+01  0.2333855E+01  0.1503445E-03
 0.1240000E+01  0.1244000E+01  0.2364214E+01  0.1473958E-03
 0.1244000E+01  0.1248000E+01  0.2394868E+01  0.1444957E-03
 0.1248000E+01  0.1252000E+01  0.2425819E+01  0.1416435E-03
 0.1252000E+01  0.1256000E+01  0.2457069E+01  0.1388388E-03
 0.1256000E+01  0.1260000E+01  0.2488620E+01  0.1360809E-03
 0.1260000E+01  0.1264000E+01  0.2520474E+01  0.1333693E-03
 0.1264000E+01  0.1268000E+01  0.2552633E+01  0.1307033E-03
 0.1268000E+01  0.1272000E+01  0.2585098E+01  0.1280824E-03
 0.1272000E+01  0.1276000E+01  0.2617872E+01  0.1255060E-03
 0.1276000E+01  0.1280000E+01  0.2650957E+01  0.1229736E-03
 0.1280000E+01  0.1284000E+01  0.2684355E+01  0.1204846E-03
 0.1284000E+01  0.1288000E+01  0.2718067E+01  0.1180384E-03
 0.1288000E+01  0.1292000E+01  0.2752095E+01  0.1156344E-03
 0.1292000E+01  0.1296000E+01  0.2786442E+01  0.1132722E-03
 0.1296000E+01  0.1300000E+01  0.2821110E+01  0.1109511E-03
 0.1300000E+01  0.1304000E+01  0.2856100E+01  0.1086706E-03
 0.1304000E+01  0.1308000E+01  0.2891415E+01  0.1064302E-03
 0.1308000E+01  0.1312000E+01  0.2927056E+01  0.1042293E-03
 0.1312000E+01  0.1316000E+01  0.2963025E+01  0.1020674E-03
 0.1316000E+01  0.1320000E+01  0.2999325E+01  0.9994396E-04
 0.1320000E+01  0.1324000E+01  0.3035958E+01  0.9785841E-04
 0.1324000E+01  0.1328000E+01  0.3072925E+01  0.9581025E-04
 0.1328000E+01  0.1332000E+01  0.3110229E+01  0.9379895E-04
 0.1332000E+01  0.1336000E+01  0.3147871E+01  0.9182399E-04
 0.1336000E+01  0.1340000E+01  0.3185854E+01  0.8988487E-04
 0.1340000E+01  0.1344000E+01  0.3224179E+01  0.8798107E-04
 0.1344000E+01  0.1348000E+01  0.3262850E+01  0.8611207E-04
 0.1348000E+01  0.1352000E+01  0.3301867E+01  0.8427739E-04
 0.1352000E+01  0.1356000E+01  0.3341233E+01  0.8247652E-04
 0.1356000E+01  0.1360000E+01  0.3380950E+01  0.8070896E-04
 0.1360000E+01  0.1364000E+01  0.3421020E+01  0.7897423E-04
 0.1364000E+01  0.1368000E+01  0.3461445E+01  0.7727184E-04
 0.1368000E+01  0.1372000E+01  0.3502228E+01  0.7560131E-04
 0.1372000E+01  0.1376000E+01  0.3543370E+01  0.7396216E-04
 0.1376000E+01  0.1380000E+01  0.3584873E+01  0.7235392E-04
 0.1380000E+01  0.1384000E+01  0.3626739E+01  0.7077612E-04
 0.1384000E+01  0.1388000E+01  0.3668972E+01  0.6922829E-04
 0.1388000E+01  0.1392000E+01  0.3711572E+01  0.6770998E-04
 0.1392000E+01  0.1396000E+01  0.3754542E+01  0.6622074E-04
 0.1396000E+01  0.1400000E+01  0.3797884E+01  0.6476010E-04
 0.1400000E+01  0.1404000E+01  0.3841600E+01  0.6332762E-04
 0.1404000E+01  0.1408000E+01  0.3885693E+01  0.6192287E-04
 0.1408000E+01  0.1412000E+01  0.3930164E+01  0.6054541E-04
 0.1412000E+01  0.1416000E+01  0.3975015E+01  0.5919480E-04
 0.1416000E+01  0.1420000E+01  0.4020250E+01  0.5787061E-04
 0.1420000E+01  0.1424000E+01  0.4065869E+01  0.5657242E-04
 0.1424000E+01  0.1428000E+01  0.4111876E+01  0.5529982E-04
 0.1428000E+01  0.1432000E+01  0.4158271E+01  0.5405238E-04
 0.1432000E+01  0.1436000E+01  0.4205059E+01  0.5282971E-04
 0.1436000E+01  0.1440000E+01  0.4252240E+01  0.5163138E-04
 0.1440000E+01  0.1444000E+01  0.4299817E+01  0.5045701E-04
 0.1444000E+01  0.1448000E+01  0.4347792E+01  0.4930619E-04
 0.1448000E+01  0.1452000E+01  0.4396168E+01  0.4817854E-04
 0.1452000E+01  0.1456000E+01  0.4444946E+01  0.4707366E-04
 0.1456000E+01  0.1460000E+01  0.4494129E+01  0.4599118E-04
 0.1460000E+01  0.1464000E+01  0.4543719E+01  0.4493072E-04
 0.1464000E+01  0.1468000E+01  0.4593718E+01  0.4389189E-04
 0.1468000E+01  0.1472000E+01  0.4644128E+01  0.4287435E-04
 0.1472000E+01  0.1476000E+01  0.4694953E+01  0.4187771E-04
 0.1476000E+01  0.1480000E+01  0.4746193E+01  0.4090162E-04
 0.1480000E+01  0.1484000E+01  0.4797852E+01  0.3994572E-04
 0.1484000E+01  0.1488000E+01  0.4849931E+01  0.3900967E-04
 0.1488000E+01  0.1492000E+01  0.4902434E+01  0.3809312E-04
 0.1492000E+01  0.1496000E+01  0.4955361E+01  0.3719572E-04
 0.1496000E+01  0.1500000E+01  0.5008716E+01  0.3631713E-04
 0.1500000E+01  0.1504000E+01  0.5062500E+01  0.3545703E-04
 0.1504000E+01  0.1508000E+01  0.5116716E+01  0.3461509E-04
 0.1508000E+01  0.1512000E+01  0.5171367E+01  0.3379097E-04
 0.1512000E+01  0.1516000E+01  0.5226454E+01  0.3298436E-04
 0.1516000E+01  0.1520000E+01  0.5281981E+01  0.3219495E-04
 0.1520000E+01  0.1524000E+01  0.5337948E+01  0.3142242E-04
 0.1524000E+01  0.1528000E+01  0.5394359E+01  0.3066646E-04
 0.1528000E+01  0.1532000E+01  0.5451216E+01  0.2992678E-04
 0.1532000E+01  0.1536000E+01  0.5508522E+01  0.2920306E-04
 0.1536000E+01  0.1540000E+01  0.5566278E+01  0.2849503E-04
 0.1540000E+01  0.1544000E+01  0.5624487E+01  0.2780238E-04
 0.1544000E+01  0.1548000E+01  0.5683151E+01  0.2712483E-04
 0.1548000E+01  0.1552000E+01  0.5742273E+01  0.2646210E-04
 0.1552000E+01  0.1556000E+01  0.5801855E+01  0.2581391E-04
 0.1556000E+01  0.1560000E+01  0.5861900E+01  0.2517999E-04
 0.1560000E+01  0.1564000E+01  0.5922409E+01  0.2456006E-04
 0.1564000E+01  0.1568000E+01  0.5983386E+01  0.2395386E-04
 0.1568000E+01  0.1572000E+01  0.6044832E+01  0.2336113E-04
 0.1572000E+01  0.1576000E+01  0.6106750E+01  0.2278161E-04
 0.1576000E+01  0.1580000E+01  0.6169143E+01  0.2221504E-04
 0.1580000E+01  0.1584000E+01  0.6232013E+01  0.2166118E-04
 0.1584000E+01  0.1588000E+01  0.6295362E+01  0.2111977E-04
 0.1588000E+01  0.1592000E+01  0.6359193E+01  0.2059058E-04
 0.1592000E+01  0.1596000E+01  0.6423508E+01  0.2007336E-04
 0.1596000E+01  0.1600000E+01  0.6488309E+01  0.1956788E-04
 0.1600000E+01  0.1604000E+01  0.6553600E+01  0.1907391E-04
 0.1604000E+01  0.1608000E+01  0.6619382E+01  0.1859122E-04
 0.1608000E+01  0.1612000E+01  0.6685658E+01  0.1811959E-04
 0.1612000E+01  0.1616000E+01  0.6752431E+01  0.1765879E-04
 0.1616000E+01  0.1620000E+01  0.6819702E+01  0.1720861E-04
 0.1620000E+01  0.1624000E+01  0.6887475E+01  0.1676883E-04
 0.1624000E+01  0.1628000E+01  0.6955752E+01  0.1633924E-04
 0.1628000E+01  0.1632000E+01  0.7024535E+01  0.1591964E-04
 0.1632000E+01  0.1636000E+01  0.7093827E+01  0.1550982E-04
 0.1636000E+01  0.1640000E+01  0.7163631E+01  0.1510959E-04
 0.1640000E+01  0.1644000E+01  0.7233948E+01  0.1471874E-04
 0.1644000E+01  0.1648000E+01  0.7304782E+01  0.1433709E-04
 0.1648000E+01  0.1652000E+01  0.7376135E+01  0.1396443E-04
 0.1652000E+01  0.1656000E+01  0.7448009E+01  0.1360060E-04
 0.1656000E+01  0.1660000E+01  0.7520407E+01  0.1324539E-04
 0.1660000E+01  0.1664000E+01  0.7593331E+01  0.1289864E-04
 0.1664000E+01  0.1668000E+01  0.7666785E+01  0.1256016E-04
 0.1668000E+01  0.1672000E+01  0.7740770E+01  0.1222978E-04
 0.1672000E+01  0.1676000E+01  0.7815290E+01  0.1190732E-04
 0.1676000E+01  0.1680000E+01  0.7890346E+01  0.1159263E-04
 0.1680000E+01  0.1684000E+01  0.7965942E+01  0.1128553E-04
 0.1684000E+01  0.1688000E+01  0.8042079E+01  0.1098587E-04
 0.1688000E+01  0.1692000E+01  0.8118761E+01  0.1069347E-04
 0.1692000E+01  0.1696000E+01  0.8195990E+01  0.1040820E-04
 0.1696000E+01  0.1700000E+01  0.8273769E+01  0.1012988E-04
 0.1700000E+01  0.1704000E+01  0.8352100E+01  0.9858378E-05
 0.1704000E+01  0.1708000E+01  0.8430986E+01  0.9593537E-05
 0.1708000E+01  0.1712000E+01  0.8510429E+01  0.9335213E-05
 0.1712000E+01  0.1716000E+01  0.8590433E+01  0.9083264E-05
 0.1716000E+01  0.1720000E+01  0.8670999E+01  0.8837550E-05
 0.1720000E+01  0.1724000E+01  0.8752131E+01  0.8597931E-05
 0.1724000E+01  0.1728000E+01  0.8833830E+01  0.8364275E-05
 0.1728000E+01  0.1732000E+01  0.8916100E+01  0.8136447E-05
 0.1732000E+01  0.1736000E+01  0.8998944E+01  0.7914319E-05
 0.1736000E+01  0.1740000E+01  0.9082364E+01  0.7697762E-05
 0.1740000E+01  0.1744000E+01  0.9166362E+01  0.7486652E-05
 0.1744000E+01  0.1748000E+01  0.9250941E+01  0.7280865E-05
 0.1748000E+01  0.1752000E+01  0.9336105E+01  0.7080281E-05
 0.1752000E+01  0.1756000E+01  0.9421855E+01  0.6884783E-05
 0.1756000E+01  0.1760000E+01  0.9508194E+01  0.6694255E-05
 0.1760000E+01  0.1764000E+01  0.9595126E+01  0.6508582E-05
 0.1764000E+01  0.1768000E+01  0.9682652E+01  0.6327655E-05
 0.1768000E+01  0.1772000E+01  0.9770776E+01  0.6151363E-05
 0.1772000E+01  0.1776000E+01  0.9859500E+01  0.5979600E-05
 0.1776000E+01  0.1780000E+01  0.9948826E+01  0.5812261E-05
 0.1780000E+01  0.1784000E+01  0.1003876E+02  0.5649243E-05
 0.1784000E+01  0.1788000E+01  0.1012930E+02  0.5490447E-05
 0.1788000E+01  0.1792000E+01  0.1022045E+02  0.5335772E-05
 0.1792000E+01  0.1796000E+01  0.1031222E+02  0.5185123E-05
 0.1796000E+01  0.1800000E+01  0.1040460E+02  0.5038405E-05
 0.1800000E+01  0.1804000E+01  0.1049760E+02  0.4895526E-05
 0.1804000E+01  0.1808000E+01  0.1059122E+02  0.4756393E-05
 0.1808000E+01  0.1812000E+01  0.1068547E+02  0.4620919E-05
 0.1812000E+01  0.1816000E+01  0.1078035E+02  0.4489017E-05
 0.1816000E+01  0.1820000E+01  0.1087585E+02  0.4360600E-05
 0.1820000E+01  0.1824000E+01  0.1097199E+02  0.4235586E-05
 0.1824000E+01  0.1828000E+01  0.1106877E+02  0.4113892E-05
 0.1828000E+01  0.1832000E+01  0.1116618E+02  0.3995440E-05
 0.1832000E+01  0.1836000E+01  0.1126424E+02  0.3880149E-05
 0.1836000E+01  0.1840000E+01  0.1136294E+02  0.3767945E-05
 0.1840000E+01  0.1844000E+01  0.1146229E+02  0.3658750E-05
 0.1844000E+01  0.1848000E+01  0.1156228E+02  0.3552493E-05
 0.1848000E+01  0.1852000E+01  0.1166294E+02  0.3449101E-05
 0.1852000E+01  0.1856000E+01  0.1176424E+02  0.3348504E-05
 0.1856000E+01  0.1860000E+01  0.1186621E+02  0.3250633E-05
 0.1860000E+01  0.1864000E+01  0.1196883E+02  0.3155420E-05
 0.1864000E+01  0.1868000E+01  0.1207212E+02  0.3062800E-05
 0.1868000E+01  0.1872000E+01  0.1217608E+02  0.2972709E-05
 0.1872000E+01  0.1876000E+01  0.1228071E+02  0.2885083E-05
 0.1876000E+01  0.1880000E+01  0.1238601E+02  0.2799861E-05
 0.1880000E+01  0.1884000E+01  0.1249198E+02  0.2716982E-05
 0.1884000E+01  0.1888000E+01  0.1259864E+02  0.2636388E-05
 0.1888000E+01  0.1892000E+01  0.1270597E+02  0.2558020E-05
 0.1892000E+01  0.1896000E+01  0.1281399E+02  0.2481824E-05
 0.1896000E+01  0.1900000E+01  0.1292270E+02  0.2407743E-05
 0.1900000E+01  0.1904000E+01  0.1303210E+02  0.2335723E-05
 0.1904000E+01  0.1908000E+01  0.1314219E+02  0.2265713E-05
 0.1908000E+01  0.1912000E+01  0.1325298E+02  0.2197661E-05
 0.1912000E+01  0.1916000E+01  0.1336446E+02  0.2131516E-05
 0.1916000E+01  0.1920000E+01  0.1347665E+02  0.2067230E-05
 0.1920000E+01  0.1924000E+01  0.1358954E+02  0.2004755E-05
 0.1924000E+01  0.1928000E+01  0.1370315E+02  0.1944043E-05
 0.1928000E+01  0.1932000E+01  0.1381746E+02  0.1885049E-05
 0.1932000E+01  0.1936000E+01  0.1393248E+02  0.1827728E-05
 0.1936000E+01  0.1940000E+01  0.1404822E+02  0.1772037E-05
 0.1940000E+01  0.1944000E+01  0.1416468E+02  0.1717933E-05
 0.1944000E+01  0.1948000E+01  0.1428187E+02  0.1665374E-05
 0.1948000E+01  0.1952000E+01  0.1439978E+02  0.1614320E-05
 0.1952000E+01  0.1956000E+01  0.1451842E+02  0.1564731E-05
 0.1956000E+01  0.1960000E+01  0.1463779E+02  0.1516568E-05
 0.1960000E+01  0.1964000E+01  0.1475789E+02  0.1469793E-05
 0.1964000E+01  0.1968000E+01  0.1487873E+02  0.1424370E-05
 0.1968000E+01  0.1972000E+01  0.1500031E+02  0.1380262E-05
 0.1972000E+01  0.1976000E+01  0.1512264E+02  0.1337435E-05
 0.1976000E+01  0.1980000E+01  0.1524571E+02  0.1295854E-05
 0.1980000E+01  0.1984000E+01  0.1536954E+02  0.1255485E-05
 0.1984000E+01  0.1988000E+01  0.1549411E+02  0.1216295E-05
 0.1988000E+01  0.1992000E+01  0.1561944E+02  0.1178254E-05
 0.1992000E+01  0.1996000E+01  0.1574553E+02  0.1141329E-05
 0.1996000E+01  0.0000000E+00  0.1587238E+02  0.1105491E-05
