-0.1573020E+00  0.6122616E-03
 0.1320013E+00  0.3036073E-03
 0.1031252E+00  0.1130992E-03
 0.7750884E-01  0.3609151E-04
-0.8138797E-01  0.4387739E-04
 0.1550880E+00  0.5785120E-03
 0.1985823E+00  0.1555113E-02
 0.3371771E-01  0.1292506E-05
-0.1953057E+00  0.1454989E-02
-0.7202297E-01  0.2690816E-04
 0.1064368E+00  0.1283413E-03
-0.2759141E-01  0.5795558E-06
 0.1459509E+00  0.4537609E-03
-0.1658450E+00  0.7565017E-03
-0.6851007E-01  0.2203016E-04
-0.8609568E-02  0.5494465E-08
-0.1953380E+00  0.1455952E-02
-0.1958411E+00  0.1471010E-02
 0.5212886E-01  0.7384362E-05
 0.1393883E+00  0.3774896E-03
-0.1554713E-01  0.5842534E-07
-0.2840506E-01  0.6510032E-06
 0.7163139E-01  0.2632773E-04
 0.1144915E+00  0.1718276E-03
 0.6038576E-02  0.1329652E-08
 0.6989321E-01  0.2386382E-04
-0.5397050E-01  0.8484489E-05
-0.2920400E-01  0.7273930E-06
 0.1067057E+00  0.1296433E-03
 0.1507395E+00  0.5163078E-03
 0.1987433E+00  0.1560164E-02
 0.3928192E-02  0.2381064E-09
-0.1174738E+00  0.1904423E-03
-0.4343430E-01  0.3559026E-05
-0.1897320E+00  0.1295871E-02
-0.1299189E+00  0.2848980E-03
 0.1382028E+00  0.3648109E-03
 0.9567267E-01  0.8378215E-04
 0.9635389E-01  0.8619399E-04
-0.1953363E-01  0.1455902E-06
-0.8725345E-01  0.5796028E-04
 0.1075656E-01  0.1338733E-07
-0.1422299E+00  0.4092259E-03
 0.1536096E+00  0.5567670E-03
-0.9596989E-02  0.8482813E-08
-0.2120752E-01  0.2022832E-06
 0.1622786E+00  0.6934975E-03
-0.1792093E+00  0.1031436E-02
-0.1118842E+00  0.1567020E-03
 0.5298405E-01  0.7880988E-05
-0.1870276E+00  0.1223554E-02
 0.8554678E-01  0.5355680E-04
-0.1863872E+00  0.1206881E-02
 0.6178432E-01  0.1457180E-04
-0.1359243E+00  0.3413408E-03
-0.3527653E-01  0.1548615E-05
-0.1882326E+00  0.1255391E-02
-0.6216468E-01  0.1493395E-04
 0.2216867E-01  0.2415229E-06
 0.1082601E+00  0.1373640E-03
 0.1385515E+00  0.3685063E-03
-0.1350151E+00  0.3322994E-03
 0.1746931E+00  0.9313280E-03
 0.9935114E-01  0.9742970E-04
 0.5926538E-01  0.1233685E-04
 0.1613106E+00  0.6770986E-03
 0.1108648E+00  0.1510685E-03
-0.9561195E-01  0.8356968E-04
-0.6516395E-02  0.1803141E-08
-0.3515935E-01  0.1528141E-05
-0.4807256E-01  0.5340588E-05
 0.1398876E+00  0.3829273E-03
-0.1239101E+00  0.2357364E-03
-0.2573810E-01  0.4388397E-06
-0.3538086E-01  0.1567016E-05
 0.5153844E-01  0.7055454E-05
 0.7355024E-01  0.2926418E-04
-0.2652617E-01  0.4951059E-06
-0.1424956E+00  0.4122931E-03
-0.1166357E-01  0.1850660E-07
-0.8023977E-01  0.4145325E-04
 0.6429418E-01  0.1708782E-04
-0.1563721E+00  0.5979110E-03
 0.1443344E-01  0.4339891E-07
-0.1413402E+00  0.3990831E-03
 0.8620836E-02  0.5523286E-08
-0.5303087E-01  0.7908881E-05
 0.4126762E-03  0.2900264E-13
 0.5830481E-01  0.1155626E-04
-0.1322228E+00  0.3056504E-03
 0.1594463E+00  0.6463347E-03
 0.1213112E+00  0.2165725E-03
 0.3089089E-01  0.9105874E-06
-0.1551240E+00  0.5790502E-03
-0.1141577E+00  0.1698322E-03
 0.1194574E+00  0.2036347E-03
-0.1054958E+00  0.1238626E-03
 0.7219953E-02  0.2717300E-08
 0.1667022E+00  0.7722628E-03
 0.1079086E+00  0.1355887E-03
 0.9644528E-01  0.8652147E-04
-0.1592630E+00  0.6433677E-03
-0.4538367E-01  0.4242273E-05
-0.1938552E+00  0.1412244E-02
-0.1522357E+00  0.5371135E-03
 0.5257196E-01  0.7638653E-05
 0.1063798E+00  0.1280670E-03
 0.1759841E+00  0.9591652E-03
-0.7580865E-01  0.3302745E-04
-0.1136328E+00  0.1667303E-03
-0.5549964E-01  0.9487696E-05
-0.8433042E-01  0.5057515E-04
-0.9178627E-01  0.7097591E-04
-0.1591664E+00  0.6418088E-03
-0.1843585E+00  0.1155187E-02
 0.3069166E-01  0.8873224E-06
 0.2584734E-01  0.4463378E-06
-0.6796087E-01  0.2133221E-04
-0.9446329E-02  0.7962550E-08
-0.6859241E-01  0.2213627E-04
 0.1914294E+00  0.1342872E-02
-0.1030778E+00  0.1128912E-03
 0.7450332E-01  0.3081076E-04
 0.2752454E-01  0.5739579E-06
 0.1935894E-01  0.1404515E-06
-0.1921616E+00  0.1363535E-02
-0.1636686E+00  0.7175649E-03
-0.1167992E+00  0.1861056E-03
-0.1597864E+00  0.6518677E-03
 0.1438611E+00  0.4283246E-03
 0.1927593E+00  0.1380579E-02
 0.1775672E+00  0.9941482E-03
-0.4852369E-01  0.5543899E-05
-0.1672892E+00  0.7831989E-03
 0.5369765E-01  0.8314210E-05
-0.2705739E-01  0.5359741E-06
 0.1421020E+00  0.4077568E-03
 0.6471663E-01  0.1754137E-04
-0.4232639E-01  0.3209555E-05
-0.6810511E-01  0.2151388E-04
 0.1968872E-01  0.1502693E-06
-0.9124950E-01  0.6933013E-04
 0.9441016E-01  0.7944653E-04
 0.1241483E+00  0.2375547E-03
-0.1926648E+00  0.1377874E-02
-0.1072173E+00  0.1321476E-03
-0.8439993E-01  0.5074209E-04
-0.2639916E-01  0.4856914E-06
 0.1917563E+00  0.1352068E-02
-0.1582950E+00  0.6278680E-03
-0.9837737E-01  0.9366575E-04
-0.1030464E+00  0.1127536E-03
-0.1495813E+00  0.5006213E-03
 0.1048051E+00  0.1206507E-03
 0.6482731E-01  0.1766168E-04
 0.2989444E-01  0.7986597E-06
 0.1245856E+00  0.2409189E-03
-0.1993577E+00  0.1579545E-02
 0.6385622E-01  0.1662696E-04
 0.6915652E-01  0.2287349E-04
-0.1037541E+00  0.1158833E-03
-0.1917141E+00  0.1350879E-02
-0.3201642E-01  0.1050729E-05
 0.1628497E+00  0.7033119E-03
-0.6256540E-01  0.1532276E-04
-0.1282564E+00  0.2705926E-03
-0.1140195E+00  0.1690117E-03
-0.9364202E-01  0.7689234E-04
-0.1599013E-01  0.6537451E-07
-0.1971982E+00  0.1512207E-02
-0.1083258E+00  0.1376978E-03
-0.1615291E+00  0.6807746E-03
-0.2429182E-02  0.3482090E-10
 0.6040789E-01  0.1331603E-04
 0.1219510E+00  0.2211776E-03
 0.1903677E+00  0.1313326E-02
 0.9823503E-01  0.9312482E-04
 0.1242351E+00  0.2382195E-03
-0.9645325E-01  0.8655008E-04
-0.2725938E-01  0.5521589E-06
 0.1463302E+00  0.4584966E-03
-0.1189803E+00  0.2004012E-03
 0.1263770E+00  0.2550773E-03
-0.1431718E+00  0.4201751E-03
 0.1951819E+00  0.1451303E-02
 0.7007695E-01  0.2411575E-04
-0.1621370E+00  0.6910811E-03
 0.1571028E+00  0.6091667E-03
-0.1836660E+00  0.1137929E-02
 0.7180539E-01  0.2658448E-04
-0.6008450E-01  0.1303316E-04
 0.1989454E-01  0.1566518E-06
 0.1520060E+00  0.5338791E-03
-0.4105252E-01  0.2840269E-05
-0.1931362E+00  0.1391410E-02
-0.3584748E-01  0.1651333E-05
-0.1508415E+00  0.5177059E-03
-0.1837481E-01  0.1139966E-06
-0.1586357E+00  0.6332917E-03
-0.1001158E+00  0.1004639E-03
 0.7439984E-01  0.3063995E-04
-0.1677070E+00  0.7910512E-03
 0.9157678E-01  0.7033015E-04
-0.8363146E-01  0.4891912E-04
 0.8897087E-01  0.6266014E-04
 0.9876043E-01  0.9513314E-04
 0.1601076E+00  0.6571239E-03
-0.1396827E+00  0.3806894E-03
 0.1222029E+00  0.2230106E-03
 0.1709877E+00  0.8547897E-03
 0.3853462E-01  0.2204977E-05
-0.4102775E-01  0.2833418E-05
-0.5839454E-01  0.1162757E-04
-0.1583626E+00  0.6289416E-03
 0.1817775E+00  0.1091844E-02
 0.1385012E+00  0.3679714E-03
-0.5862191E-01  0.1180973E-04
 0.1042768E+00  0.1182365E-03
-0.1484170E+00  0.4852156E-03
-0.3925364E-01  0.2374214E-05
-0.1740627E+00  0.9179590E-03
 0.1236480E-01  0.2337486E-07
 0.1719995E+00  0.8752029E-03
 0.9435091E-01  0.7924729E-04
-0.1679999E-01  0.7965919E-07
 0.1961739E+00  0.1481033E-02
-0.1580931E+00  0.6246714E-03
-0.6155438E-01  0.1435608E-04
 0.2665037E-01  0.5044437E-06
 0.7504676E-01  0.3171961E-04
 0.1257941E+00  0.2504036E-03
-0.3945888E-01  0.2424260E-05
 0.3955838E-01  0.2448803E-05
 0.4240362E-01  0.3233045E-05
 0.1932620E+00  0.1395037E-02
 0.5604491E-01  0.9866082E-05
-0.1030032E+00  0.1125650E-03
-0.1068971E+00  0.1305759E-03
-0.5850006E-01  0.1171185E-04
-0.1680418E+00  0.7973863E-03
 0.2044443E-01  0.1747030E-06
-0.3616286E-01  0.1710217E-05
 0.1805034E+00  0.1061553E-02
-0.4808641E-01  0.5346744E-05
 0.6212061E-01  0.1489165E-04
-0.4254574E-01  0.3276608E-05
 0.1840009E+00  0.1146252E-02
-0.1959652E+00  0.1474741E-02
 0.1508109E+00  0.5172864E-03
 0.1095547E+00  0.1440536E-03
-0.5159562E-01  0.7086817E-05
-0.2004123E-02  0.1613235E-10
-0.8417007E-01  0.5019157E-04
-0.6135133E-01  0.1416759E-04
 0.7883221E-01  0.3862022E-04
-0.1403253E+00  0.3877429E-03
 0.1484143E+00  0.4851795E-03
 0.7786120E-02  0.3675228E-08
-0.8135433E-02  0.4380491E-08
-0.3094356E-01  0.9168137E-06
-0.2692746E-02  0.5257528E-10
 0.9209709E-01  0.7194218E-04
-0.1480021E+00  0.4798123E-03
-0.1001135E+00  0.1004547E-03
-0.3605140E-01  0.1689230E-05
 0.1357231E+00  0.3393244E-03
 0.1893039E+00  0.1284216E-02
-0.1692222E-01  0.8200286E-07
 0.1439100E+00  0.4289076E-03
 0.1276226E+00  0.2652840E-03
 0.2097755E-01  0.1936506E-06
-0.1188473E-01  0.1995064E-07
 0.1679069E+00  0.7948289E-03
 0.4908471E-02  0.5804770E-09
 0.4177772E-01  0.3046343E-05
-0.7670229E-01  0.3461253E-04
 0.1939326E+00  0.1414501E-02
-0.1084200E+00  0.1381778E-03
-0.1886161E+00  0.1265655E-02
-0.1385316E+00  0.3682946E-03
-0.6069520E-01  0.1357117E-04
 0.1020202E-02  0.1083289E-11
 0.9523966E-01  0.8227566E-04
 0.1162698E+00  0.1827546E-03
 0.6784513E-01  0.2118725E-04
-0.1470341E+00  0.4673828E-03
-0.1859428E+00  0.1195411E-02
-0.1509722E+00  0.5195027E-03
 0.9787972E-01  0.9178480E-04
-0.1132113E+00  0.1642703E-03
 0.6128654E-01  0.1410784E-04
 0.1738099E+00  0.9126373E-03
-0.8669661E-01  0.5649480E-04
-0.4789800E-01  0.5263437E-05
-0.1239094E+00  0.2357311E-03
-0.1301622E+00  0.2870383E-03
 0.8567348E-01  0.5387480E-04
-0.5571005E-01  0.9632396E-05
 0.1890784E+00  0.1278108E-02
-0.7288314E-01  0.2821683E-04
 0.1827180E+00  0.1114617E-02
-0.1417487E+00  0.4037158E-03
 0.1557346E+00  0.5882202E-03
 0.1942626E+00  0.1424154E-02
-0.1319952E+00  0.3035520E-03
-0.1353570E+00  0.3356776E-03
 0.1748099E+00  0.9338214E-03
 0.2289523E-01  0.2747767E-06
-0.9648161E-01  0.8665190E-04
-0.1959155E+00  0.1473245E-02
 0.1125689E+00  0.1605736E-03
-0.1109011E+00  0.1512667E-03
 0.1389493E+00  0.3727569E-03
-0.1681068E+00  0.7986219E-03
 0.1574944E+00  0.6152629E-03
-0.2385235E-01  0.3236866E-06
 0.1803375E+00  0.1057656E-02
 0.1159580E+00  0.1808019E-03
-0.1943816E+00  0.1427647E-02
 0.2342958E-01  0.3013410E-06
-0.3103501E-03  0.9276999E-14
-0.1963446E+00  0.1486195E-02
-0.5844803E-01  0.1167023E-04
 0.3002665E-01  0.8128824E-06
 0.1964549E+00  0.1489538E-02
-0.3036268E-01  0.8498855E-06
-0.1920793E+00  0.1361201E-02
-0.1341691E+00  0.3240482E-03
-0.6447859E-01  0.1728471E-04
-0.3967555E-01  0.2477946E-05
-0.1474658E+00  0.4728949E-03
 0.2803741E-01  0.6179472E-06
-0.1214696E+00  0.2177059E-03
-0.9602694E-01  0.8503004E-04
-0.1687054E+00  0.8100580E-03
-0.1610509E+00  0.6727486E-03
 0.4581056E-01  0.4404154E-05
-0.1947186E-01  0.1437572E-06
-0.1990525E+00  0.1569895E-02
-0.7544056E-01  0.3239064E-04
-0.2527902E-01  0.4083582E-06
 0.8330895E-01  0.4816889E-04
 0.6170890E-01  0.1450077E-04
-0.1072611E+00  0.1323638E-03
 0.6130595E-01  0.1412571E-04
-0.1516976E+00  0.5295601E-03
-0.1479152E+00  0.4786869E-03
 0.8060829E-01  0.4222007E-04
-0.1328020E+00  0.3110420E-03
-0.1241326E+00  0.2374344E-03
 0.4168752E-01  0.3020121E-05
-0.6325804E-01  0.1601264E-04
-0.1540272E+00  0.5628467E-03
-0.8361605E-01  0.4888308E-04
 0.3711536E-01  0.1897643E-05
-0.1288839E+00  0.2759273E-03
 0.1111845E+00  0.1528187E-03
-0.1643636E+00  0.7298319E-03
-0.1582232E+00  0.6267307E-03
 0.1549370E+00  0.5762628E-03
 0.1604355E+00  0.6625246E-03
 0.1925022E+00  0.1373227E-02
-0.2117933E-01  0.2012096E-06
 0.1858289E+00  0.1192485E-02
 0.6935520E-01  0.2313749E-04
 0.5167687E-01  0.7131562E-05
-0.1329227E+00  0.3121736E-03
-0.8008102E-01  0.4112617E-04
 0.2991248E-02  0.8005895E-10
-0.1971534E+00  0.1510834E-02
-0.1586192E-01  0.6330289E-07
-0.7480075E-01  0.3130573E-04
 0.1492881E+00  0.4967072E-03
 0.1328523E+00  0.3115134E-03
-0.4371173E-01  0.3650832E-05
 0.1147643E+00  0.1734714E-03
 0.1482622E+00  0.4831949E-03
-0.1989644E+00  0.1567119E-02
 0.4483104E-01  0.4039384E-05
 0.1118462E+00  0.1564892E-03
 0.1390406E+00  0.3737374E-03
-0.8014332E-01  0.4125430E-04
-0.4613125E-01  0.4528776E-05
-0.1611754E+00  0.6748315E-03
 0.1083794E+00  0.1379708E-03
 0.1684412E+00  0.8049956E-03
-0.1123644E+00  0.1594097E-03
-0.9105237E-01  0.6873295E-04
 0.1896556E+00  0.1293788E-02
-0.4750622E-01  0.5093330E-05
 0.3651029E-01  0.1776892E-05
-0.1563868E+00  0.5981369E-03
-0.1295016E+00  0.2812552E-03
 0.7446283E-01  0.3074384E-04
-0.2364224E-01  0.3124315E-06
 0.5278444E-01  0.7762894E-05
 0.1943376E+00  0.1426353E-02
-0.1528423E-01  0.5457255E-07
-0.2270698E-01  0.2658503E-06
 0.1929603E+00  0.1386347E-02
-0.1539212E-01  0.5612981E-07
 0.4453460E-01  0.3933602E-05
-0.7579689E-01  0.3300696E-04
-0.2899119E-01  0.7064220E-06
 0.1994934E+00  0.1583851E-02
-0.1021602E+00  0.1089247E-03
 0.1580877E+00  0.6245864E-03
-0.7574922E-01  0.3292400E-04
-0.1827172E+00  0.1114597E-02
 0.1530907E+00  0.5492823E-03
-0.1440610E+00  0.4307113E-03
-0.7626065E-01  0.3382221E-04
 0.3259070E-01  0.1128171E-05
-0.1500468E+00  0.5068818E-03
 0.8524577E-01  0.5280697E-04
-0.5892774E-01  0.1205811E-04
-0.7826880E-01  0.3752794E-04
-0.2328843E-01  0.2941447E-06
-0.1617384E+00  0.6843099E-03
 0.4887062E-01  0.5704157E-05
-0.1014124E+00  0.1057703E-03
 0.6369846E-01  0.1646325E-04
 0.1398205E+00  0.3821941E-03
 0.5584826E-01  0.9728336E-05
 0.2664134E-01  0.5037605E-06
 0.1731427E+00  0.8987036E-03
-0.1876562E+00  0.1240087E-02
-0.8589418E-01  0.5443209E-04
-0.4642159E-01  0.4643869E-05
-0.1741751E+00  0.9203305E-03
-0.2084311E-01  0.1887340E-06
 0.9072059E-01  0.6773660E-04
 0.1696155E+00  0.8276790E-03
 0.9202444E-01  0.7171544E-04
 0.1823623E+00  0.1105962E-02
 0.9726685E-01  0.8950748E-04
 0.1979848E+00  0.1536482E-02
-0.1349153E+00  0.3313179E-03
-0.2633433E-01  0.4809380E-06
-0.5668981E-01  0.1032809E-04
-0.4433563E-01  0.3863771E-05
-0.7461499E-01  0.3099591E-04
 0.1694092E-01  0.8236596E-07
 0.1604592E+00  0.6629161E-03
-0.1098630E+00  0.1456819E-03
-0.5512560E-02  0.9234497E-09
-0.1241310E+00  0.2374220E-03
-0.8868466E-01  0.6185774E-04
-0.5369891E-01  0.8314992E-05
 0.8025765E-01  0.4149023E-04
 0.1610672E+00  0.6730215E-03
-0.1697530E+00  0.8303657E-03
-0.6237504E-04  0.1513712E-16
-0.1920391E+00  0.1360061E-02
-0.2698935E-01  0.5306030E-06
-0.1353388E+00  0.3354975E-03
 0.7313583E-01  0.2861019E-04
-0.1228750E+00  0.2279579E-03
 0.1517414E+00  0.5301715E-03
 0.1393360E+00  0.3769237E-03
 0.1680071E+00  0.7967292E-03
-0.1360698E+00  0.3428054E-03
-0.5884026E-01  0.1198667E-04
-0.2901928E-01  0.7091633E-06
 0.1263845E+00  0.2551382E-03
 0.1102697E+00  0.1478509E-03
-0.1360025E+00  0.3421276E-03
-0.1795735E+00  0.1039846E-02
 0.3243183E-01  0.1106333E-05
-0.1947803E+00  0.1439396E-02
-0.4681904E-01  0.4804962E-05
-0.1664532E-01  0.7676591E-07
-0.3103561E-01  0.9277715E-06
 0.9752892E-01  0.9047605E-04
 0.1310507E-01  0.2949557E-07
-0.5030984E-01  0.6406364E-05
 0.1435829E+00  0.4250214E-03
 0.1871463E-02  0.1226661E-10
-0.2180536E-01  0.2260751E-06
 0.1932615E+00  0.1395024E-02
-0.4210894E-01  0.3144107E-05
 0.1624375E+00  0.6962174E-03
-0.1715063E+00  0.8652073E-03
-0.5185930E-01  0.7232803E-05
 0.1977987E+00  0.1530713E-02
 0.1320621E+00  0.3041678E-03
-0.1424393E+00  0.4116419E-03
-0.8512764E-01  0.5251487E-04
-0.1273737E+00  0.2632198E-03
-0.1855433E+00  0.1185170E-02
-0.3480082E-01  0.1466756E-05
 0.3702568E-01  0.1879369E-05
 0.1277237E+00  0.2661251E-03
 0.4562161E-02  0.4331940E-09
-0.1627505E+00  0.7015995E-03
-0.1451890E+00  0.4443601E-03
 0.9766339E-01  0.9097606E-04
-0.1275726E+00  0.2648678E-03
-0.1505993E+00  0.5143898E-03
-0.9776723E-01  0.9136362E-04
-0.1134313E+00  0.1655510E-03
-0.1259457E-01  0.2516134E-07
 0.1141495E+00  0.1697835E-03
-0.1545676E+00  0.5707867E-03
-0.1417742E+00  0.4040070E-03
-0.9916653E-01  0.9670759E-04
-0.1293618E+00  0.2800426E-03
-0.1993960E+00  0.1580760E-02
 0.9424806E-01  0.7890229E-04
 0.1627746E+00  0.7020156E-03
-0.6878036E-01  0.2237987E-04
 0.4085762E-01  0.2786712E-05
-0.7592041E-02  0.3322264E-08
 0.8442573E-01  0.5080417E-04
-0.8080916E-01  0.4264247E-04
-0.1272016E+00  0.2618008E-03
 0.1736632E+00  0.9095606E-03
 0.1694101E+00  0.8236771E-03
-0.1231120E+00  0.2297215E-03
-0.1624786E+00  0.6969230E-03
-0.8617207E-01  0.5513991E-04
 0.1848813E+00  0.1168348E-02
 0.1705767E+00  0.8466009E-03
-0.1484383E+00  0.4854947E-03
-0.1432385E+00  0.4209588E-03
-0.9846161E-01  0.9398700E-04
 0.1646277E-02  0.7345330E-11
-0.1604059E+00  0.6620359E-03
 0.6919440E-02  0.2292365E-08
 0.1670959E+00  0.7795847E-03
-0.4710748E-01  0.4924470E-05
 0.3871786E-01  0.2247219E-05
-0.8821300E-01  0.6055227E-04
-0.5785372E-01  0.1120276E-04
-0.1474263E+00  0.4723892E-03
-0.1455356E+00  0.4486189E-03
 0.1706972E+00  0.8489952E-03
-0.1949786E+00  0.1445267E-02
-0.1533704E+00  0.5533063E-03
 0.1040539E+00  0.1172285E-03
-0.1423186E+00  0.4102484E-03
 0.1258521E+00  0.2508657E-03
-0.1519755E+00  0.5334511E-03
 0.1126892E+00  0.1612611E-03
 0.1244802E-01  0.2401048E-07
-0.1624893E+00  0.6971068E-03
 0.1255414E+00  0.2483975E-03
-0.6637871E-01  0.1941401E-04
 0.1317100E+00  0.3009369E-03
-0.1511234E+00  0.5215866E-03
-0.1271944E+00  0.2617413E-03
-0.1661624E+00  0.7623098E-03
 0.1261476E+00  0.2532308E-03
 0.3979714E-01  0.2508461E-05
 0.4510678E-01  0.4139685E-05
 0.6900311E-01  0.2267120E-04
 0.2896878E-01  0.7042403E-06
-0.1219069E+00  0.2208583E-03
 0.1441203E+00  0.4314206E-03
-0.7800985E-01  0.3703376E-04
-0.6815054E-01  0.2157135E-04
-0.4470217E-01  0.3993138E-05
 0.2455752E-01  0.3636957E-06
 0.9869485E-01  0.9488070E-04
-0.1577753E+00  0.6196639E-03
 0.1975416E+00  0.1522770E-02
 0.1069214E+00  0.1306950E-03
-0.4460029E-01  0.3956861E-05
 0.1987346E+00  0.1559889E-02
-0.1294797E+00  0.2810649E-03
-0.6936303E-01  0.2314793E-04
 0.1153345E+00  0.1769446E-03
-0.1990304E+00  0.1569197E-02
-0.1545656E+00  0.5707568E-03
-0.1739248E+00  0.9150530E-03
-0.8410199E-02  0.5002937E-08
-0.2979047E-01  0.7876064E-06
-0.1231712E+00  0.2301640E-03
 0.6797998E-01  0.2135621E-04
-0.2248680E-01  0.2556880E-06
 0.8584495E-01  0.5430740E-04
 0.3851854E-01  0.2201299E-05
 0.1918904E+00  0.1355856E-02
 0.1973186E-01  0.1515905E-06
-0.1324566E+00  0.3078179E-03
 0.8215712E-01  0.4555970E-04
 0.1026926E+00  0.1112132E-03
-0.9777934E-01  0.9140889E-04
 0.1288251E+00  0.2754238E-03
-0.7253423E-01  0.2768038E-04
 0.9403345E-01  0.7818609E-04
 0.5781750E-01  0.1117473E-04
 0.7513186E-01  0.3186373E-04
 0.9415492E-01  0.7859086E-04
-0.5789549E-01  0.1123515E-04
 0.1725756E-02  0.8869883E-11
-0.2908699E-01  0.7158059E-06
 0.3892952E-01  0.2296764E-05
 0.9467375E-02  0.8033749E-08
-0.1726653E-01  0.8888341E-07
-0.1638611E+00  0.7209469E-03
 0.6492041E-01  0.1776336E-04
-0.9297485E-01  0.7472431E-04
-0.7961580E-01  0.4017881E-04
 0.8455256E-01  0.5111015E-04
-0.2256798E-01  0.2594003E-06
-0.1833705E+00  0.1130623E-02
-0.4980126E-01  0.6151221E-05
-0.1125175E+00  0.1602804E-03
 0.6176142E-01  0.1455021E-04
 0.6108899E-01  0.1392681E-04
 0.3520343E-02  0.1535819E-09
 0.1792060E+00  0.1031360E-02
 0.5258789E-01  0.7647911E-05
 0.9202803E-01  0.7172664E-04
-0.2636017E-01  0.4828286E-06
 0.2388411E-02  0.3254141E-10
 0.5058216E-01  0.6546203E-05
-0.3264687E-01  0.1135969E-05
 0.6534606E-01  0.1823382E-04
 0.1328810E+00  0.3117822E-03
 0.1456856E+00  0.4504706E-03
-0.1583067E-01  0.6280545E-07
-0.1978392E+00  0.1531967E-02
 0.3158704E-02  0.9954872E-10
 0.1322182E+00  0.3056080E-03
-0.1114387E+00  0.1542211E-03
 0.1844201E+00  0.1156732E-02
 0.6099351E-01  0.1383995E-04
-0.1608650E+00  0.6696474E-03
 0.8946408E-01  0.6406115E-04
 0.1282516E+00  0.2705520E-03
 0.1593739E-01  0.6451626E-07
-0.5233805E-02  0.7503609E-09
-0.1967613E+00  0.1498852E-02
 0.7516596E-01  0.3192161E-04
 0.9668336E-01  0.8737898E-04
-0.1452706E+00  0.4453595E-03
 0.1202606E+00  0.2091671E-03
 0.1234687E+00  0.2323951E-03
 0.6447439E-02  0.1728021E-08
-0.1674562E-01  0.7863300E-07
 0.1433409E+00  0.4221633E-03
 0.3769014E-01  0.2017953E-05
 0.1462815E+00  0.4578862E-03
 0.6010766E-02  0.1305327E-08
-0.4044409E-01  0.2675595E-05
-0.1993906E-01  0.1580589E-06
 0.1858821E+00  0.1193850E-02
-0.1340505E+00  0.3229044E-03
 0.1585102E+00  0.6312905E-03
-0.7697388E-01  0.3510536E-04
-0.1858257E+00  0.1192403E-02
 0.1141126E+00  0.1695643E-03
-0.9005504E-01  0.6577065E-04
-0.9092443E-01  0.6834747E-04
-0.1290442E+00  0.2773030E-03
-0.1884760E+00  0.1261897E-02
 0.8462100E-01  0.5127581E-04
-0.3131157E-01  0.9612122E-06
 0.4728270E-01  0.4998146E-05
 0.1364106E+00  0.3462519E-03
 0.1997747E+00  0.1592802E-02
-0.7659844E-01  0.3442545E-04
 0.4883293E-01  0.5686582E-05
-0.3512112E-01  0.1521506E-05
-0.1291412E+00  0.2781376E-03
-0.2765357E-01  0.5847962E-06
 0.9459294E-01  0.8006357E-04
 0.6028856E-01  0.1321112E-04
-0.1721240E+00  0.8777399E-03
 0.1054725E+00  0.1237534E-03
-0.1077857E+00  0.1349723E-03
-0.1705949E+00  0.8469631E-03
 0.7408237E-01  0.3012031E-04
-0.1040709E+00  0.1173051E-03
 0.2564342E-01  0.4324179E-06
 0.7847626E-02  0.3792741E-08
-0.1890095E+00  0.1276246E-02
-0.1451503E+00  0.4438858E-03
-0.1433131E+00  0.4218362E-03
-0.1927108E+00  0.1379191E-02
-0.1565963E+00  0.6013475E-03
-0.1857194E-01  0.1189678E-06
 0.3842896E-01  0.2180893E-05
 0.1772087E+00  0.9861441E-03
 0.2434546E-01  0.3512948E-06
-0.1172060E+00  0.1887122E-03
-0.9060508E-01  0.6739229E-04
 0.8247368E-01  0.4626595E-04
 0.1004950E+00  0.1019949E-03
-0.4619943E-01  0.4555611E-05
 0.1355585E+00  0.3376816E-03
-0.1124132E+00  0.1596870E-03
 0.9781405E-01  0.9153876E-04
-0.4964728E-01  0.6075495E-05
 0.3460440E-01  0.1433921E-05
-0.1431277E+00  0.4196578E-03
-0.1077695E+00  0.1348913E-03
 0.9010823E-01  0.6592617E-04
 0.7562867E-01  0.3271492E-04
-0.8297963E-01  0.4741174E-04
-0.1491534E+00  0.4949172E-03
 0.5203904E-01  0.7333599E-05
 0.1950841E+00  0.1448396E-02
-0.1484925E+00  0.4862037E-03
 0.4650634E-01  0.4677875E-05
 0.1777779E+00  0.9988752E-03
 0.1392018E+00  0.3754735E-03
 0.1365412E+00  0.3475799E-03
 0.5298626E-01  0.7882302E-05
-0.1061578E+00  0.1270010E-03
 0.1468044E-01  0.4644689E-07
 0.7986896E-01  0.4069230E-04
 0.8986469E-02  0.6521634E-08
 0.1366594E+00  0.3487855E-03
-0.1434183E-01  0.4230763E-07
-0.1287180E+00  0.2745098E-03
 0.1946030E+00  0.1434161E-02
-0.1012772E+00  0.1052076E-03
 0.1962744E+00  0.1484071E-02
 0.4307592E-01  0.3443008E-05
-0.1589481E+00  0.6382955E-03
 0.2034299E-01  0.1712612E-06
-0.4822702E-01  0.5409559E-05
 0.8271559E-01  0.4681118E-04
 0.8020079E-01  0.4137277E-04
-0.9327212E-01  0.7568458E-04
 0.5184661E-02  0.7225726E-09
-0.1706448E+00  0.8479546E-03
 0.7675172E-01  0.3470184E-04
-0.1101581E+00  0.1472537E-03
-0.1077807E+00  0.1349471E-03
-0.1154920E-01  0.1779127E-07
-0.1891225E+00  0.1279300E-02
-0.1512313E+00  0.5230784E-03
-0.6136857E-01  0.1418352E-04
 0.4413109E-01  0.3792964E-05
-0.1465378E+00  0.4611031E-03
 0.1747624E+00  0.9328074E-03
-0.1166861E+00  0.1853855E-03
-0.3371020E-01  0.1291353E-05
-0.2210740E-01  0.2388639E-06
-0.1134257E+00  0.1655181E-03
-0.1942928E+00  0.1425040E-02
 0.1879346E+00  0.1247462E-02
-0.1281503E+00  0.2696981E-03
 0.4019804E-01  0.2611077E-05
 0.1775428E+00  0.9936007E-03
 0.1224944E+00  0.2251461E-03
 0.1205320E+00  0.2110616E-03
-0.1436537E+00  0.4258608E-03
 0.1936360E+00  0.1405867E-02
 0.8352516E-01  0.4867088E-04
-0.1206554E+00  0.2119272E-03
 0.1640122E+00  0.7236095E-03
-0.2502400E-01  0.3921270E-06
 0.1166644E+00  0.1852481E-03
 0.1991725E+00  0.1573682E-02
-0.2442885E-01  0.3561327E-06
-0.4873224E-02  0.5639824E-09
-0.1544008E+00  0.5683275E-03
 0.1139952E+00  0.1688675E-03
-0.6790193E-01  0.2125830E-04
-0.1151948E+00  0.1760890E-03
-0.7177554E-01  0.2654030E-04
-0.1233998E-01  0.2318770E-07
-0.1268790E+00  0.2591543E-03
-0.9036770E-01  0.6668882E-04
 0.1543171E+00  0.5670952E-03
-0.1890203E-01  0.1276539E-06
-0.5654545E-01  0.1022329E-04
-0.5256539E-01  0.7634832E-05
-0.1423764E+00  0.4109153E-03
-0.8324417E-01  0.4801925E-04
 0.1183291E+00  0.1960496E-03
-0.8986313E-01  0.6521179E-04
-0.6093218E-01  0.1378437E-04
-0.1263133E+00  0.2545636E-03
-0.1140968E+00  0.1694702E-03
 0.4906375E-01  0.5794862E-05
 0.4684138E-01  0.4814140E-05
-0.1070268E+00  0.1312109E-03
-0.6118023E-01  0.1401021E-04
-0.1807447E+00  0.1067240E-02
 0.9380549E-01  0.7743068E-04
-0.4577368E-01  0.4389990E-05
 0.1591615E+00  0.6417293E-03
-0.1926966E+00  0.1378784E-02
-0.2794140E-01  0.6095268E-06
-0.8196813E-01  0.4514193E-04
-0.1584951E+00  0.6310491E-03
 0.1228715E+00  0.2279319E-03
-0.4177131E-01  0.3044475E-05
-0.1206257E+00  0.2117189E-03
 0.1755371E+00  0.9494577E-03
-0.2234380E-01  0.2492461E-06
 0.8691514E-01  0.5706655E-04
-0.8676974E-01  0.5668567E-04
-0.8324916E-01  0.4803076E-04
 0.9131804E-01  0.6953866E-04
-0.8465764E-02  0.5136469E-08
-0.1932870E+00  0.1395759E-02
-0.1827704E+00  0.1115896E-02
 0.1706814E+00  0.8486822E-03
 0.7557462E-01  0.3262150E-04
-0.8943745E-01  0.6398491E-04
-0.7590383E-01  0.3319364E-04
-0.7719093E-02  0.3550300E-08
 0.1974934E+00  0.1521283E-02
 0.1292934E+00  0.2794508E-03
 0.1873684E+00  0.1232495E-02
-0.6760830E-01  0.2089297E-04
-0.7982466E-01  0.4060209E-04
 0.1974439E+00  0.1519761E-02
 0.8204362E-01  0.4530845E-04
-0.7550526E-01  0.3250190E-04
-0.3421293E-02  0.1370128E-09
-0.3912883E-01  0.2344161E-05
 0.8145316E-01  0.4401815E-04
 0.1453641E+00  0.4465075E-03
-0.9945477E-01  0.9783684E-04
 0.1422315E+00  0.4092444E-03
-0.4382607E-01  0.3689182E-05
-0.9949060E-01  0.9797791E-04
-0.1560412E+00  0.5928671E-03
 0.1302517E+00  0.2878286E-03
 0.1613676E+00  0.6780561E-03
-0.1328795E-01  0.3117685E-07
 0.6474853E-01  0.1757599E-04
 0.1640093E+00  0.7235595E-03
-0.2668849E-01  0.5073362E-06
-0.7587643E-01  0.3314573E-04
 0.1838710E+00  0.1143017E-02
-0.8654925E-02  0.5611168E-08
-0.1376559E+00  0.3590703E-03
-0.1670304E+00  0.7783630E-03
 0.2939139E-02  0.7462430E-10
 0.9930997E-01  0.9726833E-04
-0.2891482E-01  0.6990081E-06
-0.1805467E-01  0.1062572E-06
 0.1391344E+00  0.3747467E-03
-0.8513667E-03  0.5253716E-12
-0.6045276E-01  0.1335564E-04
 0.6589358E-01  0.1885265E-04
-0.1909686E+00  0.1329988E-02
 0.9413048E-01  0.7850929E-04
 0.1753213E+00  0.9447968E-03
-0.4226685E-01  0.3191535E-05
 0.1880679E+00  0.1251004E-02
 0.1670340E+00  0.7784305E-03
-0.9488260E-02  0.8104876E-08
-0.4363906E-01  0.3626615E-05
 0.1630102E+00  0.7060876E-03
 0.3735091E-01  0.1946278E-05
-0.8563513E-01  0.5377840E-04
-0.1494589E+00  0.4989846E-03
 0.3185893E-01  0.1030207E-05
-0.3909616E-01  0.2336342E-05
-0.1292354E+00  0.2789498E-03
-0.6954043E-01  0.2338566E-04
-0.5000644E-01  0.6253222E-05
-0.2723617E-02  0.5502802E-10
 0.1668638E+00  0.7752626E-03
-0.6671257E-01  0.1980754E-04
 0.1463104E+00  0.4582486E-03
 0.1793005E+00  0.1033538E-02
-0.1483889E+00  0.4848482E-03
 0.1636239E+00  0.7167820E-03
 0.1844266E+00  0.1156895E-02
-0.8276628E-01  0.4692602E-04
-0.1587055E-01  0.6344073E-07
-0.1213076E+00  0.2165472E-03
-0.7618042E-01  0.3368011E-04
 0.1762224E+00  0.9643720E-03
 0.1768370E+00  0.9778963E-03
 0.1247263E+00  0.2420090E-03
-0.4193982E-01  0.3093901E-05
 0.2270446E-01  0.2657323E-06
 0.1216893E+00  0.2192851E-03
-0.9642831E-01  0.8646060E-04
 0.1220713E+00  0.2220521E-03
 0.1499062E+00  0.5049843E-03
-0.1557038E+00  0.5877550E-03
-0.1712874E-01  0.8607980E-07
-0.1258357E-01  0.2507350E-07
-0.7768982E-01  0.3642977E-04
 0.1413429E+00  0.3991127E-03
 0.1351656E+00  0.3337833E-03
 0.2228020E-01  0.2464204E-06
 0.6098664E-01  0.1383371E-04
-0.1749298E+00  0.9363866E-03
-0.4110918E-01  0.2855980E-05
-0.5020667E-01  0.6353979E-05
-0.1663478E+00  0.7657167E-03
 0.1775150E+00  0.9929794E-03
-0.1170163E+00  0.1874931E-03
 0.1599600E+00  0.6547047E-03
 0.1603509E-01  0.6611283E-07
-0.7815848E-01  0.3731679E-04
-0.7307655E-01  0.2851754E-04
-0.2663057E-01  0.5029462E-06
-0.1480738E-01  0.4807428E-07
 0.1137327E+00  0.1673174E-03
 0.3735966E-01  0.1948102E-05
-0.1495625E+00  0.5003692E-03
 0.4858482E-01  0.5571888E-05
 0.5709120E-01  0.1062372E-04
-0.1900803E+00  0.1305415E-02
 0.1947996E-01  0.1439967E-06
 0.5026091E-01  0.6381481E-05
 0.6520583E-01  0.1807780E-04
-0.1336221E+00  0.3187962E-03
-0.1624963E-01  0.6972260E-07
-0.1135646E+00  0.1663306E-03
-0.3161872E-01  0.9994872E-06
-0.1181871E+00  0.1951104E-03
-0.4486205E-01  0.4050572E-05
 0.6526800E-01  0.1814685E-04
-0.1294291E+00  0.2806258E-03
 0.3401004E-01  0.1337915E-05
 0.1430577E+00  0.4188373E-03
 0.1443020E+00  0.4335995E-03
 0.6754130E-01  0.2081027E-04
 0.1307621E+00  0.2923666E-03
 0.9670807E-01  0.8746832E-04
-0.1442138E+00  0.4325413E-03
-0.1971754E+00  0.1511510E-02
-0.1837445E+00  0.1139876E-02
 0.5081369E-01  0.6666883E-05
 0.1704541E+00  0.8441689E-03
-0.3134761E-01  0.9656460E-06
-0.1924890E+00  0.1372852E-02
-0.1953795E+00  0.1457189E-02
-0.1906700E+00  0.1321690E-02
-0.1543568E-01  0.5676793E-07
 0.1786663E+00  0.1018991E-02
 0.6915013E-01  0.2286504E-04
 0.3515002E-02  0.1526519E-09
-0.8834735E-01  0.6092200E-04
-0.1871744E+00  0.1227399E-02
 0.1043411E-01  0.1185284E-07
-0.2804232E-01  0.6183808E-06
 0.1601535E+00  0.6578780E-03
 0.3319667E-01  0.1214446E-05
-0.4462753E-01  0.3966536E-05
 0.1183733E+00  0.1963431E-03
-0.9104856E-01  0.6872145E-04
 0.7174473E-01  0.2649477E-04
-0.1229695E+00  0.2286598E-03
-0.5397298E-01  0.8486051E-05
 0.1660811E-02  0.7608186E-11
 0.9124692E-01  0.6932228E-04
 0.3612030E-02  0.1702180E-09
-0.1234272E+00  0.2320830E-03
-0.7073314E-01  0.2503179E-04
-0.1270277E+00  0.2603716E-03
 0.6741895E-01  0.2065988E-04
 0.3073741E-01  0.8926252E-06
 0.1627645E+00  0.7018419E-03
 0.1713658E+00  0.8623767E-03
 0.1561152E+00  0.5939925E-03
 0.1855551E+00  0.1185473E-02
-0.5844699E-01  0.1166940E-04
 0.1696425E-01  0.8282075E-07
-0.4722736E-02  0.4974788E-09
-0.1971318E+00  0.1510174E-02
-0.1728866E+00  0.8933983E-03
-0.1282331E+00  0.2703962E-03
 0.1380802E+00  0.3635175E-03
-0.1767557E+00  0.9760979E-03
-0.1976425E-01  0.1525882E-06
 0.9106471E-01  0.6877024E-04
-0.5402043E-01  0.8515934E-05
 0.1769487E+00  0.9803688E-03
 0.9828807E-01  0.9332611E-04
 0.2805693E-01  0.6196697E-06
-0.4740466E-01  0.5049915E-05
 0.1661233E+00  0.7615920E-03
-0.6348056E-01  0.1623914E-04
 0.7837215E-01  0.3772655E-04
-0.9577095E-01  0.8412695E-04
 0.3535567E-02  0.1562559E-09
 0.3764334E-01  0.2007948E-05
 0.7262469E-01  0.2781872E-04
 0.1032761E-01  0.1137627E-07
-0.1388011E+00  0.3711684E-03
-0.1606406E+00  0.6659187E-03
 0.2517010E-01  0.4013649E-06
 0.6363179E-01  0.1639444E-04
 0.1803541E+00  0.1058046E-02
 0.7513382E-01  0.3186704E-04
 0.1926647E+00  0.1377871E-02
-0.1060932E+00  0.1266924E-03
 0.1534697E+00  0.5547409E-03
 0.2931099E-02  0.7381114E-10
 0.1958853E+00  0.1472338E-02
-0.1398489E+00  0.3825038E-03
-0.1522702E+00  0.5376007E-03
 0.1396298E+00  0.3801122E-03
 0.3102539E-01  0.9265509E-06
 0.9230134E-01  0.7258251E-04
 0.1079267E-01  0.1356799E-07
 0.1580871E+00  0.6245772E-03
 0.1813784E+00  0.1082287E-02
 0.4685789E-01  0.4820932E-05
 0.9732356E-01  0.8971642E-04
-0.1730438E+00  0.8966523E-03
-0.6049682E-01  0.1339462E-04
-0.2789419E-01  0.6054172E-06
 0.8915857E-01  0.6319059E-04
 0.5745123E-01  0.1089425E-04
 0.5172625E-01  0.7158861E-05
-0.1158397E+00  0.1800654E-03
 0.1637841E+00  0.7195923E-03
 0.1818965E+00  0.1094707E-02
-0.9373732E-01  0.7720583E-04
-0.1107808E+00  0.1506116E-03
 0.8417208E-01  0.5019636E-04
-0.1712302E+00  0.8596498E-03
-0.1725066E-02  0.8855706E-11
 0.9735917E-01  0.8984778E-04
-0.8997304E-01  0.6553142E-04
-0.1744354E+00  0.9258453E-03
 0.1710074E-02  0.8551841E-11
-0.2236211E-01  0.2500639E-06
-0.6336246E-01  0.1611863E-04
 0.2143935E-02  0.2112741E-10
-0.1527569E+00  0.5445068E-03
 0.5980446E-01  0.1279188E-04
 0.9213038E-01  0.7204625E-04
-0.1396970E+00  0.3808452E-03
-0.5825898E-01  0.1151998E-04
-0.1918985E+00  0.1356084E-02
-0.1650801E+00  0.7426412E-03
 0.1929677E+00  0.1386560E-02
 0.1517484E+00  0.5302687E-03
-0.1607096E+00  0.6670630E-03
 0.1133632E+00  0.1651539E-03
-0.4258144E-01  0.3287619E-05
 0.1320886E+00  0.3044116E-03
 0.1028476E+00  0.1118864E-03
 0.1434658E+00  0.4236363E-03
 0.1514332E+00  0.5258779E-03
-0.3994894E-01  0.2546954E-05
 0.8493654E-01  0.5204492E-04
-0.1906910E+00  0.1322271E-02
-0.5231328E-01  0.7489411E-05
-0.1824916E+00  0.1109103E-02
 0.1421302E+00  0.4080799E-03
 0.1052301E+00  0.1226195E-03
-0.1291936E+00  0.2785894E-03
-0.9100734E-01  0.6859710E-04
 0.8748199E-01  0.5856992E-04
-0.1621281E+00  0.6909287E-03
 0.1164525E+00  0.1839059E-03
-0.3804045E-01  0.2094029E-05
 0.1214943E+00  0.2178834E-03
 0.1168737E+00  0.1865810E-03
-0.7998525E-01  0.4092981E-04
-0.1210918E+00  0.2150099E-03
-0.4840478E-01  0.5489753E-05
-0.4660092E-01  0.4716045E-05
 0.1660438E+00  0.7601357E-03
 0.8966881E-01  0.6464957E-04
 0.8444183E-01  0.5084292E-04
 0.1636951E+00  0.7180294E-03
-0.1148215E+00  0.1738172E-03
 0.8683924E-01  0.5686748E-04
-0.3002077E-01  0.8122451E-06
-0.1599496E+00  0.6545346E-03
-0.1209231E+00  0.2138144E-03
-0.6054713E-01  0.1343923E-04
 0.1068846E+00  0.1305151E-03
 0.8464797E-01  0.5134122E-04
-0.1917123E-01  0.1350829E-06
 0.1141667E+00  0.1698860E-03
-0.9830435E-01  0.9338796E-04
 0.1368698E+00  0.3509381E-03
-0.1737700E+00  0.9117997E-03
-0.2724854E-01  0.5512813E-06
 0.9521683E-01  0.8219680E-04
-0.4915240E-01  0.5836854E-05
 0.1541305E+00  0.5643576E-03
-0.2160550E-01  0.2179001E-06
 0.7892940E-01  0.3881104E-04
 0.1762886E+00  0.9658214E-03
-0.1259276E+00  0.2514689E-03
 0.1054550E+00  0.1236711E-03
 0.1254381E+00  0.2475816E-03
 0.3397853E-01  0.1332963E-05
-0.1494152E+00  0.4984016E-03
-0.1814945E-02  0.1085060E-10
 0.9210388E-01  0.7196342E-04
 0.4154960E-01  0.2980352E-05
 0.2751567E-01  0.5732186E-06
 0.4808246E-01  0.5344988E-05
 0.1148171E+00  0.1737905E-03
-0.1809286E-02  0.1071590E-10
 0.1649769E+00  0.7407861E-03
-0.2261376E-01  0.2615117E-06
 0.4041068E-02  0.2666764E-09
-0.8107925E-03  0.4321543E-12
-0.1809545E-01  0.1072204E-06
-0.7255518E-01  0.2771237E-04
-0.4724882E-02  0.4983838E-09
 0.5735229E-01  0.1081939E-04
-0.8298510E-01  0.4742426E-04
 0.3202190E-02  0.1051450E-09
 0.1320638E+00  0.3041828E-03
 0.1704241E-01  0.8435759E-07
 0.3865384E-02  0.2232393E-09
 0.1947062E+00  0.1437207E-02
-0.6194189E-01  0.1472102E-04
-0.6933156E-01  0.2310596E-04
 0.1325153E+00  0.3083645E-03
 0.1793492E+00  0.1034661E-02
 0.1165427E+00  0.1844762E-03
-0.5830542E-01  0.1155675E-04
 0.1857266E+00  0.1189863E-02
-0.1168495E-02  0.1864266E-11
 0.1014491E+00  0.1059236E-03
 0.1535880E-02  0.5564546E-11
 0.1718272E+00  0.8717009E-03
-0.6517460E-01  0.1804320E-04
 0.8858869E-01  0.6159042E-04
 0.5496717E-01  0.9128795E-05
-0.3400293E-01  0.1336796E-05
-0.5047564E-01  0.6491234E-05
 0.4008049E-01  0.2580668E-05
-0.1325057E+00  0.3082748E-03
 0.8105975E-01  0.4317388E-04
 0.1407225E+00  0.3921521E-03
 0.1882859E+00  0.1256815E-02
 0.4465232E-01  0.3975356E-05
 0.1987341E+00  0.1559875E-02
-0.1150543E+00  0.1752313E-03
-0.2267752E-01  0.2644737E-06
 0.3044285E-01  0.8588969E-06
 0.9346428E-02  0.7631022E-08
-0.6043210E-01  0.1333739E-04
 0.1217033E+00  0.2193861E-03
-0.8783503E-01  0.5952111E-04
 0.1865825E+00  0.1211948E-02
-0.1426016E+00  0.4135215E-03
 0.1310309E+00  0.2947778E-03
-0.1498846E+00  0.5046932E-03
-0.1929681E+00  0.1386570E-02
 0.1214008E+00  0.2172135E-03
-0.4078988E-01  0.2768277E-05
 0.1896231E+00  0.1292901E-02
-0.1093560E+00  0.1430115E-03
 0.1518391E+00  0.5315377E-03
-0.8181327E-01  0.4480175E-04
 0.9050728E-01  0.6710177E-04
-0.3643522E-01  0.1762324E-05
-0.1369016E+00  0.3512647E-03
 0.1171781E-01  0.1885322E-07
-0.1326085E+00  0.3092326E-03
 0.1510751E+00  0.5209199E-03
-0.8436428E-01  0.5065641E-04
-0.3405292E-01  0.1344676E-05
-0.7599787E-01  0.3335843E-04
 0.7894142E-01  0.3883468E-04
-0.8798517E-01  0.5992911E-04
-0.1288827E+00  0.2759170E-03
-0.1384692E+00  0.3676320E-03
-0.4748490E-01  0.5084193E-05
-0.1613380E-01  0.6775577E-07
-0.5141186E-01  0.6986399E-05
 0.1697645E-01  0.8305922E-07
 0.7248537E-01  0.2760587E-04
-0.1078416E+00  0.1352523E-03
 0.1618808E+00  0.6867222E-03
-0.1464823E+00  0.4604062E-03
-0.7055511E-01  0.2478072E-04
 0.1895799E+00  0.1291722E-02
-0.8247420E-01  0.4626712E-04
-0.7286678E-01  0.2819151E-04
 0.2752997E-01  0.5744116E-06
-0.1259177E+00  0.2513892E-03
 0.4075551E-02  0.2758959E-09
-0.1937276E+00  0.1408529E-02
-0.1068112E+00  0.1301569E-03
 0.1227816E+00  0.2272656E-03
-0.7152368E-01  0.2616974E-04
 0.4260404E-01  0.3294603E-05
 0.1877293E+00  0.1242020E-02
-0.2123610E-01  0.2033757E-06
 0.1545504E+00  0.5705330E-03
-0.1359192E+00  0.3412900E-03
-0.6026730E-01  0.1319250E-04
 0.2215192E-01  0.2407940E-06
-0.6588521E-01  0.1884307E-04
 0.3281066E-01  0.1158937E-05
-0.1082468E+00  0.1372968E-03
 0.6504551E-01  0.1790067E-04
 0.9696138E-01  0.8838837E-04
-0.1717516E+00  0.8701685E-03
-0.8373698E-01  0.4916648E-04
 0.1264443E-01  0.2556213E-07
-0.1957504E+00  0.1468285E-02
 0.1277969E+00  0.2667362E-03
 0.4705351E-01  0.4901942E-05
 0.9592575E-01  0.8467219E-04
 0.1277108E-01  0.2660175E-07
-0.1304030E+00  0.2891676E-03
-0.6055507E-01  0.1344628E-04
-0.9373263E-01  0.7719037E-04
-0.2828299E-01  0.6398838E-06
-0.1072045E+00  0.1320847E-03
 0.1166493E+00  0.1851521E-03
-0.1842557E+00  0.1152614E-02
 0.1147015E-01  0.1730918E-07
 0.3374954E-01  0.1297393E-05
-0.9146383E-01  0.6998381E-04
-0.1335684E+00  0.3182840E-03
 0.8284383E-02  0.4710213E-08
-0.1690866E+00  0.8174038E-03
 0.1439644E+00  0.4295561E-03
-0.9279846E-01  0.7415885E-04
-0.1194031E+00  0.2032651E-03
-0.1765398E+00  0.9713375E-03
 0.9641024E-01  0.8639582E-04
 0.1332364E+00  0.3151310E-03
-0.1385265E-01  0.3682399E-07
 0.6709435E-01  0.2026487E-04
-0.8003035E-01  0.4102220E-04
-0.6033861E-01  0.1325504E-04
 0.2822963E-01  0.6350687E-06
 0.3676043E-01  0.1826090E-05
 0.7894907E-01  0.3884974E-04
 0.4821797E-01  0.5405496E-05
-0.7602037E-02  0.3339796E-08
 0.8460723E-02  0.5124245E-08
-0.1757864E+00  0.9548622E-03
 0.1071741E+00  0.1319346E-03
-0.1412839E+00  0.3984470E-03
 0.1724409E+00  0.8842219E-03
-0.1886812E+00  0.1267402E-02
-0.6925773E-01  0.2300769E-04
-0.2478152E-01  0.3771478E-06
-0.1275558E+00  0.2647284E-03
-0.9780083E-02  0.9148926E-08
-0.5334683E-01  0.8099058E-05
 0.1772264E+00  0.9865382E-03
 0.1788647E+00  0.1023526E-02
-0.1165025E+00  0.1842217E-03
 0.2561873E-01  0.4307551E-06
-0.1684685E+00  0.8055182E-03
-0.9332792E-01  0.7586584E-04
-0.8060404E-01  0.4221115E-04
 0.1079322E+00  0.1357077E-03
-0.7443362E-01  0.3069563E-04
 0.6812575E-01  0.2153997E-04
-0.3853599E-01  0.2205291E-05
-0.8350046E-01  0.4861334E-04
-0.2571950E-01  0.4375729E-06
 0.1717790E+00  0.8707237E-03
-0.1881899E+00  0.1254252E-02
-0.1649281E+00  0.7399097E-03
 0.3661255E-01  0.1796884E-05
 0.9794873E-01  0.9204395E-04
-0.9613368E-01  0.8540873E-04
 0.6419512E-01  0.1698275E-04
 0.1183580E+00  0.1962414E-03
-0.1709900E+00  0.8548365E-03
-0.1368894E+00  0.3511392E-03
-0.1185273E+00  0.1973663E-03
 0.3562909E-01  0.1611458E-05
-0.1397147E+00  0.3810386E-03
 0.1044033E+00  0.1188111E-03
 0.5584635E-01  0.9727007E-05
 0.1967447E-01  0.1498345E-06
-0.1189250E+00  0.2000288E-03
 0.1821498E+00  0.1100816E-02
-0.5097904E-01  0.6754089E-05
-0.2905516E-01  0.7126773E-06
-0.1762272E+00  0.9644760E-03
-0.7049673E-01  0.2469880E-04
-0.8266784E-01  0.4670316E-04
-0.2319046E-01  0.2892260E-06
 0.8118344E-02  0.4343799E-08
 0.1656440E+00  0.7528412E-03
-0.3850203E-01  0.2197528E-05
-0.1714909E-01  0.8648966E-07
-0.4202932E-01  0.3120394E-05
 0.3109806E-01  0.9352614E-06
-0.9819298E-01  0.9296550E-04
 0.7888762E-01  0.3872892E-04
-0.7776645E-01  0.3657371E-04
-0.1668809E+00  0.7755792E-03
 0.1285395E+00  0.2729897E-03
 0.1489075E+00  0.4916616E-03
-0.1042611E+00  0.1181653E-03
-0.1364555E+00  0.3467082E-03
 0.4802170E-01  0.5318024E-05
-0.1578643E+00  0.6210634E-03
-0.1498123E+00  0.5037214E-03
-0.4020938E-01  0.2614022E-05
 0.8402950E-01  0.4985712E-04
 0.6723668E-01  0.2043738E-04
-0.1660183E+00  0.7596682E-03
-0.1283175E+00  0.2711091E-03
 0.5395385E-01  0.8474022E-05
 0.1363664E+00  0.3458040E-03
 0.1854360E+00  0.1182431E-02
-0.1801416E+00  0.1053067E-02
 0.3986432E-01  0.2525442E-05
 0.9124984E-01  0.6933115E-04
-0.7661029E-01  0.3444676E-04
-0.2372649E-01  0.3169087E-06
 0.8539959E-01  0.5318916E-04
-0.1714933E+00  0.8649454E-03
 0.1813617E+00  0.1081887E-02
-0.1753214E+00  0.9448003E-03
 0.7766965E-02  0.3639196E-08
 0.1548921E+00  0.5755955E-03
-0.9252025E-01  0.7327355E-04
-0.1146660E-01  0.1728776E-07
 0.1721099E+00  0.8774527E-03
-0.1830834E+00  0.1123559E-02
 0.1174572E+00  0.1903349E-03
-0.1817618E+00  0.1091466E-02
-0.3821851E-01  0.2133512E-05
-0.8179435E-01  0.4476033E-04
-0.1445139E+00  0.4361529E-03
-0.9250280E-01  0.7321826E-04
-0.2647021E-01  0.4909410E-06
 0.4164979E-01  0.3009202E-05
 0.1408618E+00  0.3937069E-03
-0.2362734E-01  0.3116441E-06
-0.7261653E-01  0.2780622E-04
 0.2674698E-01  0.5117987E-06
-0.1817102E+00  0.1090228E-02
-0.1669890E+00  0.7775917E-03
 0.1127213E+00  0.1614449E-03
 0.4831136E-01  0.5447498E-05
-0.2141588E-01  0.2103506E-06
-0.1764543E+00  0.9694574E-03
-0.4936619E-01  0.5939072E-05
-0.5367881E-01  0.8302553E-05
-0.5910129E-01  0.1220079E-04
-0.6259567E-01  0.1535243E-04
 0.1671900E+00  0.7813426E-03
-0.6187999E-01  0.1466226E-04
 0.1558021E+00  0.5892409E-03
 0.1024302E+00  0.1100808E-03
 0.1988120E+00  0.1562320E-02
 0.1003020E+00  0.1012135E-03
 0.9980700E-01  0.9923024E-04
 0.8617904E-01  0.5515776E-04
 0.1828841E-01  0.1118674E-06
 0.1797225E+00  0.1043302E-02
-0.3542192E-01  0.1574303E-05
 0.1761578E+00  0.9629578E-03
-0.1799873E+00  0.1049464E-02
-0.5099417E-01  0.6762110E-05
 0.7805064E-02  0.3711128E-08
-0.8848730E-01  0.6130895E-04
 0.5357745E-01  0.8240020E-05
 0.5794145E-01  0.1127087E-04
 0.1742349E+00  0.9215966E-03
-0.1275384E+00  0.2645843E-03
-0.1375020E+00  0.3574675E-03
-0.1793081E+00  0.1033711E-02
-0.1353603E+00  0.3357110E-03
 0.1523854E+00  0.5392288E-03
 0.6570589E-01  0.1863877E-04
 0.5617779E-01  0.9959987E-05
-0.1117061E+00  0.1557068E-03
-0.1902903E+00  0.1311193E-02
-0.6628312E-01  0.1930242E-04
-0.1942119E-01  0.1422668E-06
-0.1754277E+00  0.9470923E-03
 0.1067793E+00  0.1300015E-03
 0.1997785E+00  0.1592923E-02
-0.1677071E+00  0.7910528E-03
 0.6843773E-01  0.2193725E-04
-0.8593999E-01  0.5454829E-04
 0.9029894E-01  0.6648607E-04
-0.1263606E+00  0.2549451E-03
 0.2768288E-01  0.5872795E-06
-0.2763085E-01  0.5828770E-06
 0.6895786E-01  0.2261180E-04
 0.4697436E-01  0.4869042E-05
-0.2992889E-02  0.8023475E-10
 0.3322538E-01  0.1218652E-05
 0.1124659E-01  0.1599864E-07
 0.5664285E-01  0.1029391E-04
 0.3636272E-01  0.1748337E-05
 0.2415737E-01  0.3405640E-06
-0.1503953E+00  0.5116073E-03
-0.1233028E+00  0.2311491E-03
 0.2276693E-01  0.2686693E-06
 0.1647229E-01  0.7362333E-07
 0.2971157E-01  0.7792962E-06
-0.3880841E-01  0.2268314E-05
 0.1973826E+00  0.1517874E-02
-0.3184534E-01  0.1028451E-05
-0.1288461E+00  0.2756038E-03
-0.1980723E+00  0.1539199E-02
-0.7733474E-01  0.3576832E-04
 0.6775163E-01  0.2107070E-04
-0.7814882E-01  0.3729836E-04
-0.4690064E-01  0.4838550E-05
-0.1920351E+00  0.1359949E-02
 0.1958244E+00  0.1470507E-02
 0.2887407E-02  0.6950752E-10
 0.1357762E+00  0.3398554E-03
-0.6717680E-01  0.2036466E-04
 0.5099511E-01  0.6762606E-05
 0.1865821E+00  0.1211936E-02
 0.1612291E-01  0.6757313E-07
 0.5704869E-01  0.1059211E-04
 0.1180158E+00  0.1939816E-03
 0.1081400E-01  0.1367557E-07
-0.1151831E+00  0.1760172E-03
-0.5574528E-01  0.9656780E-05
-0.1665783E+00  0.7699700E-03
 0.1557268E+00  0.5881031E-03
 0.2258793E-02  0.2603188E-10
 0.1105058E+00  0.1491217E-03
-0.1088097E+00  0.1401751E-03
 0.7963263E-01  0.4021280E-04
-0.4525941E-01  0.4196000E-05
 0.1851374E+00  0.1174834E-02
 0.1111598E+00  0.1526830E-03
 0.1445055E+00  0.4360512E-03
 0.2324549E-01  0.2919814E-06
 0.1932067E+00  0.1393440E-02
 0.1215371E+00  0.2181907E-03
 0.1171842E+00  0.1885714E-03
-0.1094665E-01  0.1435903E-07
 0.7520518E-01  0.3198830E-04
-0.1161901E-01  0.1822537E-07
-0.7615826E-01  0.3364093E-04
-0.5513382E-02  0.9240006E-09
-0.1777377E+00  0.9979706E-03
-0.5293627E-01  0.7852598E-05
 0.1559348E+00  0.5912511E-03
-0.1944355E+00  0.1429231E-02
 0.8058403E-01  0.4216926E-04
-0.8563425E-01  0.5377618E-04
-0.1264904E+00  0.2559939E-03
-0.1542329E+00  0.5658593E-03
-0.1692376E+00  0.8203278E-03
-0.1040767E+00  0.1173312E-03
 0.1251312E+00  0.2451675E-03
-0.3148479E-01  0.9826603E-06
-0.1665752E-01  0.7699118E-07
-0.8947239E-01  0.6408497E-04
-0.7829735E-01  0.3758273E-04
-0.1566686E+00  0.6024598E-03
-0.1489664E+00  0.4924396E-03
 0.1814167E+00  0.1083200E-02
 0.1003081E+00  0.1012379E-03
 0.1313414E+00  0.2975815E-03
-0.1815045E-01  0.1085298E-06
-0.3218815E-01  0.1073456E-05
 0.1773172E+00  0.9885620E-03
-0.7906659E-01  0.3908157E-04
 0.3099051E-01  0.9223903E-06
 0.4667171E-01  0.4744765E-05
 0.8317254E-01  0.4785419E-04
-0.7106345E-01  0.2550264E-04
 0.7056053E-01  0.2478833E-04
 0.1245769E+00  0.2408517E-03
-0.1810594E+00  0.1074693E-02
 0.5819103E-01  0.1146632E-04
-0.4035040E-01  0.2650888E-05
 0.2839468E-01  0.6500518E-06
-0.1290451E+00  0.2773101E-03
 0.1085146E+00  0.1386607E-03
 0.1205114E+00  0.2109172E-03
 0.6067102E-01  0.1354956E-04
-0.1393010E+00  0.3765454E-03
 0.1206520E-01  0.2119036E-07
-0.2986469E-01  0.7954850E-06
 0.1464010E+00  0.4593847E-03
-0.3907248E-01  0.2330688E-05
 0.1990144E+00  0.1568693E-02
-0.7590368E-01  0.3319336E-04
-0.1759050E+00  0.9574427E-03
 0.4193414E-01  0.3092223E-05
-0.1267065E+00  0.2577485E-03
 0.1662593E+00  0.7640893E-03
-0.7608551E-02  0.3351257E-08
 0.1755205E+00  0.9490989E-03
-0.4092374E-01  0.2804797E-05
-0.1978342E+00  0.1531812E-02
 0.9394841E-01  0.7790363E-04
-0.1754850E+00  0.9483301E-03
-0.1616831E+00  0.6833733E-03
-0.1512066E+00  0.5227361E-03
 0.2328555E-01  0.2939993E-06
-0.1540332E+00  0.5629343E-03
 0.1024594E+00  0.1102066E-03
 0.1862061E+00  0.1202196E-02
-0.1814454E+00  0.1083887E-02
 0.1182501E+00  0.1955264E-03
-0.5380234E-01  0.8379239E-05
-0.1077125E+00  0.1346062E-03
-0.1102159E+00  0.1475628E-03
 0.3228345E-01  0.1086225E-05
-0.1945776E+00  0.1433414E-02
-0.1722977E+00  0.8812872E-03
-0.1303092E+00  0.2883369E-03
 0.2667491E-01  0.5063044E-06
 0.1260883E+00  0.2527548E-03
 0.1465546E-01  0.4613151E-07
-0.1327929E+00  0.3109568E-03
-0.1517506E+00  0.5303004E-03
 0.9322539E-01  0.7553302E-04
 0.6908137E-01  0.2277424E-04
 0.8650807E-01  0.5600497E-04
-0.8945724E-02  0.6404157E-08
-0.3897581E-01  0.2307705E-05
-0.6464900E-02  0.1746817E-08
 0.6076832E-01  0.1363669E-04
-0.3486599E-01  0.1477774E-05
 0.1000405E+00  0.1001623E-03
-0.1055311E+00  0.1240287E-03
 0.1525461E+00  0.5415073E-03
-0.2305953E-01  0.2827493E-06
-0.1743143E+00  0.9232766E-03
 0.3386213E-01  0.1314792E-05
-0.1217589E+00  0.2197876E-03
-0.1491106E+00  0.4943491E-03
-0.4891160E-02  0.5723312E-09
 0.1852402E+00  0.1177446E-02
-0.6069022E-01  0.1356672E-04
-0.9379248E-01  0.7738774E-04
 0.1836417E+00  0.1137327E-02
-0.1047814E+00  0.1205417E-03
 0.1553512E+00  0.5824496E-03
-0.1915308E+00  0.1345720E-02
 0.1138199E-01  0.1678311E-07
-0.7057168E-01  0.2480400E-04
-0.1926203E+00  0.1376602E-02
-0.1683058E+00  0.8024091E-03
 0.5010128E-01  0.6300794E-05
 0.1673540E+00  0.7844132E-03
-0.9018701E-01  0.6615703E-04
-0.1489569E+00  0.4923145E-03
-0.8790651E-02  0.5971511E-08
-0.1847724E+00  0.1165596E-02
-0.1556933E+00  0.5875966E-03
 0.1686753E+00  0.8094803E-03
-0.3737776E-01  0.1951879E-05
-0.3999964E-01  0.2559908E-05
-0.1200032E+00  0.2073822E-03
-0.3884566E-02  0.2277036E-09
-0.1264024E+00  0.2552825E-03
 0.7005313E-01  0.2408298E-04
-0.7982961E-01  0.4061216E-04
 0.1017036E+00  0.1069904E-03
 0.1672659E-01  0.7827616E-07
-0.5283035E-01  0.7789935E-05
 0.1003391E+00  0.1013634E-03
 0.1823476E-01  0.1105605E-06
 0.8488371E-01  0.5191555E-04
 0.2325206E-01  0.2923111E-06
 0.1471342E+00  0.4686558E-03
-0.1269759E+00  0.2599475E-03
-0.1908019E+00  0.1325351E-02
 0.7853884E-01  0.3804852E-04
-0.1676091E+00  0.7892059E-03
 0.1385243E+00  0.3682170E-03
 0.1264253E+00  0.2554675E-03
 0.1820079E+00  0.1097391E-02
 0.2369389E-01  0.3151705E-06
 0.4263598E-01  0.3304496E-05
-0.1526211E+00  0.5425735E-03
-0.2638520E-01  0.4846652E-06
-0.4510389E-01  0.4138624E-05
-0.9087184E-01  0.6818947E-04
-0.1943150E+00  0.1425691E-02
-0.1138845E+00  0.1682123E-03
 0.1999109E+00  0.1597151E-02
-0.1312351E+00  0.2966194E-03
-0.1061016E-01  0.1267324E-07
 0.9751070E-01  0.9040845E-04
-0.1255930E+00  0.2488062E-03
 0.1407615E+00  0.3925868E-03
-0.3012519E-01  0.8236053E-06
-0.1074453E-01  0.1332754E-07
-0.9244982E-01  0.7305069E-04
-0.1898630E+00  0.1299454E-02
-0.1126965E+00  0.1613029E-03
 0.1567931E+00  0.6043762E-03
 0.1843538E+00  0.1155071E-02
-0.1004800E+00  0.1019338E-03
-0.1458055E-02  0.4519560E-11
-0.1726740E-01  0.8890121E-07
-0.1003393E+00  0.1013641E-03
-0.3695921E-01  0.1865911E-05
-0.4924457E-01  0.5880760E-05
 0.4756252E-01  0.5117519E-05
 0.8990824E-01  0.6534284E-04
-0.1435365E-02  0.4244719E-11
-0.1495756E+00  0.5005449E-03
 0.1935701E+00  0.1403955E-02
 0.8120089E-01  0.4347536E-04
 0.1649702E+00  0.7406662E-03
-0.1736315E+00  0.9088958E-03
 0.4900694E-01  0.5768069E-05
-0.8274136E-01  0.4686953E-04
 0.1934335E+00  0.1399997E-02
-0.1401948E+00  0.3863028E-03
-0.1497197E+00  0.5024761E-03
-0.1252264E+00  0.2459145E-03
 0.1819207E-02  0.1095289E-10
 0.1919689E+00  0.1358075E-02
-0.1793080E+00  0.1033710E-02
 0.1735314E+00  0.9068009E-03
 0.5818193E-01  0.1145915E-04
-0.4640447E-01  0.4637022E-05
 0.1663487E+00  0.7657331E-03
-0.1602673E+00  0.6597501E-03
-0.3242645E-01  0.1105600E-05
 0.3728054E-01  0.1931652E-05
-0.1414255E+00  0.4000466E-03
-0.4921667E-02  0.5867445E-09
 0.1476212E-01  0.4748916E-07
-0.8229374E-01  0.4586350E-04
-0.1424743E+00  0.4120468E-03
-0.7755574E-01  0.3617893E-04
-0.5314589E-01  0.7977719E-05
-0.1138522E+00  0.1680218E-03
-0.1640996E+00  0.7251546E-03
-0.1902176E+00  0.1309190E-02
 0.7229192E-01  0.2731235E-04
 0.1278587E+00  0.2672520E-03
-0.1153579E+00  0.1770879E-03
 0.2968116E-01  0.7761101E-06
 0.1389855E+00  0.3731456E-03
-0.6498410E-01  0.1783316E-04
-0.6126758E-01  0.1409039E-04
-0.1845580E+00  0.1160196E-02
 0.1391486E+00  0.3748995E-03
-0.1244452E+00  0.2398349E-03
-0.1773645E+00  0.9896155E-03
-0.1572426E-01  0.6113379E-07
 0.1566309E+00  0.6018803E-03
 0.4753673E-01  0.5106427E-05
-0.1695738E+00  0.8268660E-03
 0.3665550E-01  0.1805330E-05
-0.1295242E+00  0.2814517E-03
 0.5513809E-01  0.9242867E-05
 0.1704965E+00  0.8450105E-03
-0.1983605E+00  0.1548179E-02
-0.5348479E-01  0.8183160E-05
 0.1659134E+00  0.7577507E-03
-0.1529707E+00  0.5475621E-03
 0.1147894E-01  0.1736232E-07
-0.1457348E+00  0.4510795E-03
-0.1910949E+00  0.1333509E-02
 0.1831832E+00  0.1126011E-02
 0.1723693E+00  0.8827537E-03
-0.5675249E-01  0.1037384E-04
-0.4127705E-01  0.2902916E-05
 0.1606570E+00  0.6661908E-03
 0.1987645E+00  0.1560829E-02
 0.2442164E-03  0.3557127E-14
 0.1139368E+00  0.1685217E-03
 0.1075718E+00  0.1339039E-03
 0.2983445E-01  0.7922680E-06
 0.3170479E-01  0.1010415E-05
 0.1344272E+00  0.3265488E-03
-0.9889432E-01  0.9565009E-04
 0.5008448E-01  0.6292345E-05
 0.1591294E+00  0.6412118E-03
 0.2191185E-01  0.2305240E-06
-0.1369623E+00  0.3518879E-03
 0.1160909E+00  0.1816321E-03
 0.1135093E+00  0.1660067E-03
-0.1592211E+00  0.6426909E-03
 0.1376611E-01  0.3591244E-07
 0.1102801E+00  0.1479068E-03
-0.1413654E+00  0.3993677E-03
 0.1179999E+00  0.1938771E-03
 0.8845992E-01  0.6123310E-04
 0.1726071E+00  0.8876362E-03
 0.1181601E+00  0.1949320E-03
-0.1708228E+00  0.8514980E-03
-0.7701913E-01  0.3518798E-04
-0.1467910E+00  0.4642991E-03
 0.1218951E+00  0.2207722E-03
-0.2694801E-01  0.5273594E-06
 0.1372702E+00  0.3550622E-03
-0.1451859E+00  0.4443222E-03
 0.1098478E+00  0.1456011E-03
 0.1246103E+00  0.2411103E-03
 0.1236465E+00  0.2337372E-03
 0.3693938E-01  0.1861908E-05
-0.1941453E-01  0.1420717E-06
-0.1917499E+00  0.1351888E-02
 0.8326376E-01  0.4806447E-04
-0.1781556E+00  0.1007391E-02
-0.1166816E+00  0.1853575E-03
-0.1391967E+00  0.3754183E-03
 0.1583638E+00  0.6289603E-03
 0.4609636E-01  0.4515091E-05
-0.1942562E+00  0.1423966E-02
 0.1891425E+00  0.1279843E-02
-0.3535255E-01  0.1562007E-05
-0.9561286E-01  0.8357286E-04
 0.7896558E-01  0.3888225E-04
 0.4519092E-01  0.4170658E-05
 0.2285890E-01  0.2730371E-06
 0.2997112E-01  0.8068854E-06
-0.1085297E+00  0.1387378E-03
-0.9985840E-01  0.9943478E-04
 0.6168241E-01  0.1447589E-04
-0.3648234E-02  0.1771458E-09
-0.1541569E-01  0.5647439E-07
 0.7714164E-01  0.3541240E-04
 0.1394763E+00  0.3784445E-03
-0.2286079E-01  0.2731273E-06
-0.7142212E-01  0.2602142E-04
-0.1239656E+00  0.2361595E-03
-0.3926427E-01  0.2376786E-05
 0.1096528E+00  0.1445700E-03
-0.1446348E+00  0.4376145E-03
 0.1210644E+00  0.2148158E-03
 0.1508131E+00  0.5173171E-03
 0.2617308E-02  0.4692664E-10
 0.4995463E-01  0.6227344E-05
 0.7505433E-01  0.3173241E-04
 0.1405743E+00  0.3905025E-03
 0.9817996E-01  0.9291619E-04
 0.7551757E-01  0.3252311E-04
 0.1685084E+00  0.8062808E-03
-0.1121373E+00  0.1581248E-03
-0.1131780E-01  0.1640771E-07
 0.7859480E-02  0.3815708E-08
 0.1183276E+00  0.1960398E-03
 0.1003178E+00  0.1012774E-03
 0.8028734E-01  0.4155166E-04
 0.1264040E+00  0.2552959E-03
-0.4899373E-01  0.5761849E-05
 0.1942046E+00  0.1422453E-02
-0.1570422E+00  0.6082261E-03
-0.1123570E+00  0.1593678E-03
 0.1424870E+00  0.4121932E-03
-0.1755179E+00  0.9490432E-03
-0.1143612E+00  0.1710469E-03
 0.5481770E-01  0.9029908E-05
 0.1606704E+00  0.6664126E-03
-0.4556196E-01  0.4309328E-05
-0.1994766E-01  0.1583318E-06
 0.6835401E-01  0.2183011E-04
 0.1287269E+00  0.2745855E-03
-0.1856989E+00  0.1189151E-02
 0.4961077E-01  0.6057645E-05
-0.1637080E+00  0.7182571E-03
-0.1522281E+00  0.5370056E-03
-0.1761129E+00  0.9619777E-03
-0.7387128E-01  0.2977847E-04
 0.1090178E+00  0.1412505E-03
 0.8596086E-01  0.5460130E-04
-0.6798661E-02  0.2136454E-08
 0.9589437E-01  0.8456144E-04
-0.2363254E-01  0.3119186E-06
 0.1141753E+00  0.1699371E-03
 0.1825248E+00  0.1109910E-02
-0.3213898E-01  0.1066912E-05
 0.1564147E+00  0.5985640E-03
-0.3151158E-01  0.9860085E-06
 0.8775125E-01  0.5929435E-04
-0.5797441E-01  0.1129654E-04
 0.1723616E-01  0.8825955E-07
 0.1100132E+00  0.1464802E-03
-0.2749667E-01  0.5716367E-06
-0.1559177E+00  0.5909926E-03
-0.2684143E-01  0.5190659E-06
 0.2979667E-01  0.7882629E-06
-0.1743614E+00  0.9242746E-03
 0.1198587E+00  0.2063852E-03
 0.1524917E+00  0.5407351E-03
-0.2855693E-01  0.6650377E-06
 0.4454473E-01  0.3937179E-05
-0.1889068E+00  0.1273474E-02
 0.1286501E+00  0.2739304E-03
 0.1729843E+00  0.8954190E-03
 0.7770053E-02  0.3644987E-08
-0.1235057E+00  0.2326744E-03
-0.1590445E+00  0.6398446E-03
 0.3970289E-01  0.2484784E-05
 0.1183591E+00  0.1962488E-03
 0.8249402E-01  0.4631161E-04
-0.1641016E-01  0.7251899E-07
-0.1804448E+00  0.1060174E-02
 0.6138903E-01  0.1420245E-04
 0.1515156E+00  0.5270230E-03
-0.6916057E-01  0.2287886E-04
 0.1678956E+00  0.7946159E-03
-0.1290868E+00  0.2776686E-03
 0.2225634E-01  0.2453665E-06
 0.8351336E-01  0.4864340E-04
 0.8568857E-01  0.5391276E-04
 0.6727667E-01  0.2048604E-04
 0.1086108E+00  0.1391530E-03
-0.4049785E-01  0.2689848E-05
-0.6310048E-01  0.1585370E-04
-0.9774890E-01  0.9129510E-04
-0.1346411E+00  0.3286325E-03
-0.1277975E+00  0.2667410E-03
 0.1803628E-01  0.1058248E-06
 0.8156291E-01  0.4425586E-04
-0.4041788E-01  0.2668666E-05
-0.6212087E-01  0.1489190E-04
-0.1768805E-01  0.9788573E-07
 0.1047472E+00  0.1203844E-03
-0.1470663E+00  0.4677916E-03
-0.7359843E-01  0.2934095E-04
 0.5315414E-01  0.7982672E-05
 0.6208887E-01  0.1486124E-04
-0.5700814E-01  0.1056203E-04
-0.1669175E+00  0.7762600E-03
-0.7963824E-01  0.4022412E-04
-0.4266565E-01  0.3313701E-05
-0.1911825E+00  0.1335958E-02
-0.1912243E+00  0.1337126E-02
 0.2342464E-01  0.3010868E-06
 0.1170271E+00  0.1875627E-03
-0.7532924E-01  0.3219988E-04
 0.1530934E+00  0.5493210E-03
 0.7184708E-01  0.2664628E-04
 0.1989417E-01  0.1566403E-06
 0.2070266E-01  0.1836979E-06
 0.7432730E-01  0.3052062E-04
-0.1649978E+00  0.7411617E-03
-0.1359668E+00  0.3417677E-03
-0.1485535E+00  0.4870028E-03
-0.3812913E-01  0.2113623E-05
 0.1986907E+00  0.1558513E-02
-0.3547375E-01  0.1583538E-05
-0.2835112E-01  0.6460715E-06
-0.9790869E-02  0.9189355E-08
 0.1010392E+00  0.1042221E-03
 0.7998419E-01  0.4092763E-04
-0.1889046E+00  0.1273415E-02
-0.1564433E+00  0.5990016E-03
 0.4992012E-01  0.6210153E-05
-0.1124295E-01  0.1597795E-07
-0.1113424E+00  0.1536887E-03
-0.1685047E+00  0.8062098E-03
-0.5483656E-01  0.9042342E-05
-0.1486005E+00  0.4876202E-03
 0.3072376E-01  0.8910401E-06
 0.1263825E+00  0.2551217E-03
 0.1201699E+00  0.2085370E-03
 0.2746114E-01  0.5686882E-06
 0.7598298E-01  0.3333230E-04
 0.1713666E+00  0.8623917E-03
 0.8714762E-01  0.5767959E-04
 0.7621606E-02  0.3374318E-08
 0.7806899E-01  0.3714618E-04
-0.8912411E-01  0.6309296E-04
-0.1402469E+00  0.3868770E-03
 0.2870692E-02  0.6791195E-10
 0.8471675E-01  0.5150830E-04
-0.7834075E-03  0.3766613E-12
 0.1191133E+00  0.2012989E-03
 0.1247167E+00  0.2419350E-03
-0.1356611E+00  0.3387049E-03
-0.1353894E+00  0.3359992E-03
-0.1659843E+00  0.7590460E-03
 0.1141938E+00  0.1700472E-03
 0.9053910E-01  0.6719619E-04
-0.2446845E-01  0.3584477E-06
 0.1572994E+00  0.6122210E-03
-0.1813339E+00  0.1081224E-02
 0.4974123E-01  0.6121616E-05
-0.1582769E+00  0.6275820E-03
-0.3858651E-01  0.2216880E-05
 0.1571395E+00  0.6097347E-03
-0.7229567E-01  0.2731802E-04
 0.1795305E+00  0.1038851E-02
-0.1362409E+00  0.3445325E-03
-0.7497350E-01  0.3159593E-04
-0.1059272E-01  0.1259013E-07
 0.8807697E-01  0.6017963E-04
 0.1665246E+00  0.7689781E-03
 0.1976090E+00  0.1524850E-02
 0.7446010E-01  0.3073934E-04
 0.3858025E-01  0.2215442E-05
-0.1991927E+00  0.1574322E-02
 0.9613338E-01  0.8540767E-04
-0.9692501E-01  0.8825584E-04
 0.5422163E-01  0.8643510E-05
-0.4123856E-01  0.2892104E-05
-0.7939588E-01  0.3973670E-04
 0.8233567E-01  0.4595704E-04
 0.1830447E-01  0.1122608E-06
 0.1637183E+00  0.7184378E-03
-0.1637773E+00  0.7194739E-03
 0.1353767E-02  0.3358731E-11
 0.9407111E-01  0.7831142E-04
 0.1663815E+00  0.7663375E-03
 0.1038119E+00  0.1161418E-03
-0.3858095E-01  0.2215603E-05
-0.1626603E+00  0.7000458E-03
-0.1385004E+00  0.3679627E-03
 0.1332843E+00  0.3155852E-03
 0.1999244E+00  0.1597583E-02
-0.8778344E-01  0.5938140E-04
 0.1915285E+00  0.1345656E-02
-0.1742796E+00  0.9225428E-03
 0.1041149E+00  0.1175037E-03
-0.6923576E-01  0.2297851E-04
 0.1584722E+00  0.6306845E-03
 0.9093602E-02  0.6838232E-08
 0.1557612E+00  0.5886228E-03
 0.7986969E-01  0.4069377E-04
 0.1907558E+00  0.1324071E-02
-0.9249088E-01  0.7318055E-04
-0.1262234E+00  0.2538400E-03
 0.1884480E+00  0.1261148E-02
-0.1214821E+00  0.2177959E-03
-0.1525687E+00  0.5418286E-03
-0.1293771E+00  0.2801755E-03
 0.1505789E+00  0.5141109E-03
-0.2661453E-01  0.5017361E-06
-0.1055787E+00  0.1242527E-03
 0.6345422E-01  0.1621220E-04
 0.1533686E+00  0.5532814E-03
-0.1695151E+00  0.8257224E-03
 0.1658054E+00  0.7557785E-03
-0.7976038E-01  0.4047146E-04
-0.1301529E+00  0.2869562E-03
 0.1847275E+00  0.1164464E-02
 0.7521950E-01  0.3201266E-04
-0.1199603E+00  0.2070858E-03
 0.1874855E+00  0.1235580E-02
-0.1806309E+00  0.1064555E-02
 0.1856526E-01  0.1187966E-06
 0.4950848E-01  0.6007841E-05
-0.1297731E-01  0.2836212E-07
-0.1841659E+00  0.1150367E-02
-0.1579918E+00  0.6230726E-03
-0.6337479E-02  0.1613118E-08
 0.1539967E-01  0.5624001E-07
 0.1995168E+00  0.1584593E-02
-0.2080136E-01  0.1872264E-06
-0.2997563E-01  0.8073709E-06
 0.1862747E-01  0.1203970E-06
 0.2146781E-02  0.2123983E-10
-0.3962865E-01  0.2466250E-05
 0.8841088E-01  0.6109743E-04
-0.2451499E-01  0.3611825E-06
 0.3060199E-01  0.8769979E-06
 0.4501728E-01  0.4106926E-05
 0.1444469E+00  0.4353443E-03
-0.4619253E-01  0.4552887E-05
-0.1479570E+00  0.4792282E-03
 0.1282633E+00  0.2706512E-03
 0.1160092E+00  0.1811216E-03
-0.3330755E-03  0.1230753E-13
 0.2576284E-01  0.4405291E-06
-0.4371385E-03  0.3651543E-13
 0.6028768E-01  0.1321035E-04
 0.9324267E-01  0.7558903E-04
 0.1238128E-02  0.2349969E-11
 0.3756171E-02  0.1990588E-09
 0.1649525E+00  0.7403478E-03
 0.3430644E-01  0.1385168E-05
 0.3159089E-01  0.9959732E-06
-0.5121348E-01  0.6879186E-05
-0.9162212E-02  0.7046952E-08
-0.9418138E-01  0.7867925E-04
-0.1900255E+00  0.1303911E-02
 0.1163431E+00  0.1832155E-03
-0.7968863E-01  0.4032603E-04
 0.5549899E-01  0.9487250E-05
 0.4055757E-01  0.2705749E-05
-0.1831720E+00  0.1125734E-02
-0.1706292E+00  0.8476433E-03
-0.1345917E+00  0.3281504E-03
-0.1365334E+00  0.3475009E-03
-0.8081412E-01  0.4265293E-04
-0.1058201E+00  0.1253926E-03
-0.5999064E-01  0.1295192E-04
-0.9401112E-01  0.7811185E-04
 0.1220679E-01  0.2220269E-07
 0.7589977E-01  0.3318653E-04
-0.4804337E-01  0.5327626E-05
-0.1010175E-01  0.1041324E-07
 0.7492971E-01  0.3152218E-04
-0.1652978E+00  0.7465655E-03
 0.3532630E-01  0.1557373E-05
 0.1444642E+00  0.4355534E-03
 0.9681571E-01  0.8785839E-04
-0.9646875E-01  0.8660574E-04
 0.1300296E+00  0.2858699E-03
-0.1574353E+00  0.6143390E-03
 0.1211170E+00  0.2151890E-03
 0.5037606E-01  0.6440161E-05
 0.1458050E+00  0.4519498E-03
-0.6947610E-01  0.2329924E-04
 0.1997251E+00  0.1591220E-02
 0.1620038E+00  0.6888117E-03
 0.1203313E+00  0.2096594E-03
-0.5208836E-01  0.7361440E-05
-0.9313710E-01  0.7524729E-04
 0.1089459E+00  0.1408783E-03
 0.1888587E+00  0.1272179E-02
-0.1438991E+00  0.4287778E-03
-0.1482498E+00  0.4830321E-03
-0.1014115E-01  0.1057668E-07
 0.1067679E+00  0.1299458E-03
-0.5163584E-01  0.7108944E-05
 0.5246186E-01  0.7574862E-05
 0.5107895E-01  0.6807187E-05
 0.1829881E+00  0.1121222E-02
-0.1306348E+00  0.2912296E-03
-0.1300426E+00  0.2859841E-03
-0.1535213E+00  0.5554880E-03
 0.2674018E-01  0.5112785E-06
 0.2700998E-01  0.5322274E-06
-0.7433396E-01  0.3053156E-04
-0.4190107E-01  0.3082483E-05
 0.1309490E+00  0.2940412E-03
 0.1403522E+00  0.3880409E-03
 0.1291522E+00  0.2782318E-03
 0.1368813E+00  0.3510563E-03
-0.1426240E+00  0.4137806E-03
 0.9800361E-01  0.9225041E-04
-0.1546337E+00  0.5717644E-03
-0.8270992E-01  0.4679834E-04
-0.1776659E+00  0.9963595E-03
 0.1335792E+00  0.3183871E-03
 0.2604570E-01  0.4601971E-06
 0.1297964E+00  0.2838251E-03
 0.1611381E+00  0.6742058E-03
-0.1471321E+00  0.4686298E-03
 0.1062005E+00  0.1272054E-03
-0.3878620E-01  0.2263128E-05
 0.1921919E+00  0.1364396E-02
 0.1642315E+00  0.7274874E-03
 0.6749456E-01  0.2075273E-04
-0.8260830E-01  0.4656876E-04
-0.1682012E+00  0.8004164E-03
 0.1952339E+00  0.1452852E-02
-0.8224372E-01  0.4575209E-04
 0.1141606E+00  0.1698501E-03
 0.1526522E+00  0.5430158E-03
 0.1684506E+00  0.8051743E-03
 0.1220794E+00  0.2221105E-03
 0.3420179E-01  0.1368344E-05
 0.1741290E+00  0.9193583E-03
 0.8541673E-01  0.5323189E-04
-0.6647442E-01  0.1952622E-04
-0.7557432E-01  0.3262099E-04
 0.6732018E-01  0.2053908E-04
-0.4199615E-01  0.3110554E-05
-0.2084383E-01  0.1887602E-06
 0.1366958E+00  0.3491570E-03
-0.1463663E-01  0.4589490E-07
 0.9448247E-01  0.7969022E-04
 0.1967384E+00  0.1498153E-02
-0.1498019E+00  0.5035813E-03
-0.9793396E-01  0.9198842E-04
 0.1586318E+00  0.6332289E-03
-0.1048615E+00  0.1209104E-03
-0.1805788E+00  0.1063326E-02
-0.1940788E+00  0.1418771E-02
-0.1292007E+00  0.2786506E-03
-0.1336672E+00  0.3192269E-03
 0.1738645E+00  0.9137842E-03
-0.1920699E+00  0.1360934E-02
-0.1756803E+00  0.9525597E-03
-0.1551803E+00  0.5798915E-03
-0.2126138E-02  0.2043458E-10
 0.7419495E-01  0.3030381E-04
 0.1399405E+00  0.3835072E-03
 0.1503802E+00  0.5114028E-03
-0.1243696E-01  0.2392525E-07
 0.5457411E-01  0.8870470E-05
 0.9156574E-01  0.7029624E-04
 0.8266318E-01  0.4669264E-04
-0.8544340E-03  0.5329838E-12
 0.4087214E-01  0.2790677E-05
 0.1105024E+00  0.1491030E-03
-0.4060804E-01  0.2719244E-05
-0.1139928E+00  0.1688536E-03
 0.1171051E+00  0.1880631E-03
 0.1626666E+00  0.7001548E-03
-0.7955951E-01  0.4006530E-04
 0.1619495E-01  0.6878889E-07
 0.7575984E-01  0.3294248E-04
-0.6461787E-01  0.1743454E-04
-0.4286536E-01  0.3376183E-05
-0.1821971E+00  0.1101960E-02
 0.1187517E+00  0.1988654E-03
-0.2648960E-02  0.4923816E-10
 0.5471795E-02  0.8964359E-09
 0.1321945E+00  0.3053891E-03
 0.1973118E+00  0.1515696E-02
 0.8825099E-01  0.6065665E-04
 0.1667204E+00  0.7726003E-03
-0.1606083E-02  0.6653838E-11
-0.1565487E+00  0.6006168E-03
 0.6096299E-01  0.1381227E-04
-0.1802433E+00  0.1055448E-02
-0.1619397E-02  0.6877234E-11
 0.6713976E-01  0.2031979E-04
 0.1626696E+00  0.7002054E-03
-0.8611070E-01  0.5498302E-04
-0.1020636E+00  0.1085134E-03
 0.1544299E+00  0.5687547E-03
 0.7974435E-01  0.4043893E-04
-0.6257875E-01  0.1533584E-04
-0.9704538E-01  0.8869505E-04
-0.1993268E+00  0.1578567E-02
 0.9458273E-01  0.8002900E-04
-0.1779182E+00  0.1002032E-02
-0.1660285E+00  0.7598550E-03
 0.1186218E+00  0.1979970E-03
 0.5358014E-01  0.8241675E-05
-0.1186921E+00  0.1984662E-03
-0.5342040E-01  0.8143826E-05
 0.8440540E-01  0.5075524E-04
 0.1512173E+00  0.5228850E-03
-0.4121040E-02  0.2884214E-09
-0.1711973E-01  0.8589891E-07
-0.1549153E+00  0.5759394E-03
 0.1163471E+00  0.1832411E-03
-0.1769658E+00  0.9807489E-03
-0.1492726E+00  0.4965010E-03
-0.3212915E-01  0.1065607E-05
 0.4256012E-01  0.3281039E-05
 0.3231431E-01  0.1090384E-05
 0.8396483E-01  0.4970381E-04
 0.3613904E-01  0.1705715E-05
-0.2174363E-01  0.2235260E-06
-0.1989806E+00  0.1567628E-02
 0.9132610E-01  0.6956320E-04
-0.1505995E+00  0.5143918E-03
 0.6039375E-02  0.1330357E-08
 0.2544784E-01  0.4193762E-06
 0.5705437E-01  0.1059633E-04
 0.9082499E-02  0.6804895E-08
-0.1732197E+00  0.9003047E-03
 0.2619275E-01  0.4706785E-06
 0.1642317E+00  0.7274919E-03
-0.1371762E+00  0.3540913E-03
-0.1362198E+00  0.3443185E-03
-0.1726016E+00  0.8875216E-03
 0.6748471E-01  0.2074062E-04
 0.1925478E+00  0.1374530E-02
-0.1621159E-01  0.6907200E-07
-0.1570739E+00  0.6087173E-03
 0.1016983E+00  0.1069681E-03
 0.2944459E-01  0.7516609E-06
 0.6294047E-01  0.1569351E-04
-0.2009647E-01  0.1631094E-06
 0.2389091E-01  0.3257850E-06
-0.1918987E+00  0.1356088E-02
-0.3402329E-01  0.1340002E-05
-0.6240607E-01  0.1516727E-04
-0.8443336E-01  0.5082254E-04
-0.7307079E-01  0.2850855E-04
-0.8503808E-01  0.5229423E-04
-0.1309491E+00  0.2940428E-03
-0.1208088E+00  0.2130073E-03
 0.1409432E+00  0.3946173E-03
-0.1165055E+00  0.1842405E-03
-0.2463510E-01  0.3683133E-06
-0.1214716E+00  0.2177204E-03
 0.1178995E+00  0.1932180E-03
 0.5611618E-01  0.9916364E-05
 0.1893852E+00  0.1286425E-02
-0.1489667E+00  0.4924443E-03
 0.6819846E-01  0.2163208E-04
 0.3796502E-01  0.2077469E-05
-0.1629443E-01  0.7049466E-07
 0.1673031E+00  0.7834579E-03
-0.1149716E+00  0.1747278E-03
 0.1559916E+00  0.5921131E-03
-0.7928432E-02  0.3951384E-08
 0.1624362E+00  0.6961959E-03
-0.3101427E-01  0.9252223E-06
-0.1799013E+00  0.1047459E-02
-0.5641183E-01  0.1012700E-04
-0.1208110E+00  0.2130229E-03
-0.1768212E+00  0.9775457E-03
 0.1426192E+00  0.4137248E-03
 0.3563659E-01  0.1612815E-05
-0.4785768E-01  0.5245736E-05
 0.1148882E-02  0.1742214E-11
 0.6679484E-01  0.1990543E-04
-0.3372307E-01  0.1293328E-05
 0.8474638E-01  0.5158040E-04
-0.1664618E+00  0.7678175E-03
-0.6246467E-01  0.1522432E-04
-0.1096878E+00  0.1447549E-03
-0.2960473E-01  0.7681476E-06
-0.1365024E+00  0.3471855E-03
 0.3487597E-01  0.1479467E-05
-0.1223509E+00  0.2240930E-03
 0.9723993E-01  0.8940843E-04
 0.4650037E-01  0.4675475E-05
 0.5575945E-01  0.9666606E-05
 0.9668574E-01  0.8738757E-04
-0.4844721E-01  0.5509030E-05
 0.8246148E-01  0.4623859E-04
-0.1674697E+00  0.7865834E-03
 0.1936055E+00  0.1404983E-02
-0.1974009E+00  0.1518435E-02
-0.1035542E+00  0.1149931E-03
 0.1033859E+00  0.1142472E-03
-0.1987797E+00  0.1561305E-02
 0.1550185E-01  0.5774767E-07
-0.1690718E+00  0.8171175E-03
 0.1526734E-01  0.5433177E-07
 0.3503663E-01  0.1506916E-05
 0.9004985E-01  0.6575548E-04
 0.1248026E-01  0.2426021E-07
-0.1068431E+00  0.1303124E-03
-0.6967025E-01  0.2356076E-04
-0.4636164E-01  0.4619926E-05
-0.8020672E-01  0.4138501E-04
 0.1552273E-01  0.5805942E-07
-0.2919513E-01  0.7265103E-06
-0.8857811E-01  0.6156100E-04
-0.9059658E-01  0.6736700E-04
 0.1176078E+00  0.1913128E-03
-0.1332345E-01  0.3151132E-07
-0.1107724E+00  0.1505658E-03
-0.5795373E-01  0.1128043E-04
-0.1853045E+00  0.1179082E-02
-0.6471747E-01  0.1754229E-04
 0.1433798E+00  0.4226219E-03
-0.1988215E+00  0.1562620E-02
-0.1113539E+00  0.1537522E-03
 0.1202741E+00  0.2092612E-03
-0.8482522E-01  0.5177259E-04
 0.1224375E+00  0.2247280E-03
 0.1259836E+00  0.2519159E-03
 0.2223526E-02  0.2444379E-10
-0.1273490E+00  0.2630161E-03
-0.7687590E-01  0.3492696E-04
 0.3339216E-01  0.1243307E-05
-0.1099786E+00  0.1462959E-03
 0.1633819E+00  0.7125503E-03
 0.1814196E+00  0.1083271E-02
-0.1749665E+00  0.9371730E-03
 0.8419564E-01  0.5025259E-04
 0.7361972E-01  0.2937491E-04
 0.1238867E+00  0.2355582E-03
-0.1050197E+00  0.1216418E-03
-0.5018881E-01  0.6344943E-05
-0.6570188E-01  0.1863422E-04
-0.1849576E+00  0.1170277E-02
 0.1282300E+00  0.2703700E-03
-0.1184150E-01  0.1966194E-07
 0.6837519E-01  0.2185718E-04
-0.3466861E-01  0.1444594E-05
-0.1069745E+00  0.1309545E-03
-0.1586213E+00  0.6330618E-03
-0.1131018E+00  0.1636359E-03
 0.9000706E-02  0.6563058E-08
-0.1462745E+00  0.4577982E-03
 0.3777195E-01  0.2035531E-05
-0.8194940E-01  0.4510068E-04
-0.4459692E-01  0.3955664E-05
-0.4981718E-01  0.6159089E-05
 0.1097806E+00  0.1452456E-03
-0.2394777E-01  0.3288975E-06
-0.1896146E+00  0.1292669E-02
-0.1363111E+00  0.3452431E-03
 0.1304552E+00  0.2896309E-03
 0.2598800E-01  0.4561330E-06
-0.3990731E-01  0.2536353E-05
-0.3850933E-01  0.2199196E-05
 0.6879403E-01  0.2239768E-04
 0.1225270E+00  0.2253863E-03
 0.6391050E-02  0.1668357E-08
-0.4590879E-01  0.4442051E-05
 0.7644487E-01  0.3415021E-04
-0.3009970E-01  0.8208209E-06
-0.6180415E-01  0.1459052E-04
 0.1840264E+00  0.1146888E-02
-0.1139328E+00  0.1684978E-03
 0.6130768E-02  0.1412731E-08
-0.4776792E-01  0.5206493E-05
-0.8720318E-02  0.5782681E-08
-0.4740236E-01  0.5048934E-05
-0.1375434E+00  0.3578976E-03
 0.5224065E-01  0.7447908E-05
-0.1862515E-01  0.1203370E-06
 0.1733183E+00  0.9023551E-03
 0.4599233E-02  0.4474471E-09
 0.1335102E+00  0.3177297E-03
 0.1894368E+00  0.1287827E-02
 0.5392534E-01  0.8456128E-05
 0.3268200E-01  0.1140866E-05
 0.1114466E+00  0.1542652E-03
 0.1766936E-01  0.9747287E-07
 0.1660611E-01  0.7604526E-07
-0.5939884E-01  0.1244835E-04
 0.6705566E-02  0.2021817E-08
 0.6398133E-01  0.1675765E-04
-0.6251822E-01  0.1527659E-04
 0.7052048E-01  0.2473211E-04
 0.9088735E-01  0.6823602E-04
 0.1874280E+00  0.1234064E-02
-0.1904623E+00  0.1315940E-02
-0.1574513E+00  0.6145889E-03
-0.5166094E-01  0.7122773E-05
 0.2453938E-01  0.3626223E-06
 0.1465781E+00  0.4616113E-03
 0.1677041E+00  0.7909975E-03
-0.8185478E-01  0.4489274E-04
 0.1684327E+00  0.8048327E-03
 0.7159397E-01  0.2627277E-04
-0.7307223E-01  0.2851081E-04
-0.6520523E-01  0.1807714E-04
 0.1055009E-01  0.1238865E-07
 0.1588799E+00  0.6371995E-03
 0.1442212E+00  0.4326303E-03
 0.1409703E+00  0.3949211E-03
-0.4771731E-01  0.5184465E-05
 0.5670237E-01  0.1033724E-04
-0.1472381E+00  0.4699820E-03
 0.9091148E-01  0.6830852E-04
 0.1744328E+00  0.9257912E-03
 0.1954279E-01  0.1458635E-06
 0.1576032E+00  0.6169652E-03
-0.1894378E+00  0.1287853E-02
 0.1904117E+00  0.1314543E-02
-0.1647309E+00  0.7363775E-03
-0.1014306E+00  0.1058463E-03
-0.1269181E+00  0.2594743E-03
-0.7878071E-01  0.3851941E-04
 0.4969400E-01  0.6098400E-05
-0.1163980E-01  0.1835618E-07
-0.6595042E-01  0.1891779E-04
-0.5433901E-01  0.8718603E-05
 0.1327450E+00  0.3105082E-03
 0.1112021E+00  0.1529156E-03
-0.1295005E+00  0.2812460E-03
 0.7496357E-01  0.3157919E-04
 0.1027213E+00  0.1113375E-03
 0.1383714E+00  0.3665941E-03
-0.1164667E+00  0.1839954E-03
 0.1718091E+00  0.8713344E-03
 0.1780594E+00  0.1005216E-02
-0.1693882E+00  0.8232526E-03
-0.7532839E-01  0.3219843E-04
 0.2588618E-01  0.4490264E-06
-0.1920550E+00  0.1360512E-02
 0.6282002E-01  0.1557371E-04
 0.3479203E-01  0.1465275E-05
 0.3517212E-01  0.1530362E-05
 0.1050146E+00  0.1216183E-03
-0.1107236E+00  0.1503007E-03
 0.7921042E-01  0.3936673E-04
 0.1373213E+00  0.3555919E-03
-0.1792464E+00  0.1032289E-02
 0.3392663E-01  0.1324838E-05
-0.1506668E+00  0.5153114E-03
 0.1272628E+00  0.2623046E-03
 0.1768550E+00  0.9782936E-03
-0.2505928E-01  0.3943435E-06
 0.2429548E-01  0.3484192E-06
-0.3130314E-01  0.9601779E-06
-0.6540032E-01  0.1829446E-04
 0.5153096E-02  0.7051362E-09
 0.1758400E+00  0.9560290E-03
 0.1502652E+00  0.5098391E-03
-0.6845337E-01  0.2195732E-04
-0.2031063E-01  0.1701741E-06
 0.5656164E-01  0.1023500E-04
 0.1271577E+00  0.2614392E-03
 0.1562940E+00  0.5967177E-03
 0.1838658E+00  0.1142887E-02
 0.1854135E-01  0.1181858E-06
-0.5431382E-01  0.8702447E-05
-0.3756977E-01  0.1992296E-05
-0.1712400E+00  0.8598458E-03
-0.9712538E-01  0.8898790E-04
 0.1060812E+00  0.1266349E-03
-0.1460156E+00  0.4545657E-03
-0.1532862E+00  0.5520933E-03
 0.3890497E-01  0.2290975E-05
-0.1131629E+00  0.1639898E-03
 0.4393342E-01  0.3725462E-05
-0.1244874E+00  0.2401608E-03
 0.4185091E-01  0.3067749E-05
 0.8570364E-01  0.5395070E-04
 0.1092821E+00  0.1426254E-03
-0.1481866E+00  0.4822098E-03
 0.6464271E-01  0.1746136E-04
-0.4143098E-01  0.2946463E-05
-0.6346025E-01  0.1621837E-04
 0.1533758E+00  0.5533853E-03
-0.1117672E-01  0.1560479E-07
 0.1790732E+00  0.1028305E-02
 0.1492593E+00  0.4963246E-03
-0.1183099E+00  0.1959224E-03
-0.1904050E+00  0.1314357E-02
 0.2106486E-01  0.1968946E-06
-0.1312690E+00  0.2969265E-03
 0.1053410E+00  0.1231373E-03
 0.1943860E+00  0.1427776E-02
-0.1885720E+00  0.1264471E-02
 0.1834806E-01  0.1133342E-06
 0.1893619E+00  0.1285791E-02
-0.7664287E-01  0.3450540E-04
 0.1982597E+00  0.1545032E-02
 0.4547776E-01  0.4277560E-05
 0.1096037E+00  0.1443113E-03
-0.1320206E+00  0.3037857E-03
 0.1101619E+00  0.1472741E-03
-0.9062059E-01  0.6743845E-04
 0.2304048E-01  0.2818162E-06
 0.8212698E-01  0.4549287E-04
 0.2909771E-01  0.7168611E-06
-0.1781929E+00  0.1008235E-02
-0.7268831E-01  0.2791633E-04
-0.6532107E-01  0.1820595E-04
-0.1623351E+00  0.6944634E-03
 0.5911186E-01  0.1220951E-04
 0.1870571E+00  0.1224324E-02
 0.1848220E+00  0.1166850E-02
 0.1105199E-02  0.1491978E-11
-0.8632762E-01  0.5553913E-04
 0.1759521E+00  0.9584689E-03
-0.9841657E-02  0.9381514E-08
 0.2497627E-01  0.3891440E-06
-0.6553698E-01  0.1844784E-04
-0.2958374E-01  0.7659711E-06
 0.9327155E-01  0.7568271E-04
-0.1708695E+00  0.8524281E-03
-0.1164239E+00  0.1837254E-03
-0.1698254E+00  0.8317836E-03
 0.3295792E-01  0.1179883E-05
 0.5966154E-01  0.1267003E-04
 0.1846362E+00  0.1162163E-02
-0.1894116E+00  0.1287143E-02
 0.1163529E-01  0.1832773E-07
-0.1445948E+00  0.4371303E-03
-0.8495296E-01  0.5208516E-04
 0.1109982E+00  0.1517973E-03
-0.1610429E+00  0.6726141E-03
-0.1471174E+00  0.4684428E-03
-0.8933649E-01  0.6369650E-04
-0.1273061E+00  0.2626617E-03
 0.1511868E+00  0.5224635E-03
-0.6218385E-01  0.1495239E-04
-0.4283621E-01  0.3367009E-05
-0.1039473E+00  0.1167488E-03
 0.8544780E-01  0.5330936E-04
 0.1076834E+00  0.1344608E-03
-0.1041221E+00  0.1175360E-03
 0.1550197E+00  0.5774948E-03
-0.1758896E+00  0.9571082E-03
-0.1032874E+00  0.1138124E-03
-0.6451373E-02  0.1732243E-08
-0.2062144E-01  0.1808323E-06
-0.4085532E-01  0.2786086E-05
 0.5305230E-01  0.7921674E-05
 0.5312328E-01  0.7964154E-05
-0.9218970E-01  0.7223199E-04
-0.4297986E-02  0.3412399E-09
-0.5139416E-01  0.6976781E-05
-0.1518948E+00  0.5323183E-03
-0.1122900E+00  0.1589882E-03
 0.6426221E-01  0.1705386E-04
-0.5857817E-01  0.1177452E-04
 0.1664430E+00  0.7674719E-03
 0.1532807E+00  0.5520134E-03
-0.1126585E+00  0.1610852E-03
 0.5249255E-01  0.7592602E-05
-0.1228659E+00  0.2278903E-03
 0.9163029E-02  0.7049468E-08
-0.1190995E+00  0.2012057E-03
 0.1600171E+00  0.6556405E-03
 0.6998648E-01  0.2399145E-04
-0.1716681E-01  0.8684764E-07
 0.3214222E-01  0.1067342E-05
 0.3648798E-01  0.1772554E-05
 0.2113246E-01  0.1994345E-06
-0.1742401E+00  0.9217066E-03
 0.4008253E-01  0.2581194E-05
 0.2143609E-01  0.2111457E-06
 0.9025180E-01  0.6634735E-04
-0.1783334E+00  0.1011419E-02
 0.1981979E+00  0.1543109E-02
 0.5512178E-01  0.9231941E-05
 0.8918981E-01  0.6327920E-04
 0.1390621E+00  0.3739685E-03
 0.5099247E-01  0.6761205E-05
 0.6921381E-01  0.2294938E-04
-0.1089918E+00  0.1411159E-03
-0.3330218E-01  0.1229959E-05
-0.1807674E+00  0.1067776E-02
-0.1330458E+00  0.3133319E-03
 0.4714343E-01  0.4939518E-05
 0.1710351E+00  0.8557377E-03
 0.1461157E+00  0.4558136E-03
-0.1120836E+00  0.1578225E-03
 0.1172348E+00  0.1888976E-03
 0.9617385E-01  0.8555158E-04
-0.9987630E-01  0.9950612E-04
 0.1780440E+00  0.1004868E-02
 0.2455458E-01  0.3635217E-06
 0.1687364E+00  0.8106541E-03
 0.1613081E-01  0.6770563E-07
-0.7789807E-02  0.3682195E-08
-0.1460936E+00  0.4555382E-03
-0.6537665E-01  0.1826798E-04
 0.3522637E-01  0.1539825E-05
-0.1475509E+00  0.4739881E-03
-0.2162403E-01  0.2186484E-06
 0.1467875E+00  0.4642546E-03
 0.1619887E+00  0.6885557E-03
-0.1495319E+00  0.4999606E-03
 0.2932474E-01  0.7394978E-06
 0.8422229E-01  0.5031625E-04
-0.8438125E-01  0.5069719E-04
 0.1583193E+00  0.6282544E-03
-0.5412185E-01  0.8580063E-05
 0.1079516E+00  0.1358050E-03
 0.8436762E-01  0.5066443E-04
 0.4538214E-03  0.4241700E-13
-0.1587456E+00  0.6350484E-03
-0.5938939E-01  0.1244044E-04
-0.1188288E+00  0.1993826E-03
 0.6867158E-01  0.2223864E-04
 0.1760392E-01  0.9603679E-07
-0.9041619E-01  0.6683206E-04
 0.8399068E-02  0.4976505E-08
-0.1040713E+00  0.1173069E-03
-0.1012564E+00  0.1051211E-03
 0.5321987E-01  0.8022232E-05
 0.1947935E+00  0.1439785E-02
 0.1529892E+00  0.5478269E-03
-0.1677298E+00  0.7914822E-03
 0.1996805E+00  0.1589800E-02
-0.1585175E+00  0.6314066E-03
 0.6510907E-01  0.1797074E-04
-0.1268144E-02  0.2586271E-11
 0.1952499E+00  0.1453325E-02
-0.4650387E-01  0.4676882E-05
 0.3587029E-01  0.1655539E-05
 0.1351384E+00  0.3335144E-03
-0.1002035E+00  0.1008164E-03
 0.1531734E+00  0.5504695E-03
 0.6762516E-01  0.2091382E-04
 0.1242347E+00  0.2382161E-03
-0.4995976E-01  0.6229906E-05
 0.1331715E+00  0.3145176E-03
 0.6861363E-01  0.2216366E-04
 0.1095571E+00  0.1440660E-03
 0.6169933E-01  0.1449178E-04
 0.3693561E-01  0.1861149E-05
 0.1581011E-01  0.6247979E-07
 0.2284965E-01  0.2725954E-06
 0.1003953E-01  0.1015905E-07
-0.1036189E+00  0.1152805E-03
-0.1267630E+00  0.2582082E-03
 0.1337183E+00  0.3197151E-03
-0.8305058E-01  0.4757411E-04
 0.1379973E+00  0.3626460E-03
 0.1664615E+00  0.7678128E-03
 0.1669529E+00  0.7769197E-03
-0.5197560E-01  0.7297905E-05
 0.1453418E+00  0.4462333E-03
 0.9473018E-01  0.8052922E-04
-0.5562911E-01  0.9576535E-05
-0.1725264E+00  0.8859764E-03
-0.5511799E-01  0.9229401E-05
-0.1417121E+00  0.4033000E-03
 0.2512416E-01  0.3984432E-06
-0.1592511E+00  0.6431758E-03
 0.1564150E+00  0.5985677E-03
 0.6029151E-01  0.1321370E-04
 0.6667969E-01  0.1976853E-04
 0.1500119E+00  0.5064108E-03
-0.1148495E+00  0.1739867E-03
 0.1687086E+00  0.8101184E-03
 0.6048343E-01  0.1338276E-04
 0.6809575E-01  0.2150206E-04
-0.1851038E-01  0.1173982E-06
 0.5723236E-01  0.1072918E-04
-0.1587762E+00  0.6355376E-03
-0.6460788E-01  0.1742376E-04
 0.9826008E-01  0.9321987E-04
 0.1458464E+00  0.4524633E-03
-0.9341069E-01  0.7613536E-04
 0.1923135E+00  0.1367853E-02
-0.1815426E+00  0.1086211E-02
 0.1460369E+00  0.4548309E-03
 0.6255120E-01  0.1530885E-04
-0.7145930E-01  0.2607564E-04
 0.6839148E-01  0.2187802E-04
 0.1099392E+00  0.1460867E-03
-0.1458514E+00  0.4525249E-03
 0.1167613E+00  0.1858642E-03
 0.1015080E-01  0.1061698E-07
-0.6209991E-01  0.1487181E-04
 0.4837877E-01  0.5477963E-05
-0.8461025E-01  0.5124976E-04
-0.1172926E+00  0.1892706E-03
-0.1956104E+00  0.1464091E-02
 0.1206120E+00  0.2116224E-03
-0.1497929E+00  0.5034601E-03
-0.8003251E-01  0.4102663E-04
-0.9736937E-01  0.8988544E-04
 0.1310820E+00  0.2952376E-03
-0.8714592E-01  0.5767510E-04
-0.7197671E-01  0.2683910E-04
-0.1626699E+00  0.7002100E-03
-0.1036449E+00  0.1153964E-03
-0.5776069E-01  0.1113088E-04
-0.1991314E+00  0.1572384E-02
-0.1865853E+00  0.1212019E-02
-0.1823758E+00  0.1106289E-02
-0.1295125E+00  0.2813498E-03
-0.9802942E-01  0.9234762E-04
-0.1395713E+00  0.3794758E-03
-0.3734388E-01  0.1944812E-05
 0.8995816E-01  0.6548808E-04
 0.7682689E-01  0.3483798E-04
-0.2325520E-01  0.2924693E-06
-0.7658023E-01  0.3439274E-04
 0.1146016E+00  0.1724893E-03
-0.1539401E-01  0.5615735E-07
-0.1495004E-01  0.4995385E-07
-0.7763916E-01  0.3633484E-04
 0.6571810E-01  0.1865263E-04
 0.5412074E-02  0.8579359E-09
-0.1897332E-01  0.1295904E-06
-0.5285123E-01  0.7802260E-05
-0.6136414E-01  0.1417942E-04
 0.6818659E-01  0.2161702E-04
-0.5529998E-01  0.9351903E-05
-0.1536034E+00  0.5566767E-03
-0.1126752E+00  0.1611807E-03
-0.1582731E+00  0.6275206E-03
 0.1921426E-01  0.1362997E-06
-0.7758311E-01  0.3623004E-04
-0.1161693E+00  0.1821234E-03
-0.1037151E+00  0.1157090E-03
-0.9332338E-01  0.7585109E-04
-0.7766161E-01  0.3637689E-04
 0.7767465E-01  0.3640133E-04
 0.7001433E-01  0.2402966E-04
-0.9212581E-01  0.7203197E-04
-0.2140467E-01  0.2099106E-06
 0.1633629E+00  0.7122197E-03
-0.1943637E-01  0.1427120E-06
-0.1316411E-01  0.3003071E-07
-0.1649219E+00  0.7397987E-03
-0.3959623E-01  0.2458190E-05
-0.8617102E-01  0.5513724E-04
-0.1249482E+00  0.2437364E-03
-0.9937344E-01  0.9751724E-04
-0.7407446E-01  0.3010745E-04
 0.1291461E+00  0.2781793E-03
 0.8075110E-01  0.4252005E-04
-0.9426796E-01  0.7896898E-04
-0.1804278E+00  0.1059775E-02
-0.1083571E+00  0.1378574E-03
-0.1892697E-01  0.1283287E-06
-0.1104810E+00  0.1489877E-03
 0.1499563E-02  0.5056600E-11
-0.5139643E-01  0.6978013E-05
-0.1755550E-01  0.9498458E-07
 0.6727726E-01  0.2048676E-04
-0.1434589E+00  0.4235550E-03
 0.1851480E+00  0.1175103E-02
 0.1869641E+00  0.1221893E-02
-0.1434742E+00  0.4237354E-03
 0.1766953E+00  0.9747649E-03
 0.1360221E+00  0.3423243E-03
-0.1722782E+00  0.8808885E-03
-0.1882308E+00  0.1255344E-02
-0.7282358E-01  0.2812471E-04
 0.1671255E+00  0.7801366E-03
-0.6035099E-01  0.1326593E-04
-0.7693884E-01  0.3504148E-04
 0.1310276E+00  0.2947484E-03
-0.1927832E+00  0.1381265E-02
 0.3999140E-01  0.2557798E-05
 0.5844281E-01  0.1166606E-04
-0.6789467E-01  0.2124921E-04
-0.1730173E+00  0.8961042E-03
-0.1342206E+00  0.3245462E-03
-0.1082950E-01  0.1375416E-07
-0.5378818E-01  0.8370424E-05
 0.1490274E+00  0.4932468E-03
-0.5142016E-01  0.6990912E-05
-0.1345091E+00  0.3273460E-03
 0.1421840E-01  0.4086984E-07
-0.8002125E-01  0.4100353E-04
 0.1895897E+00  0.1291988E-02
-0.1541105E+00  0.5640650E-03
 0.6491192E-01  0.1775407E-04
-0.5422601E-01  0.8646307E-05
 0.1545736E+00  0.5708761E-03
-0.6145361E-01  0.1426230E-04
-0.1073083E+00  0.1325969E-03
 0.1828903E+00  0.1118827E-02
 0.4048459E-01  0.2686327E-05
-0.7312521E-01  0.2859357E-04
-0.1367107E+00  0.3493088E-03
 0.8279099E-01  0.4698209E-04
 0.6429631E-01  0.1709009E-04
-0.3643892E-01  0.1763038E-05
 0.3277943E-01  0.1154531E-05
 0.2956745E-02  0.7642848E-10
 0.1940168E+00  0.1416958E-02
-0.1219003E+00  0.2208100E-03
 0.9409406E-01  0.7838787E-04
 0.7461465E-02  0.3099534E-08
 0.1320515E+00  0.3040696E-03
-0.1576370E+00  0.6174943E-03
 0.1365978E+00  0.3481570E-03
 0.4494900E-04  0.4082066E-17
-0.1631577E+00  0.7086473E-03
 0.4518253E-01  0.4167563E-05
 0.3495225E-01  0.1492453E-05
-0.1491272E+00  0.4945691E-03
-0.1555697E+00  0.5857335E-03
-0.1099968E-01  0.1463929E-07
 0.1264195E+00  0.2554204E-03
 0.3505424E-01  0.1509949E-05
 0.1362517E+00  0.3446412E-03
-0.9905877E-01  0.9628790E-04
-0.1878707E+00  0.1245766E-02
 0.1140702E+00  0.1693122E-03
-0.1522628E+00  0.5374961E-03
 0.3005935E-01  0.8164291E-06
 0.1299262E+00  0.2849622E-03
-0.1402771E+00  0.3872104E-03
 0.1613133E+00  0.6771432E-03
 0.1442787E+00  0.4333207E-03
-0.1422933E+00  0.4099562E-03
-0.1741285E+00  0.9193476E-03
 0.1167426E+00  0.1857453E-03
 0.1487505E+00  0.4895915E-03
-0.1965823E+00  0.1493404E-02
 0.1286511E+00  0.2739392E-03
-0.6736211E-01  0.2059031E-04
-0.1404746E+00  0.3893953E-03
-0.7106471E-02  0.2550445E-08
-0.3749070E-01  0.1975577E-05
-0.1693851E+00  0.8231906E-03
 0.1236205E+00  0.2335402E-03
 0.1012732E+00  0.1051907E-03
 0.1885373E+00  0.1263540E-02
-0.1288742E+00  0.2758438E-03
 0.8002862E-02  0.4101865E-08
 0.1467732E+00  0.4640739E-03
 0.1205397E+00  0.2111153E-03
 0.2244543E-01  0.2538118E-06
-0.1496219E+00  0.5011648E-03
-0.1966330E+00  0.1494945E-02
-0.2292347E-01  0.2761349E-06
-0.1159211E+00  0.1805717E-03
 0.4754087E-01  0.5108207E-05
-0.1277520E+00  0.2663610E-03
-0.1456941E+00  0.4505761E-03
 0.6368128E-02  0.1644550E-08
 0.2949791E-01  0.7571205E-06
-0.7213909E-01  0.2708212E-04
 0.4354097E-01  0.3594117E-05
 0.1450183E+00  0.4422738E-03
-0.5583485E-01  0.9718998E-05
 0.1325769E+00  0.3089385E-03
 0.1570566E+00  0.6084491E-03
 0.1449681E-02  0.4416615E-11
-0.1907232E+00  0.1323165E-02
 0.1103633E-01  0.1483536E-07
 0.4620261E-01  0.4556863E-05
-0.1312663E-01  0.2969018E-07
-0.7262738E-01  0.2782284E-04
 0.7310406E-03  0.2856051E-12
 0.1560281E-01  0.5926685E-07
 0.1731623E+00  0.8991120E-03
-0.1637776E+00  0.7194781E-03
 0.1265560E+00  0.2565261E-03
-0.1356314E+00  0.3384083E-03
-0.1373523E+00  0.3559129E-03
-0.1084553E+00  0.1383576E-03
-0.8016454E-01  0.4129801E-04
-0.6101538E-02  0.1385981E-08
-0.1063825E+00  0.1280796E-03
-0.4825639E-01  0.5422745E-05
-0.1507630E+00  0.5166296E-03
-0.5577347E-01  0.9676330E-05
 0.1087948E+00  0.1400980E-03
-0.1139990E+00  0.1688903E-03
-0.1039360E+00  0.1166982E-03
-0.1393453E+00  0.3770238E-03
-0.1203479E+00  0.2097751E-03
 0.3758401E-01  0.1995320E-05
 0.8485017E-01  0.5183354E-04
-0.1419754E+00  0.4063056E-03
-0.6928379E-01  0.2304234E-04
-0.8251628E-01  0.4636161E-04
 0.1609615E+00  0.6712554E-03
 0.7414953E-01  0.3022969E-04
-0.1393602E+00  0.3771851E-03
-0.7788896E-01  0.3680473E-04
-0.1079953E+00  0.1360254E-03
-0.1005159E+00  0.1020798E-03
 0.1305481E+00  0.2904576E-03
-0.1694980E+00  0.8253882E-03
 0.2365335E-01  0.3130188E-06
-0.1784938E+00  0.1015063E-02
-0.4372392E-01  0.3654907E-05
 0.6076443E-01  0.1363320E-04
 0.1636482E+00  0.7172075E-03
-0.2705231E-01  0.5355716E-06
 0.1692035E-03  0.8196666E-15
 0.3137922E-01  0.9695462E-06
-0.1113039E+00  0.1534765E-03
 0.1058004E+00  0.1252994E-03
 0.1862431E+00  0.1203152E-02
 0.1350071E+00  0.3322202E-03
-0.4525620E-01  0.4194812E-05
 0.8982211E-01  0.6509282E-04
-0.9058155E-01  0.6732231E-04
 0.1951791E+00  0.1451219E-02
-0.1891569E+00  0.1280232E-02
 0.5823687E-01  0.1150250E-04
 0.1232877E+00  0.2310355E-03
-0.5847508E-01  0.1169186E-04
 0.1019130E+00  0.1078744E-03
-0.1558883E+00  0.5905459E-03
-0.5797736E-01  0.1129884E-04
-0.1875235E+00  0.1236583E-02
 0.1849312E+00  0.1169608E-02
 0.6099569E-02  0.1384193E-08
-0.1756474E+00  0.9518473E-03
 0.2702802E-01  0.5336504E-06
-0.9043448E-01  0.6688616E-04
 0.1721254E+00  0.8777673E-03
-0.1672043E+00  0.7816101E-03
 0.1645240E+00  0.7326841E-03
-0.1858329E+00  0.1192588E-02
-0.6156764E-02  0.1436846E-08
-0.1650204E+00  0.7415679E-03
 0.8105330E-01  0.4316014E-04
 0.6538928E-01  0.1828210E-04
 0.1645202E+00  0.7326161E-03
 0.1343847E+00  0.3261365E-03
 0.1284990E+00  0.2726457E-03
 0.7560297E-01  0.3267048E-04
 0.1118259E+00  0.1563761E-03
 0.1190261E+00  0.2007097E-03
 0.1858332E+00  0.1192595E-02
 0.1677404E+00  0.7916828E-03
 0.1458900E+00  0.4530038E-03
-0.3688349E-01  0.1850666E-05
 0.1582596E+00  0.6273069E-03
 0.1491081E-01  0.4943158E-07
-0.1148296E+00  0.1738665E-03
 0.1266830E+00  0.2575571E-03
-0.2814793E-01  0.6277491E-06
 0.1054954E-02  0.1238607E-11
 0.3559761E-01  0.1605770E-05
 0.4918669E-02  0.5853159E-09
 0.1126159E+00  0.1608418E-03
 0.8026741E-01  0.4151040E-04
 0.8084846E-01  0.4272549E-04
-0.4476256E-01  0.4014759E-05
 0.2402569E-02  0.3331987E-10
 0.1080716E+00  0.1364102E-03
 0.8177347E-01  0.4471465E-04
-0.1102669E+00  0.1478360E-03
-0.1817348E+00  0.1090819E-02
-0.7459027E-01  0.3095486E-04
-0.1299426E+00  0.2851060E-03
 0.6082993E-01  0.1369207E-04
 0.5581401E-01  0.9704496E-05
 0.1209533E+00  0.2140283E-03
 0.5949533E-01  0.1252944E-04
 0.6517574E-02  0.1804446E-08
 0.1659894E+00  0.7591395E-03
-0.1470189E+00  0.4671892E-03
-0.6743838E-01  0.2068371E-04
 0.1353497E+00  0.3356052E-03
 0.1182852E-01  0.1957588E-07
 0.2002250E-01  0.1607212E-06
 0.8004374E-01  0.4104965E-04
 0.3928956E-01  0.2382916E-05
-0.6942563E-01  0.2323161E-04
-0.8593512E-01  0.5453594E-04
-0.1972360E+00  0.1513367E-02
-0.1726387E-01  0.8882865E-07
 0.4597985E-01  0.4469614E-05
-0.6479263E-01  0.1762392E-04
 0.5467004E-01  0.8933004E-05
-0.1597977E+00  0.6520513E-03
-0.1393124E+00  0.3766680E-03
-0.8944329E-02  0.6400163E-08
 0.1679286E+00  0.7952404E-03
-0.1749602E-01  0.9370372E-07
 0.8774798E-01  0.5928549E-04
 0.1214864E+00  0.2178264E-03
 0.1645358E+00  0.7328954E-03
 0.5934305E-01  0.1240165E-04
 0.1281848E+00  0.2699891E-03
 0.1494390E+00  0.4987192E-03
 0.1570297E+00  0.6080327E-03
 0.7095736E-01  0.2535068E-04
 0.6455430E-01  0.1736603E-04
 0.3799819E-01  0.2084738E-05
 0.1066691E+00  0.1294658E-03
-0.1414843E+00  0.4007123E-03
-0.1707043E+00  0.8491370E-03
-0.1141265E-01  0.1696469E-07
-0.1766292E+00  0.9733070E-03
-0.1152816E+00  0.1766198E-03
 0.9549073E-01  0.8314667E-04
 0.1804909E+00  0.1061259E-02
-0.1978559E+00  0.1532485E-02
-0.6028663E-01  0.1320943E-04
-0.1911485E+00  0.1335007E-02
-0.1738315E-01  0.9130897E-07
-0.1528890E+00  0.5463930E-03
 0.4619870E-01  0.4555320E-05
 0.1020116E+00  0.1082923E-03
 0.4353907E-01  0.3593492E-05
-0.1676459E+00  0.7898991E-03
 0.1429581E+00  0.4176723E-03
 0.1653620E+00  0.7477275E-03
 0.4261375E-01  0.3297609E-05
-0.1672035E+00  0.7815942E-03
 0.1350262E+00  0.3324089E-03
-0.7005074E-01  0.2407969E-04
 0.2996467E-01  0.8061910E-06
 0.1885430E+00  0.1263693E-02
-0.1813294E+00  0.1081118E-02
-0.1279839E+00  0.2683002E-03
-0.1171391E+00  0.1882813E-03
-0.8075615E-01  0.4253069E-04
 0.9770790E-01  0.9114205E-04
 0.1671389E+00  0.7803879E-03
-0.3366116E-01  0.1283857E-05
-0.1937592E+00  0.1409450E-02
-0.3656149E-01  0.1786880E-05
-0.1013848E+00  0.1056553E-03
 0.6835286E-01  0.2182864E-04
 0.1680551E-01  0.7976392E-07
 0.9624016E-01  0.8578777E-04
-0.5188119E-01  0.7245024E-05
-0.2854910E-01  0.6643088E-06
 0.1273973E+00  0.2634149E-03
-0.1311979E+00  0.2962834E-03
-0.5386876E-01  0.8420692E-05
 0.5050907E-01  0.6508448E-05
-0.1284559E+00  0.2722805E-03
-0.1840158E+00  0.1146622E-02
-0.1847010E+00  0.1163797E-02
 0.8389292E-02  0.4953376E-08
-0.1196418E+00  0.2048953E-03
 0.1396569E+00  0.3804078E-03
 0.1041704E+00  0.1177547E-03
-0.1576002E+00  0.6169169E-03
 0.4499022E-01  0.4097061E-05
 0.1050244E+00  0.1216634E-03
-0.4661751E-02  0.4722764E-09
-0.1313165E+00  0.2973567E-03
-0.1547446E+00  0.5734063E-03
 0.1186128E+00  0.1979369E-03
 0.1487391E+00  0.4894413E-03
-0.1134874E+00  0.1658787E-03
 0.1945801E+00  0.1433487E-02
 0.2231864E-01  0.2481251E-06
-0.5885600E-02  0.1199950E-08
-0.1446153E+00  0.4373776E-03
 0.1747308E+00  0.9321334E-03
-0.1982818E+00  0.1545722E-02
 0.1135606E+00  0.1663073E-03
 0.1093099E+00  0.1427703E-03
 0.1955665E+00  0.1462778E-02
 0.1799409E+00  0.1048381E-02
-0.1945675E+00  0.1433115E-02
-0.1423028E+00  0.4100661E-03
 0.2546142E-01  0.4202718E-06
-0.3162626E-02  0.1000440E-09
 0.1669673E+00  0.7771874E-03
-0.3728767E-01  0.1933129E-05
 0.1662415E+00  0.7637615E-03
 0.1610848E+00  0.6733157E-03
 0.1439701E+00  0.4296242E-03
-0.1275290E-01  0.2645059E-07
-0.1814475E+00  0.1083938E-02
-0.3203723E-01  0.1053464E-05
 0.7144009E-01  0.2604761E-04
 0.3933659E-01  0.2394346E-05
